,0,1,2,3,4,5,6,7,8,9,10,11,12,13,14,15,16,17,18,19,20,21,22,23,24,25,26,27,28,29,30,31,32,33,34,35,36,37,38,39,40,41,42,43,44,45,46,47,48,49,50,51,52,53,54,55,56,57,58,59,60,61,62,63,64,65,66,67,68,69,70,71,72,73,74,75,76,77,78,79,80,81,82,83,84,85,86,87,88,89,90,91,92,93,94,95,96,97,98,99,100,101,102,103,104,105,106,107,108,109,110,111,112,113,114,115,116,117,118,119,120,121,122,123,124,125,126,127,128,129,130,131,132,133,134,135,136,137,138,139,140,141,142,143,144,145,146,147,148,149,150,151,152,153,154,155,156,157,158,159,160,161,162,163,164,165,166,167,168,169,170,171,172,173,174,175,176,177,178,179,180,181,182,183,184,185,186,187,188,189,190,191,192,193,194,195,196,197,198,199,200,201,202,203,204,205,206,207,208,209,210,211,212,213,214,215,216,217,218,219,220,221,222,223,224,225,226,227,228,229,230,231,232,233,234,235,236,237,238,239,240,241,242,243,244,245,246,247,248,249,250,251,252,253,254,255
0,0.15469027089544554,0.14623623594876756,0.15319549703075375,0.15046725564608543,0.14110876796212282,0.14648359841390543,0.14513093727412363,0.15043884830788626,0.15484101161125627,0.1545065872813327,0.15178994374038923,0.14134420257138847,0.15979949407339636,0.14945106011246648,0.15403414419346562,0.1522236040168688,0.15166941092657632,0.14396104815038996,0.15884450660113125,0.15892550495819907,0.1614299454461026,0.1596771968776239,0.15273620655115966,0.15113393847730378,0.1502010608351938,0.16057864909789635,0.15524477777016102,0.1585353442492506,0.15487845227065253,0.1674211034581745,0.1650358141609863,0.16696271568140447,0.17111063382385588,0.17795864896874494,0.17706042405150751,0.18023299516631855,0.18971492566837914,0.20182114697734765,0.18678461432299887,0.17982199021711429,0.18735608379689883,0.19342023205650855,0.18802928733748056,0.1739509480346759,0.17130269677206547,0.18757722212394892,0.19878253284989147,0.1885993970633307,0.20101558030552297,0.1973905740241093,0.19757443105617345,0.18660509611868856,0.1836664788396778,0.17890653313459137,0.18447686091684554,0.18549807196820162,0.19056112146569282,0.17682476924344992,0.17130869235033222,0.18461895993207247,0.17133516218077144,0.17982182459501692,0.1800075413115929,0.1718180951701712,0.17375647601623054,0.16434886152887554,0.16245070484037474,0.17087947458693592,0.18314062839020684,0.17403187529944125,0.17990196209903117,0.18994930112216438,0.1725806101174185,0.17767715844017207,0.1768700098479017,0.18087331570947168,0.17501932316325713,0.18279512110024032,0.17745428878083613,0.1706988125511311,0.17657926306310903,0.1771382296705739,0.16848669059961224,0.18026258722428584,0.1774527769539561,0.17172605770965335,0.17042778514306536,0.16750500956763087,0.1764243800455233,0.17548350493882414,0.17761363396338095,0.1818471085625689,0.19180353186720409,0.1925884332073539,0.18927501967461638,0.19227645214644506,0.20570327208784994,0.2111370260260205,0.20509926310144302,0.19758942163224844,0.19451970398560275,0.19056603590087468,0.19703849424757153,0.20924375254735655,0.1983027833753876,0.19914581534381062,0.20194330516903947,0.19348811782800043,0.2005369336547491,0.19847248620354055,0.19577293871710835,0.19218398748521043,0.2003212123954102,0.19673502734157058,0.19313207208556968,0.19415760223401957,0.20090422961536342,0.1913849134110366,0.19129375842403543,0.18304471747290282,0.19065767822341467,0.19298897521856342,0.18795327608245868,0.17939287911088136,0.1920171856268921,0.20051946628614054,0.18684845020918614,0.1937287159785862,0.19353494794639856,0.1717352710997525,0.19082523241430832,0.1859074954142004,0.19117086269713912,0.18507352635281574,0.19707987584084258,0.203602989288253,0.19752055626388607,0.19530982909862987,0.18689866531660387,0.19692770515705837,0.1945879756448549,0.18689784765323922,0.19221859566373173,0.18877774759828464,0.1869423079094671,0.19496219241917684,0.19952451038377977,0.19455002905530902,0.20604524662987364,0.1976540601879192,0.18984431654478776,0.19377274876739595,0.19534724468093925,0.1976838861431793,0.20908558872666244,0.20873294471793177,0.22658888377751585,0.21027192954835153,0.21722464692643476,0.21037731112314617,0.21532358404347354,0.1971984513533304,0.21014230905554987,0.20721452755922198,0.19638238495999102,0.21320544900926153,0.2172053409045787,0.21361920771834791,0.2103621011468628,0.2058323820198639,0.2079856156214387,0.20871958376036576,0.20357233590031784,0.204016367166856,0.20123449583708486,0.20857617556104002,0.20834913416375817,0.2005700995229072,0.20804285259279057,0.20415377741778307,0.2103784737143437,0.2059185161295751,0.21030805165884137,0.19700416591822156,0.2136540354064798,0.1965212916938175,0.18837675004726218,0.2009400287216421,0.19326219153509785,0.19309907793936668,0.19817609202573017,0.20513341023368803,0.19907939442331912,0.18705227731766177,0.18597861107892733,0.18525878011546257,0.19935372636266177,0.19057481199322002,0.17726887967420074,0.18074670962789086,0.18383948722993665,0.16787019696718616,0.1740637757896659,0.17260501106883355,0.16481806077901118,0.1719518291414803,0.17123218558823405,0.1767443745946409,0.17697568419345552,0.18421411330673437,0.18498030875417856,0.1966723422491283,0.20481365130347012,0.20282855189556145,0.21179182857695705,0.18654684140394379,0.20836194365851107,0.19994297187250204,0.19758804308869332,0.19282200747503497,0.18669603731361864,0.1791097385750861,0.1917752687367509,0.2036142645580994,0.20413326409419846,0.1988711339213574,0.1984471563217759,0.19241822318560198,0.19108007364734575,0.1878908365314039,0.1906605756819142,0.18507442126481943,0.1953994738660239,0.19465403021554809,0.2040393681599758,0.20927001237923212,0.21933876812130657,0.20297434097710582,0.19734553281703732,0.1978173501495159,0.18460280680589689,0.19671338876267824,0.19841600449809793,0.21729458309919802,0.19625506321819397,0.20951658175602353,0.21988185896489412,0.21714368316249424,0.2209493864926375,0.20982150606501543,0.21044799865738614,0.22109875648285335,0.215576839207777,0.22921830672627055,0.22261150204193625,0.22748187540321912
1,0.1634916587093849,0.15495478793092957,0.1549558583243809,0.1505528565100114,0.14674861124679167,0.1480249762250246,0.1473896542235913,0.14755094659231746,0.14793161549075404,0.15234422646612164,0.14843249925088473,0.15523762864855567,0.16288008976456028,0.15303719607059346,0.16226699739243075,0.14641986429352774,0.1485508017172775,0.15224428538192802,0.15446141178724157,0.15316551658297106,0.14813067437641028,0.16347039047259798,0.15981984311081096,0.16090980183792436,0.1659959529920426,0.15819363301205908,0.16151464232629947,0.15965704981448506,0.1577070107492393,0.15667005648349833,0.15854081996061795,0.15800397030802152,0.1666688350956307,0.173073350022447,0.16936934188422192,0.17515982394245527,0.1866976708781126,0.17736364280145345,0.1932491533975275,0.19361343942271528,0.1900839289206573,0.1917389743880954,0.19438945403476013,0.18628560645842748,0.18150659096776262,0.1749339086728969,0.193990963470128,0.2115125786667326,0.19778013545787168,0.20558565124527894,0.1966620853552988,0.18694979789945235,0.18198709812142835,0.1809608801958557,0.17957798742283204,0.18240737772345347,0.1841468524377248,0.1868435886230798,0.18259996922363655,0.17471098008270855,0.1781810032886498,0.17653637315661666,0.1693476209833217,0.17489923101236543,0.18161072828185976,0.17077586745158854,0.16744543035976686,0.17270781907003602,0.17819942567474148,0.18147403680001978,0.1753160188694272,0.1880717648666707,0.18711680787324267,0.18449436242218764,0.18083213090284167,0.18885839737251164,0.17038552626691078,0.16922347148038078,0.1746397093851814,0.17359959194117075,0.1805484232349935,0.18981992610743056,0.16837712896616164,0.17216255530291402,0.18294923591440754,0.17771545589726548,0.17613043187640123,0.17515046715910862,0.16754794287090347,0.16966825763984494,0.17725079836948915,0.1716862046176506,0.18578647723859373,0.18626017214420365,0.2023634570436483,0.19678113899725072,0.19810812609264306,0.2075323003740752,0.21281209152413458,0.20613502961156124,0.19246435119029726,0.19624260037787544,0.20041851965897026,0.20581546282256236,0.21050508926700676,0.21318065880432277,0.20519907560294903,0.19530058762263075,0.2071478833457719,0.2029415719402679,0.1997526446868244,0.20787860798514846,0.18203973725467754,0.19723425772472275,0.1995420741034449,0.20594729873672693,0.20539307646375915,0.1901048076141132,0.211101004571345,0.1802712208859138,0.18120004450125726,0.1864546848958017,0.2017200652650881,0.193798182596257,0.19390580015961179,0.1937642269503531,0.18349498530087358,0.1957997712105311,0.18969553119645738,0.18796093641644585,0.18520196915714687,0.1886794493012002,0.19511586338184256,0.20279359304280117,0.20311930880180198,0.19837881878671235,0.20479285476142936,0.20868464745700124,0.20271510001726945,0.20068158848250298,0.20128378479411502,0.20262214566496192,0.18919785136218695,0.17947216425445434,0.1891935385342374,0.19535360050995862,0.20094390140323865,0.2003341464490607,0.1975671386317641,0.20793978950256328,0.20093462467421927,0.20455966321465077,0.1983869131662891,0.20431784532333602,0.21531485812488954,0.2179152380493003,0.23272706901278584,0.2223005821449638,0.21581135921173067,0.2082370487094812,0.20998423964026094,0.19602083732470652,0.2140751219036571,0.20480360645147225,0.2048299693432536,0.20650325424052157,0.2233994502231168,0.2169766501764814,0.20917558873370634,0.20238608994171145,0.19807388505949342,0.20243724579441671,0.19873201225588616,0.2022603106804754,0.21749400972151336,0.21582467718634682,0.21279356965170393,0.20770516678811937,0.19605717925666738,0.20314200284886239,0.2139612862321619,0.20861450418083252,0.21011110172265146,0.20513907835758544,0.2091263222945925,0.20502385728313705,0.20339251663355562,0.19561660622019975,0.20073352447527082,0.19275346774539565,0.19675270869255135,0.19731165529717504,0.19000769958370195,0.2013273698824639,0.19145975551318622,0.20264229716584528,0.19161270417762602,0.18794777987699296,0.1859427715496139,0.17502996260438117,0.1739416558277241,0.17742744555478457,0.17559017028215748,0.15973599818807369,0.16906199907941025,0.16685337665128813,0.16904276975891622,0.17087801877437314,0.17945216407232345,0.18719627392004023,0.17674872921618026,0.19645979204265668,0.2046886680651176,0.20825886635270216,0.19799118730086127,0.21008560707852247,0.19129195250491812,0.19503584667940682,0.18799166744795465,0.18376851250730175,0.18505141061682748,0.19674039998474507,0.19254635428083036,0.196753293114831,0.1977848398535813,0.20471242362253048,0.2064301841562081,0.2116302768133905,0.1947559792821682,0.1904902272915615,0.18727939598465349,0.19860405890481492,0.18537843011617552,0.18758249153064993,0.19667334306079037,0.20571752942548216,0.2021670574672384,0.202866922038947,0.19581498784194382,0.20136670792821088,0.1919588325552761,0.19188980432796354,0.19494338370261746,0.20837508980149566,0.1979661239695829,0.19930208816708825,0.20773726043421986,0.2195356729466441,0.21745329861702306,0.2205161492336684,0.21394231950624593,0.21041931380655624,0.2130386493287834,0.22000583533254325,0.21536221039574704,0.21856856452659576
2,0.15713104543764572,0.15662244522934832,0.16089494513252967,0.15238878274476048,0.1593857535310035,0.16084975361545456,0.1445852532429644,0.14184988890559508,0.15135647335437888,0.14673273075137297,0.14928184707759865,0.1506672980357035,0.14965595408766946,0.15146455038193055,0.1518619597267164,0.14835015349189407,0.15183084183278678,0.15605690876739411,0.15496121040254923,0.15483994201113524,0.16081446120347767,0.15589672792750814,0.16214169173656212,0.15587806283990507,0.1596509841346537,0.16517267411883446,0.15789049998477397,0.15978926533704493,0.15389871725346255,0.15220257500145054,0.1503176577611338,0.1598535553549346,0.16564597976489737,0.17067865035179827,0.17191421955183916,0.16849165649605144,0.17608440736343597,0.17901544399989,0.18617510180582078,0.1876295772259373,0.19006248359384612,0.17389291992460315,0.17611688685000793,0.17633588426307234,0.17567889859357252,0.180404555514089,0.1858225005789055,0.19790229017487118,0.1986239937318981,0.19710691469342057,0.18953390039877777,0.18845275899031702,0.18259643746126805,0.17730357808745414,0.1711885841397868,0.17579628777536396,0.17755189015147937,0.19055848878469325,0.18246980166686944,0.18259778288649656,0.17838379540195193,0.18134533997107902,0.17510143288335606,0.17118964841905632,0.17382150265509966,0.17109664750928505,0.1746093517532654,0.18029587890781693,0.1772834521806077,0.1877779528140718,0.18230568002295583,0.17543558928936154,0.1842581897038514,0.1921993877976828,0.18253094406012965,0.18341223370491785,0.18299570637235618,0.16279535158441882,0.17160344412442613,0.16654787658826176,0.17270666581798247,0.17252268161319104,0.182646813580492,0.17245321689932921,0.1781909322667943,0.18006773425866496,0.17998317137971956,0.17481278831950378,0.18303932265912023,0.16282020604645847,0.16687208795293532,0.17655080414216842,0.1891453199715397,0.18408482966650938,0.19888098397519266,0.19338563017153498,0.20161934058132047,0.19263619882997474,0.2162444151759346,0.2094344400744267,0.20162673615076618,0.20095724583836863,0.20372130522467127,0.20597044154252125,0.22275466092789947,0.21286325554747826,0.20544851192963992,0.19776767139958726,0.21068033487781324,0.2038878611484807,0.20777026801386594,0.2089067631199117,0.19170392286519364,0.18917119181852568,0.18988794740052517,0.1891786404304701,0.21133956053255537,0.1999057039005387,0.19122360439519895,0.19204685523837076,0.1950062181940551,0.18440789056902915,0.19314732600186332,0.1986353225809538,0.1971514247830208,0.19012726461747795,0.19763303497974768,0.19311246167761595,0.19184288638029406,0.180031168374885,0.19290580641834368,0.19844607337346135,0.195860455417992,0.18975227871708467,0.1912138738222594,0.2012883593250242,0.19728496085585018,0.2034065669761365,0.20409419388965674,0.2057706360443953,0.19252946322044537,0.19908375978815268,0.20316083540711272,0.1954313355758872,0.18697967475309454,0.18738667278949497,0.1925756622346535,0.19786993449596857,0.1948979180965152,0.18877831267900613,0.20298466067391066,0.19831642732264554,0.19830965089415586,0.20022310407815488,0.21323137135576342,0.23189901288583042,0.22868501099483363,0.22713841976037566,0.22196949807450908,0.22479285337197785,0.22358867381475714,0.2010284851304834,0.21049738258458203,0.21790133950845153,0.2150257147774396,0.20497481353117897,0.2125914039424949,0.22949931837614684,0.2176304199031325,0.21176612999532696,0.21077728203450383,0.2079880580491279,0.20920068392221036,0.2053013002836308,0.20873808747271033,0.21712668410644484,0.2154982263166773,0.2162611459743363,0.22213884016913235,0.21534113610977904,0.20449909952031967,0.20302279388700206,0.21126599528816792,0.20137273565016486,0.21742846508084565,0.21145438710064504,0.21688094654950904,0.20409575881000355,0.20054316742191597,0.1937363886524014,0.1991841827234504,0.1870312601537671,0.19618046970111686,0.1802181387139305,0.18862879917399256,0.18763882296137377,0.2002642414657256,0.18919885334639022,0.20020217898661086,0.1897597502093143,0.1816056266288176,0.1727170453636995,0.16707762763032785,0.1655934673874768,0.16801377893501293,0.17266328527432362,0.16760806026463557,0.16701035531872488,0.16620347506949246,0.1691759017265408,0.18174882004462214,0.18400799789515543,0.18669070683416286,0.2073398595439382,0.20089832693776224,0.20176499454285865,0.19980289704741647,0.19144022674882663,0.19159254219022742,0.18343964446862918,0.18676410027733284,0.19057090658221834,0.19889373802396085,0.20205583193691848,0.19702680733628344,0.1899588361240299,0.2006577185170313,0.20361992821404412,0.2013752395261713,0.19029040918954887,0.19856377004696943,0.19593419187206307,0.19537595775813232,0.2012546761573008,0.19091594433983608,0.20403548750013772,0.2058719603634943,0.20413953444687277,0.2109071970665147,0.20135767132001384,0.19695671856435945,0.20610161742110422,0.2076929715462203,0.20132074089197072,0.1873662651920149,0.19921522304569128,0.20951103388726114,0.20916412590649944,0.21074243803222775,0.21537609575818048,0.23772305347893477,0.21582676440611379,0.22169729797089338,0.21230264259793524,0.22573567505724085,0.21669640179625638
3,0.1579301325960608,0.1612666260779768,0.15488487157835829,0.15526908724640098,0.15979419565340325,0.1573120534156559,0.15613238721993242,0.14595601586621496,0.13763186662114207,0.14590527718929897,0.14668949045520574,0.15392210711358706,0.14641447008574385,0.1494455542333588,0.14906201923285242,0.14571524807217517,0.1510563546756432,0.14619718148499455,0.15070546453917913,0.1494889185228819,0.15407777560885486,0.151773168222893,0.16772310741376054,0.15344650461150458,0.14973936945378785,0.16226658639602504,0.1565766510889592,0.16112576784605454,0.15395400810637563,0.14697856401697001,0.15887654979486923,0.16166447639881115,0.1541899259969772,0.16002487624243308,0.16675896846092816,0.17579434481372533,0.1766791088262988,0.18543298952351625,0.19555493489736592,0.1881935349748579,0.185467748565192,0.18075103800037978,0.18234942575704102,0.1832297124307378,0.18220252868320627,0.17144960938676077,0.1743452019829843,0.18285060431295394,0.19051343170052315,0.19877828073512607,0.19604375845424024,0.18651505815357933,0.18067289354297306,0.17955160846899834,0.18980244385124226,0.18509590045114457,0.18801253278609256,0.17842331333868702,0.18662692484025095,0.1789633909248265,0.17046365651485434,0.17516188088857024,0.17452144492184,0.17438189788649974,0.1659387445473119,0.16535289387756158,0.17050039913629586,0.17600268774684244,0.17117908475496607,0.17768534096410796,0.18423714710551378,0.18577330179927043,0.1879353166364653,0.18771003903052907,0.18331174853963628,0.18062218846606906,0.1783253971850204,0.16620336026023888,0.1671198356977335,0.1656332028899014,0.16690233015923558,0.17214277513451928,0.18977989411893806,0.17388343062661585,0.1689853672914509,0.1778158212835202,0.17425116886592631,0.1785119524285805,0.18053304195021957,0.1739960543322224,0.17193290455120933,0.17948724851076447,0.19007298712506177,0.20222404353602083,0.2093380141550843,0.19504472981530108,0.19203646372020808,0.18933918352253457,0.20599913654150506,0.2067140995573983,0.2046455474613075,0.1997671570163418,0.20302592133395106,0.22024304356793717,0.216618527839061,0.20896372431498486,0.19759165553017907,0.2057982606949996,0.20532862553258763,0.19254396018214304,0.19608216344608267,0.20675289530704138,0.19526620237989925,0.20553732498576038,0.1884810532532379,0.19846433806458114,0.2010656536182877,0.19209585771726265,0.2024706700016152,0.20218291325239052,0.18750407041146178,0.2041281971882904,0.1949844150789786,0.2039950738286095,0.2020170849178518,0.2032067780809635,0.19412577385780502,0.1932144931390635,0.19776524425564662,0.1918013678240412,0.17631834470948157,0.2040370801591076,0.18851673090867319,0.20065037697125732,0.20160545547093145,0.20974813116629876,0.21015285769825093,0.2156091065834771,0.20127043721306964,0.20155812051388816,0.20684060528822018,0.20842451520396246,0.19478714851002152,0.20182939110758993,0.20017815401760863,0.19349876611724812,0.19727736114192188,0.19278289600425239,0.18802950381432218,0.20499610057140152,0.2004387381480156,0.21001770096136824,0.20929458878478682,0.21289080295948984,0.2047153461235962,0.21012368086514502,0.23601977934181168,0.24424905943850078,0.2223774265111901,0.22004418694416863,0.2168541311343789,0.22588812471822253,0.21775588452854652,0.2234580476389666,0.22008391349426135,0.21595123894303364,0.220885089247719,0.21588561243116464,0.2235476969471061,0.21350954743681566,0.21051706184271624,0.2018110397800127,0.2015292181441199,0.20214206129464748,0.2082312470396601,0.21410815050566562,0.23196742417429098,0.22236611064997294,0.2199130996898332,0.22784006717417968,0.2332385860734071,0.208556917847978,0.2050400032216723,0.2052253476359264,0.2041737944669529,0.21175842590482924,0.22030329865672005,0.2104014362070089,0.2027862807453999,0.1983727299479582,0.20460507419978688,0.19214204116895503,0.18232016281296973,0.186501444553104,0.1846506326630502,0.18305087112649016,0.18930858093130395,0.1911117106936086,0.20687813861904625,0.2085553331278335,0.18603394682935714,0.1774933555846735,0.17077264302910264,0.16775446951977702,0.1728909258491422,0.1634728371200548,0.15620250704173044,0.16029833078792102,0.16404787155905284,0.1657952943051161,0.17202877627447702,0.17857777189739646,0.17945980850688156,0.1984904562486792,0.20841774850974604,0.19286445750311437,0.19424779606642298,0.19403974713552155,0.20008792941378187,0.19679549389726,0.1918819838732568,0.18300817914769482,0.1927688693054499,0.1992154767124844,0.19690167472654602,0.19746720995567327,0.20472100269579574,0.21167949950559253,0.2045492069260107,0.1897181582731417,0.18906084734030007,0.18625069413966278,0.19711836126006033,0.2001237904244205,0.20108505302962906,0.19866999918590939,0.2011922835764349,0.2038153786092781,0.20810053656739966,0.20344609579532938,0.2024411286860949,0.21612559405005732,0.20365200960937538,0.20022466236810213,0.19742327408058158,0.20034710901679273,0.20407976711114625,0.206165551444578,0.2136103049409696,0.22313310043432333,0.22335449651493008,0.21599738831186865,0.21927620182508104,0.2180952967150745,0.2146987421234092,0.21401652100248914
4,0.1590814350362138,0.16103612069453047,0.16223490544270053,0.15627373785169382,0.16313873860406392,0.15811460957281107,0.15840066481078513,0.14796465981871781,0.14953263970655675,0.15063087539004044,0.1396169029352306,0.15405187905055806,0.13987174723882537,0.1444677802845578,0.14454697252889248,0.14871302233541245,0.14746637343546695,0.14845847668676507,0.15060798566242511,0.14708317629931622,0.1358047623856413,0.14087307676625302,0.1497952354703469,0.1517225034391852,0.1582333417137595,0.15405471681717675,0.16259747609030897,0.15750632554751157,0.150419797610499,0.14839559176644676,0.15070685259419572,0.1633161374575548,0.15671190862444326,0.1646071516571607,0.165743459704052,0.16842331068591934,0.17703975503565839,0.1900058183047599,0.19005605046761148,0.19384004412920364,0.18865416597699114,0.20041336498588802,0.18326536661859005,0.1839720297841705,0.1874809303568983,0.1822070597372707,0.1842018976540449,0.18960849890037523,0.19208634813589753,0.1997424621695034,0.201171493436278,0.19725132082797936,0.1925562856747261,0.18379754238491233,0.17998627960581365,0.17776440354994447,0.17353057266837757,0.18106061867527223,0.17505241233500166,0.1777866308887081,0.17420736026051487,0.1786041311546494,0.17034516058305588,0.1758007809564028,0.18147052681490447,0.1711779417109969,0.17491360872022474,0.17163233067044933,0.18223139510328398,0.17379801022516408,0.17332567492346754,0.18055615594338786,0.18563386200038814,0.19329579215508177,0.19760433599555338,0.1826265016702058,0.18661102571565044,0.1705373852833747,0.16894599463637766,0.16073187094719482,0.16392515387239961,0.17499760297904918,0.17933452218549067,0.1862339265438657,0.16890869245351514,0.17567161746342735,0.18055091762087147,0.16713869233595796,0.17458748144579803,0.16820685856477763,0.18103285476588724,0.18124377532644195,0.1777181157494072,0.19899029231806756,0.20440099238211257,0.1982273522149154,0.19237950369615717,0.1968780050301625,0.18521348348398595,0.18951880093976334,0.19295853803169544,0.20623867032143794,0.20969264606686602,0.2022426233484175,0.21370323673047267,0.20745609557391323,0.20084809180914462,0.19336746332063035,0.1962000754252901,0.19391629283170736,0.19986704336889521,0.19731627585560585,0.20163831055250336,0.20557012501824065,0.20550623368380014,0.20521816501946258,0.20132263685367827,0.20197938244301758,0.20196142670643694,0.21012914818877668,0.19872087922375,0.21601618904949538,0.20244605582392228,0.20059499830852098,0.20578015973320363,0.21616904304983084,0.19772553986416064,0.1969927577343279,0.19402214428866454,0.18880517769875457,0.1815960509621197,0.1796057763424277,0.19510982078209707,0.1998727799797725,0.19843463195148536,0.19524430276169305,0.20439219140391215,0.20446552877610458,0.20567802812990463,0.20101501099409036,0.19438206880377817,0.19121418202285864,0.2034200468503112,0.20984431112860413,0.20508004308087513,0.18620138199054567,0.1879270515403955,0.2028848181322703,0.21099506615246105,0.20304880598792396,0.2067399943173073,0.2090669579309475,0.20872491842862329,0.2133335203577397,0.2248883717221287,0.2189724613172441,0.2316838705634094,0.22916690529092684,0.23122628412618423,0.2305796629403569,0.23061640617478088,0.23645184113302645,0.2230145508328666,0.2456151209375239,0.2315140753834923,0.21265896702831055,0.21626323741515122,0.20875990954256968,0.21965515499673588,0.22328749422341856,0.1984596175067204,0.2152586439235936,0.21013248671298274,0.2018017137255739,0.2141032205400677,0.22670244288859037,0.22284823564566253,0.22409444959640062,0.23693417108804218,0.23221485579525994,0.23508780445040123,0.2228037519729378,0.20959634257321327,0.20292884335336472,0.20115513799781393,0.22207731601274336,0.2091309931989318,0.20928880584147933,0.20075542499116444,0.19643865866845503,0.19966378926721934,0.19189842045215327,0.18378704708944305,0.1826132980374362,0.18180390195314555,0.17778159572320484,0.19049141156912863,0.18728452765322945,0.18780316195196137,0.19067523925322727,0.19350500388102965,0.18500424773212087,0.18489101218500031,0.1801864379777531,0.17494107866357514,0.1717040345699281,0.16760593765306048,0.16505952842653693,0.15483316804861053,0.16850814587386548,0.17468748810737636,0.18083300530583055,0.18031925317660677,0.18315311104326235,0.19925991191614859,0.1996781080124047,0.18581342991135946,0.19952079288452795,0.20390556559874862,0.19783372118355866,0.18820458525578831,0.19171032348367162,0.1848651723444087,0.18812910959181464,0.20613161220707568,0.19887827756590862,0.20128818783617428,0.18761579587722643,0.19323224517770374,0.19297724411373499,0.19609725301852482,0.1920848001090691,0.19745692070097728,0.19350188497400367,0.2044225022498014,0.1963220091705622,0.1970809967131951,0.2091123583574026,0.21116678117377707,0.20549208562268664,0.21637351486383108,0.19021186334181342,0.1992895685772375,0.20443469374867426,0.21158603489625305,0.20234847701371908,0.1922517492380479,0.20558844419714012,0.20247823200327936,0.21489801304147804,0.21282757665469573,0.2190052873748784,0.22025313565329663,0.23295304949690832,0.22288041103271292,0.2187196488634742
5,0.16462299553811655,0.16142098757557,0.17600957732149142,0.16224125608146647,0.1549644217381814,0.16028013516373857,0.15638748664047367,0.15764892004067843,0.14387290078585516,0.15245125363487885,0.14912965048350682,0.15246178495813448,0.1477086741904335,0.15396003459179425,0.14681519287611278,0.14404958120666922,0.14339466707958123,0.15363352669357624,0.1499550168623152,0.14561060287706634,0.14089448696134546,0.13718101125002707,0.14111819081014695,0.15428403909490881,0.14966456922485463,0.15411112827399226,0.16223632497567522,0.1546920518432565,0.14817570423898727,0.14632380971814657,0.15874282325366204,0.15570049741246492,0.16930208242968076,0.16616586014819615,0.16998218206983148,0.1731378419427294,0.16039572909013286,0.18639252859602912,0.2072872070614564,0.19177147119602597,0.18610523942276452,0.17818916798645584,0.18305192485504082,0.1800089920068229,0.18478461099054255,0.19593556790010055,0.19171027934074342,0.1849065518840329,0.19194804802050316,0.18512859280592028,0.18487755969210315,0.19025404539614296,0.19035763478389964,0.17873726163889042,0.18366301102930682,0.1859520626162012,0.1936421072191543,0.1795435053678501,0.1774535941560756,0.18110089641730154,0.1856266384427353,0.18198022598240365,0.17133954133980678,0.17772061195455063,0.17353141176511683,0.16693849734884378,0.1732850515984327,0.16977224827242396,0.17975910619456265,0.1697012338647181,0.16566665369175843,0.174042895536393,0.18110519157054614,0.19241255210972066,0.180391180231683,0.18903525174615976,0.17465539287823365,0.16397422992718724,0.17485344770058092,0.15922956182691228,0.163836212663824,0.17659024130139217,0.18256906861893651,0.17083360278077442,0.17276732141540208,0.18055944036597396,0.17547251469587985,0.17980613259323386,0.16967333649866917,0.16743660132918572,0.17892610171172796,0.17941316186524187,0.18439498272906013,0.20114409153392626,0.19792070533774295,0.1895662417266485,0.20155679317874903,0.20022110782502506,0.20720708447921923,0.20355246687009193,0.20194736923690276,0.2011176704827198,0.20688333094845174,0.21180597144165816,0.20069446724465104,0.2058302492713281,0.20857348609778112,0.19390798794651776,0.19962869879901957,0.19524717101780326,0.20095822218238507,0.20433181844009762,0.20310345440779096,0.1906753270624402,0.19788603649195258,0.21002447124127663,0.21298146008677218,0.1947071500472492,0.20440979373927673,0.20874001003039824,0.20957211677998666,0.20403411096420035,0.19892701689024758,0.20496476077516343,0.20448648041738884,0.21027100962924394,0.22531001682384938,0.20109700844382025,0.20382415475034166,0.20217048828185416,0.191572911659111,0.19097916931635586,0.19790380761794327,0.202189477520355,0.19784669051863718,0.19877214302050583,0.1942076799038621,0.20635623713507115,0.20918387318474582,0.20787171542157004,0.2019584179629416,0.19686947357529147,0.2042303586432806,0.19427740773490323,0.2056808223367376,0.2130570944168774,0.19994250181924828,0.20710505536232574,0.21190851106188685,0.20889444922751987,0.21128997902544688,0.20401418746868763,0.2091189549977369,0.22205052278868143,0.21533826024950115,0.2217961483286109,0.21774385122615494,0.22151207227872133,0.2449958342691304,0.23206401403015098,0.24050150587068367,0.2420944313913012,0.24912470646802748,0.2292304463248115,0.22129596739949908,0.21352080592097455,0.20712322517352055,0.2009177934783683,0.21044073016654088,0.21851839399555165,0.22035479228361443,0.21072865731476256,0.2099780991964779,0.20933574867996627,0.2048710531705048,0.21930064044913522,0.22999585012505994,0.22837833374191238,0.21837026443100777,0.23702709836033797,0.2276939021661167,0.22547759817733629,0.2128949206725019,0.20305961573465023,0.22359474891426645,0.2160038539894026,0.2101791832261464,0.20198698190682357,0.19962494017769025,0.19809627538905789,0.19594418521346185,0.20422659661569548,0.1960906652975588,0.1900113746939749,0.18147704541272475,0.18869248326599167,0.18028608171418084,0.1867943345526984,0.19408898997463458,0.19831474689291184,0.19008738665903316,0.18753701537848824,0.19242345135674915,0.17870199461911657,0.18006964152665667,0.1781333354876023,0.17338451182235212,0.16739805206527986,0.1619085934683228,0.16481418984684842,0.17043296522489004,0.16954535656215855,0.1756545888873205,0.17957207456174362,0.18652347589266044,0.20666289079722744,0.19798725755464436,0.21122742269589576,0.202630459840861,0.2025658449976543,0.20227310911429788,0.19134014555485393,0.1881878150842912,0.19353601746300045,0.19429230473677428,0.2066880652657734,0.2160375781215966,0.20264872703146145,0.19567628747832674,0.1932499098524617,0.1957188476211617,0.19606079531110399,0.2069920663427802,0.2082421792463917,0.22196111613279043,0.2043007213251769,0.1953288215920797,0.20340208012792463,0.21215418344882336,0.19250135907094873,0.20293065166121935,0.2010062262139482,0.20804682863266438,0.19750784479244707,0.19172153611661644,0.1955910688531948,0.18622475003344563,0.19290123139764354,0.19956308909979759,0.20193764165023265,0.21247781907275248,0.218399228559966,0.22017585931092912,0.2131315777944919,0.2208151668940593,0.22570106065642245
6,0.16400451340560632,0.1565953998266323,0.1666428943183451,0.16529221519985393,0.15914782218016094,0.1553263010306338,0.14987079118332639,0.15459341822496928,0.1586848625466922,0.14764780672430358,0.14972592333957527,0.15463293533431388,0.15501402748482293,0.14771479632954668,0.14989805579274768,0.14504908716197185,0.1468510310238167,0.15306221717861795,0.1491207227742847,0.14921792621364918,0.14698499433998888,0.14629719522004717,0.14335736177128522,0.15593011529197742,0.1596820134316317,0.1496442382969331,0.15677290287452283,0.15850515822275504,0.15137912827504807,0.14615510860871797,0.14905240915911222,0.1547337318760277,0.15735878730227615,0.17051523974753868,0.1583922762196959,0.17424109833053078,0.17052022616873133,0.18072169865928697,0.18579819903169806,0.20798786648513531,0.19462270303464974,0.19648551974676157,0.18420427285640278,0.17378248375209188,0.1835985301450366,0.19285468784042079,0.19595462124220372,0.2000960382409985,0.1981052523003341,0.19203544670821415,0.20341692269987877,0.18696744791310183,0.18400939609090824,0.18020826275566912,0.18240830174451322,0.18786937907862633,0.19629798880242993,0.1890801769221417,0.18660604140413056,0.17454869251104047,0.17757674865429696,0.17543231728135597,0.1724723178998003,0.17277957444281952,0.18042129678348462,0.16834472014257354,0.17167572890173133,0.16943112714276787,0.17087388748193783,0.1712608124677329,0.1657087342461013,0.1741004124590394,0.18280223447096666,0.18023598320410442,0.17030656910716238,0.18044090639940563,0.17613039132087524,0.1676095654054957,0.16804039742574758,0.1708417455042062,0.16442168705988008,0.16067303600712032,0.17252701167241738,0.17465768519902977,0.1813966657351187,0.18150161761688904,0.17676655579482164,0.1729143354826772,0.1727408689786642,0.1613064004389282,0.16926458470106345,0.1765673910698804,0.1763762481028919,0.19177699090209602,0.18851816336430288,0.19247760229626829,0.19087330788133303,0.19656008442185724,0.20290840638947452,0.1939913208150177,0.2023924697355062,0.2016639409544321,0.19779942737955936,0.20517228726322675,0.21182206619512362,0.21954613703707546,0.20930220323717894,0.20681388837374262,0.2009595918483365,0.19280646848339028,0.20414750192695144,0.20542292083257335,0.21520898538766584,0.20720245654504632,0.19244020018343844,0.20332589375746102,0.2097454265913832,0.22526815391770005,0.20918652235169508,0.1967831417329443,0.20969795732089905,0.20149666385550027,0.20119364557236277,0.20185302862625498,0.2028030443210016,0.2106597672433392,0.21874251443398365,0.221563185224493,0.2175618284049871,0.19898665430620258,0.19791400167377504,0.18918696057184778,0.19943039204455118,0.19636949352742827,0.2024007605057843,0.20229047305853684,0.19469024874808807,0.20064359933203196,0.21405437071710479,0.19848214741419679,0.20770114945287596,0.20660146654437245,0.19967044139754073,0.20452532902770262,0.21223729409426706,0.21182318799625768,0.20583607883634256,0.21019767113756996,0.22096989026091277,0.21657738218333822,0.23134903909308113,0.2317489099064386,0.21581046475035082,0.22525446067783947,0.22584064214823651,0.22528802096898212,0.2128026343878468,0.21643320966474416,0.2246190571812365,0.2285626696310014,0.2263347823687323,0.22254918080492292,0.22643241577006556,0.23752257892003706,0.22639394120216674,0.21827877107038532,0.21628051747385799,0.2111016850816786,0.211009447331724,0.20980754401846835,0.21578760755076093,0.22066212694836537,0.21958688602541418,0.20930152852768008,0.2118874332154709,0.21363140660144883,0.21972152265977588,0.22700493568431962,0.22159456278349107,0.22885831707401288,0.22356885366332307,0.20556610164461725,0.22084745555721796,0.19703363973984794,0.21078999813290855,0.21178475749874462,0.21007854459342368,0.20799892959483113,0.1989843588190864,0.20223294673186482,0.18808791837167807,0.19169372645922214,0.19436814952516812,0.18923645337151504,0.18620404022558423,0.18758400327301195,0.187220499674135,0.1742974767458822,0.18535004679023726,0.18487198315450856,0.18461347621235646,0.1834265509888266,0.19332873088194535,0.1897339726199763,0.1936194579704199,0.18107783777298497,0.17975790585771934,0.1747182616273028,0.17660849921635074,0.1692759656700592,0.16777223883209036,0.17236814188828486,0.17543114583653519,0.1808881012188771,0.1832146511482238,0.19236860693841162,0.20295003941602824,0.1841291719112117,0.18775145011449754,0.20107945062078367,0.2036554890706235,0.19953138315449018,0.19759245173208415,0.18766470480216857,0.20633129312102674,0.1952308926499372,0.1971697700765218,0.2022590252930092,0.19741132797745195,0.19240949511471334,0.21062925905038285,0.1961592353885861,0.20671105332829726,0.20724764296336776,0.2035186719440963,0.2119723916913473,0.1956034452771337,0.20188325577812974,0.20822405511138112,0.21135338120037545,0.20687656665510903,0.20097775931425357,0.2067026288346896,0.20783826101620562,0.202495832700007,0.19223368890511902,0.20099564148043772,0.20364164660664852,0.19520294701306884,0.19794639190584254,0.20479445804781862,0.20730262430955085,0.2110042000311236,0.21739277184110306,0.21797224639273277,0.20859404216162605
7,0.1642599930061739,0.17065660435701768,0.1625921972132057,0.15842510367350485,0.15924701482904022,0.1543352038833572,0.1523010859534758,0.14931141114206764,0.15273726161914078,0.15551847895660487,0.15525514458129958,0.15542898108580144,0.1561223213174166,0.15991761348248618,0.15692711839402929,0.15157654373072377,0.14765630625990692,0.1549861892116639,0.15161459145518136,0.14782435747656958,0.14827673006456585,0.15287589056645637,0.14918116693608988,0.1412950670987212,0.1518651068350874,0.15622085126658172,0.14193875776369408,0.14622041090037152,0.14837270006928957,0.1531602265247989,0.14321285412825133,0.1446348668107864,0.14668037108276488,0.16066867049904396,0.1589562834500238,0.17928501835291946,0.17634733463509394,0.18002677433541228,0.19063081297806245,0.19359997638595108,0.19585595012601353,0.1922436484377043,0.18900900680211402,0.1837543800866539,0.18310040292603108,0.18660092832634048,0.1932854220690404,0.20577039914233214,0.20322839157278857,0.20102597167959765,0.2080615837580808,0.195362421645746,0.18261880644333095,0.17959585123467373,0.19124782290285888,0.1868391143547288,0.1818073765236697,0.18739594970494952,0.19414374373221788,0.179899600948942,0.1803202496603786,0.17137982696258186,0.16655539317476967,0.160797169637764,0.1758531693964304,0.17381902119224713,0.17634920249680805,0.18215013606781513,0.18037838741121004,0.17237346032734158,0.17375631598067562,0.17223598774548907,0.1788107397971647,0.17399208803429222,0.17568464280918586,0.16960861196206956,0.18000070247726585,0.17090135261527653,0.16207595900233232,0.16042110371183071,0.168360613642549,0.17652243109945923,0.17169992284239557,0.17016486754017246,0.17192498693066038,0.16702293075878313,0.17954619258025306,0.18248534796217228,0.17612199652802044,0.178089042941559,0.1645191662781281,0.16997263221620448,0.17723394319353647,0.18449805834073407,0.1906745367809797,0.1994192524907145,0.19541541982021132,0.2040848704087334,0.2061334158301607,0.19777900605522925,0.19554086409492366,0.20377445956097093,0.1940250928775506,0.19542192185952115,0.21690436905673616,0.22066563282015192,0.21470912397899589,0.21690097288610993,0.20024100209118398,0.19404086412130953,0.19805963301053792,0.19261393334259302,0.2169755010829636,0.21222947512742568,0.2051198073753107,0.1955156337419932,0.21167657506543353,0.21577488807083997,0.21781736502423057,0.20639068858828133,0.20718976603943712,0.20652745816678994,0.20583802206137072,0.20523215245183707,0.20797412222914174,0.20020004464876795,0.21625561869240253,0.21044470357709566,0.21322219016427763,0.2182585672666072,0.20162147612279535,0.1928696533889536,0.1933103023079835,0.19223736280596512,0.1982071422880883,0.1998837013956504,0.19105279695039926,0.21023925067976001,0.20009861839130028,0.21206236474844967,0.22011959242646095,0.21301633094529884,0.2068474636624807,0.20058054638325942,0.20490506794561217,0.20411261183574184,0.22100382995887013,0.2118421131891395,0.22428338393035643,0.211868357620338,0.21274413688639637,0.21926585157603615,0.21073147161341202,0.2163139361436656,0.20742672000712759,0.2227917475207515,0.22548751475930384,0.21706219978999056,0.23189650325352254,0.22202746479686175,0.23801306665536628,0.242661568256508,0.2270521925180484,0.2305174464223706,0.22245813912359477,0.22528158862481076,0.21168412995180733,0.20490294480551463,0.2116311052194369,0.21182162723107967,0.2136065176840838,0.2076732215557449,0.2125086439487745,0.20987074297886468,0.2106152917498942,0.22433028081980394,0.23083464988681848,0.22034647131590318,0.21603031554803204,0.24242935164141038,0.23369455844214418,0.2167806928515357,0.21849877174594604,0.22357750224060327,0.20868940460138988,0.21695551782106742,0.20612567934773848,0.21267013169175053,0.215963421816207,0.1989586933194325,0.19457296636878274,0.19730824333183566,0.18848100985387659,0.18750566787135295,0.19271823076443945,0.1873905992418418,0.17968043900064484,0.17426308574927318,0.18100551189394506,0.18567750852634674,0.18774483583154694,0.19315737734566052,0.18463609229181227,0.2123384779531602,0.1879765177200372,0.18706149460575905,0.17407576002219752,0.175134537578773,0.1717098860442576,0.1695400473057848,0.166817496780881,0.1621202258176879,0.17615419902081525,0.17183676972198206,0.17659971566307328,0.18843266917104176,0.18983710399236176,0.19169491821894252,0.19397903746202375,0.19944133566982952,0.1998379988099047,0.2082979999839241,0.19609169024029255,0.19405315138935889,0.20024056407331395,0.1904720692907996,0.1947053119038229,0.19726060010607185,0.19364585262578293,0.19718137466243832,0.2004717631431488,0.20831056650836044,0.20200221425114204,0.2048304409822306,0.20714206432484045,0.20598414824170408,0.20394545906319347,0.1984507387751884,0.20260911521030045,0.2053249851077911,0.2071736893345503,0.20493554922608395,0.2058871301289862,0.21355979731178598,0.21666950941843693,0.20917380665630558,0.2060113746329708,0.20996315981152303,0.20863573684830367,0.20432631376487637,0.19264001349440632,0.20506568827008714,0.1957321695634677,0.20783663390061746,0.2174437854353687,0.22051630156088048
8,0.1728746842924667,0.1800174062697116,0.16621181808752658,0.17033527656728836,0.16577124530975748,0.1628056228025289,0.160379036477177,0.1613288358704772,0.1611038428956361,0.1544486085383071,0.15663146140154247,0.15907418249043162,0.15999930640542853,0.14867056777236895,0.15338927685695924,0.16008288407239818,0.15706774186216338,0.1535500633657067,0.14322043880409965,0.15024153082097072,0.14614602245765557,0.14126448808011757,0.15157828883021957,0.15204249930175776,0.13748869823048826,0.15017062905477604,0.15049532181975322,0.14067923564779833,0.15210517846971744,0.15195640135361674,0.1461258330331611,0.14860964611720573,0.16104353685271147,0.15101531747786603,0.16591807486964458,0.17940320609234367,0.18142264736990443,0.18525029148524644,0.18781730303561672,0.18899917132736155,0.20316925121546617,0.19611705815120564,0.18605763658986837,0.19226259510626229,0.18357895780600808,0.19094298166691337,0.178969778254568,0.1952012165558649,0.19105794402900086,0.19941580683527815,0.19723770928475184,0.18729953535644578,0.1823777275328023,0.1813170731540436,0.18374845664078002,0.1933843833723203,0.17531811801826258,0.18880396043071324,0.1915333479151612,0.1838391062548749,0.18012890128408865,0.1803405542164181,0.18498371624877413,0.17287225615162607,0.17766803537028467,0.16707678126947106,0.16709174710059094,0.17705284105540187,0.17086660878114457,0.16648369262286644,0.16675816211177638,0.17065534691732,0.1638573021183466,0.1715375488398809,0.1654788522511045,0.17040475138291264,0.17132214372030222,0.17619573838514832,0.15612987068346199,0.1687229654910319,0.16427671129632346,0.16842121653031444,0.16776899386068042,0.17550197171302523,0.17235671176863637,0.18624782081274505,0.17387918663561852,0.1845321747397061,0.18147516502393898,0.1901805504209085,0.1757731760191821,0.17558236724728646,0.1754477487674477,0.17522828078809102,0.18834782091060429,0.18621038584328717,0.18762638020847486,0.1963574258154141,0.20933907459867,0.19359444878766016,0.19991703266221644,0.20824443288667335,0.1976323159753848,0.20586722004099947,0.2091069174894965,0.2185884447030339,0.22135105691257712,0.2166807349588278,0.20139692253973102,0.19841407651718676,0.1943013419131465,0.19362997973285112,0.20081258651482653,0.20731613324337747,0.20395134325830264,0.19945845790095867,0.19935386361235571,0.20744525240068712,0.2059541274909298,0.20633718438759124,0.21115219479310465,0.21173614413216202,0.2080639791693758,0.19809992905233212,0.20291038738596112,0.19944554548159518,0.20120638114372233,0.20899264383702879,0.21211940488188288,0.19964457018206186,0.20210021707991152,0.20247509900654817,0.18222745087500705,0.19152161709369026,0.19637382524375266,0.19672242983879726,0.19853362390973045,0.20070592805087292,0.20384246853544918,0.20093822889861046,0.20836410263967076,0.21887184557635947,0.2149757634762275,0.2025517314659728,0.19874142068049222,0.2031129294809027,0.21986915128518122,0.21012885788483068,0.21647716911722212,0.21148847226788223,0.21457943626768966,0.2086325662222481,0.21949665184829123,0.21526454225540378,0.21019181484306015,0.2107418557301567,0.22053620655510306,0.23505007819354629,0.23121313377072852,0.23097144958249632,0.22066222856705361,0.22866100081396748,0.23487035272379692,0.23324368812027774,0.2155855261030823,0.22343715864990715,0.2150452727095593,0.21076456670320928,0.207990213156202,0.20879418537169148,0.20429310066662454,0.20962312932923768,0.20532143930153365,0.21301127897645644,0.21999423490699557,0.22194282006690758,0.2128160607065403,0.20482638492251826,0.2307478695710647,0.22739221913630608,0.23296436768987455,0.2236621524047309,0.22948621339593273,0.22519580701412636,0.22490023021839248,0.20891022653293065,0.21604956687649182,0.2167171097046723,0.21165615385118033,0.21283600574362196,0.20636916169583852,0.20242795139583813,0.1929487636032973,0.18940354356889716,0.19888508716340458,0.18774159362109044,0.18194364878020144,0.18044730491318514,0.17537359309647918,0.18431322576143733,0.18108826175125653,0.18418268508943894,0.1909694511816996,0.19381420315974623,0.19717913178233853,0.1935490303884047,0.18169316911398115,0.1791555225366882,0.17994786569942814,0.17898292450865233,0.17245790260382177,0.16873901126205845,0.17590695058122038,0.18129611596619982,0.17931098654916514,0.18820332852447413,0.19886095467122195,0.19222372988850542,0.20002872650609332,0.20255293009849476,0.20940049308631312,0.20033800284064238,0.2156887532043833,0.20210372121798156,0.19190045303015224,0.18817130637520568,0.18734655002597753,0.191805033462523,0.19030272187992944,0.19244751163627624,0.1875933331526245,0.20301221982678389,0.21452944044695446,0.20613735537756867,0.20514484111076994,0.20567163474859337,0.2055204773646585,0.21555976427386694,0.20009537017178924,0.2026658385603097,0.2049344167135156,0.21842040095237983,0.20895241743711973,0.22206315201633894,0.2021979136159441,0.21722554724912146,0.2056954096599344,0.20705284391177775,0.20165109748712545,0.20442871558694928,0.20801377711700786,0.20345688921449895,0.19871844953269516,0.20629594905378437,0.2016733210099355,0.21534723504401102
9,0.17541846241761846,0.16686632449473493,0.17867829514155262,0.183370344119535,0.1717402931986371,0.1640615083298394,0.16420255103763567,0.16933818476338514,0.15998490214395716,0.17087129072067325,0.162439558336974,0.15747223809521757,0.1688063968442233,0.15819982545637673,0.16410994502632975,0.1549733424641241,0.16236316179354088,0.1462153607135092,0.1481207832856562,0.14882058247229282,0.14570686026964705,0.1526739704385316,0.1381939403094255,0.14697348764487894,0.15145373920729607,0.14279664373970782,0.14718989652918296,0.1559046253681353,0.14447210479092645,0.15110679701190743,0.14879043038640033,0.15527945568085827,0.16043754210826616,0.15220117317038492,0.16368681562999401,0.16623887837169687,0.18457182226485674,0.18616888599138204,0.18165133753193477,0.1918017652995264,0.19199348860451404,0.2080904742576193,0.2084919061880674,0.18590231586564102,0.19673872384928992,0.18630478099436845,0.19267665586279822,0.19454675891641657,0.20674308857725163,0.18552267600525763,0.18561249134243588,0.18019137529120782,0.18344293910426357,0.19174202072989405,0.19334444552222788,0.19058916177482643,0.19467594879469974,0.1837146543433664,0.18707700134877314,0.1941597481550012,0.19516049905566643,0.18566605085441804,0.18898163411806781,0.17793369603395268,0.17529337388114674,0.17883297443443086,0.17390200931581226,0.16598601557453002,0.17712350596444595,0.1690149417213479,0.1686375173587939,0.16243851105381454,0.16608312198740324,0.16993048619870818,0.17463745751206755,0.17357780814115933,0.17492907513715053,0.17547732284247217,0.16779051228336983,0.16269293726635353,0.15550952685098632,0.16671474020957527,0.170862202367013,0.16709609475266818,0.1732980196998953,0.17122824286684668,0.1809098027043406,0.1785094040052156,0.1760278157326771,0.18164594195922965,0.17900097642446167,0.18537796058219944,0.1811759302974333,0.1676298282327684,0.1790981088379902,0.2026150588225174,0.18086531954317775,0.19126847710778275,0.19801429323308806,0.20683979563404442,0.19555924864533453,0.2034646848177972,0.20524108411513603,0.19735208090002035,0.20128854471853982,0.20791958516388484,0.2184061181631028,0.20942638681091594,0.20014106203076804,0.19172436145040106,0.20636046603828218,0.2054060825890277,0.22409248881813043,0.2063445011947602,0.1979724236935677,0.20240487106419466,0.2110044429588262,0.207054560243342,0.21660087165486727,0.20954239333788025,0.20641953719413328,0.21459766886772244,0.2007759687188244,0.21479511492437928,0.20836558995081655,0.20965242975493434,0.20625643167628815,0.20009141709066844,0.19972287864514635,0.20329219262010945,0.20663672021537283,0.20061367327131255,0.19951014510986292,0.19442477274555073,0.1965589438824391,0.2058453685656667,0.19850253621426112,0.19689804316331913,0.19945214717073734,0.19721544324309834,0.20281134257017863,0.2177254014539879,0.21814135175627708,0.21836292343911404,0.21603409603531057,0.21273463378597302,0.20978532260805324,0.21383367504229275,0.2134490371107627,0.23214599735940572,0.2241591649050336,0.21078179567626754,0.21332924679886572,0.21472632930209903,0.20643874014868097,0.2181726466071031,0.21725946212117597,0.2389450840681549,0.23406565859580175,0.22473794222394014,0.2174248103845012,0.2253387599270184,0.24134583031601373,0.2563616156827051,0.22032683710716316,0.22559247034490662,0.21857822757638887,0.22105044829438347,0.213553650655172,0.2075744997708599,0.20046447455964567,0.2236725041671527,0.20854981071233697,0.20962322586427845,0.21521681501471498,0.21413822575414035,0.2209102158483985,0.23073628715978178,0.23738938755240496,0.22376692816992888,0.22442642943091884,0.23369687229050734,0.23002948123218467,0.2235788407407917,0.21384352267369175,0.21751384224488604,0.22096520933231995,0.22382706503658217,0.21631886720419186,0.21690831467468,0.2084008087422887,0.191309219551311,0.19482774325511548,0.19490258535042304,0.19017192385062714,0.20425998703231707,0.1952012794813126,0.18515549267078854,0.17499103506829136,0.18772970599510597,0.18285771984277874,0.18050319768207124,0.1876744276179416,0.19457198072549312,0.19695905868781863,0.19906148519013164,0.19850580885514083,0.1942304426849254,0.18574669710492675,0.179476214149462,0.16964259219425387,0.18123175664355295,0.17147736447831113,0.17790100438094253,0.18718614486336804,0.17934798430646315,0.1871193499195073,0.1913275895232898,0.20050242979526497,0.1925796974157561,0.20021249604197142,0.20867042472260494,0.20244181391000446,0.20143780016288373,0.20098265083568906,0.1957475882748108,0.19564846729573926,0.2023610061137322,0.1855332276944925,0.19492973841882782,0.19736439606515369,0.2027561051324885,0.2152012551492775,0.21002834007064292,0.21086791311548964,0.203376903158121,0.212821108045409,0.21428802393504073,0.21528521247515858,0.21628255930110735,0.19793902194443616,0.19863752256560102,0.21671107177279192,0.21076379021928052,0.20904327466500824,0.2084125656585006,0.20423270994571247,0.2103990138849002,0.20533226602192914,0.21256228010462064,0.2035047216328134,0.21272111464269358,0.2033244892367961,0.2051786651221308,0.1987333392926867,0.19987717700903265
10,0.167481792365612,0.17553592008682228,0.17969061703461084,0.1746964179039026,0.16923792816638814,0.17722247606029784,0.17352997331604791,0.17515881564435862,0.16477021181636706,0.15940579295026885,0.16769553523401956,0.17013712900985917,0.16655627524542596,0.1669071724953789,0.16512308729611433,0.16840942769577133,0.15853662189832024,0.15562773614920256,0.15512078719487044,0.14343825725548542,0.14744226708102026,0.15001234499280794,0.1382725588808152,0.15131082527747214,0.1449616087306475,0.14772227928861364,0.15286392270354418,0.15337197143198084,0.14835630221865043,0.14921723904128642,0.1492436974617916,0.15501759685580557,0.1585655725354991,0.16636938070778548,0.16242826299635937,0.1687503180364801,0.16951873387653396,0.18074000917875477,0.18856743778208848,0.18021743327039166,0.18624906448611922,0.20873294471793177,0.20278363325445983,0.1897795445317759,0.18844768209509483,0.18971077578355003,0.18119170012296873,0.18828026461235475,0.18991886230101956,0.19046781513027866,0.18625356751090857,0.18630194973064626,0.18865321031641702,0.19204283122207272,0.198159678971606,0.19674031844268972,0.1891825608703484,0.19335450712408092,0.18120363270206763,0.17663013464585886,0.1881669302935968,0.18998468800930277,0.19209979437941932,0.1880992223195501,0.1817469786886056,0.17903057231643388,0.16741844352007906,0.17650844950080632,0.17964668184484786,0.1735619016986213,0.1677732818719442,0.1721071448548518,0.17044053941580495,0.16723631906622455,0.16726701242816697,0.1696093149323971,0.16554409729863614,0.17142126671850905,0.16772333913195672,0.16329605765925664,0.15264092880248453,0.15466640817289193,0.1621966574413216,0.1681699131910351,0.1703779937516983,0.17853817864059845,0.17613087798780375,0.1710498903025075,0.17752629934207464,0.18540195102171841,0.1781136485517454,0.1833065991029898,0.17087443831515822,0.17765490388137553,0.17477407005685056,0.17767138998726606,0.1892156264785284,0.1967722175557956,0.1954677392459642,0.20152585389544303,0.20083297423962662,0.20767719053136388,0.19822518872318073,0.19586191210613774,0.2015209769946661,0.2096847277197354,0.21848543968431292,0.20871035654797118,0.20646531351943512,0.19795042111640448,0.21263889169587902,0.213680750319749,0.20888877353713728,0.20226505643901307,0.19605543219808205,0.1985451716161717,0.19958864648606942,0.21162067728571773,0.20050654335196383,0.20826773791623668,0.20717626533982836,0.20417717941326746,0.21084494826196903,0.21281870686927165,0.21493483087458637,0.2071923899524189,0.20602906897307585,0.20819797446872557,0.2038312134823692,0.2041964558716752,0.21737340082492382,0.21006045410506105,0.20819174244581828,0.20780064918873112,0.19914902292819145,0.21459257939532395,0.2033946194397356,0.21681468803983375,0.2128318891701146,0.20528135231209554,0.22448555467061707,0.22198978981715317,0.22429464242128813,0.22201033901350498,0.21257358653254713,0.21278945389897544,0.21745690372091828,0.21478769629205016,0.21863102959525563,0.2160380258224767,0.21905279554383825,0.21745164629771205,0.22589223375596137,0.2161600837784078,0.2261651578630367,0.2178950678940066,0.22355279290737484,0.22346442791655177,0.24032729594675403,0.24044840469376616,0.2250020111442428,0.21254813568013042,0.23239463616199263,0.23441289583997735,0.22532843481635328,0.22251064877136603,0.21744563796969002,0.22409367560292867,0.22122825819344996,0.22826813996439582,0.22379093975365186,0.21759188775873925,0.22056337570944956,0.22183103218925096,0.22030258848393675,0.21181992015733403,0.21182304167403368,0.23090763862870545,0.24034766097456492,0.2301976045378033,0.23041423165264305,0.22635104299180456,0.22185003419865618,0.22582135033057704,0.21882266352859125,0.22277876907578334,0.22180054043083897,0.22149366022468822,0.21681194226874287,0.21146300525970033,0.20890012507211597,0.2062750494975188,0.19767274810523433,0.19492435238552064,0.19608251109820815,0.1940586474010787,0.1871283119852144,0.185903214785207,0.19429955233989407,0.18325135728191344,0.19073443183498032,0.17814576398618967,0.1805316701695504,0.19295080730647585,0.20683717618636568,0.2070386370468026,0.20830413925992705,0.19543449908236968,0.18510208044069787,0.18917803059156874,0.18365045133734362,0.18805054655282152,0.17608902954647979,0.1878580456874182,0.19880963592540554,0.1936233812726114,0.19290043189060063,0.18830276623290487,0.19934085698428466,0.19151526687355339,0.1896884990061578,0.20209018897270362,0.21168666455473595,0.19582068254763635,0.2049478657043864,0.20345662686765997,0.18739556135974364,0.19245012610198695,0.19398144940451476,0.20203838113503805,0.20151259698219956,0.20052094377361235,0.19613447621924604,0.22045695269132437,0.20739987963056447,0.2126238609194775,0.19547627747095322,0.19774069671228758,0.20266815785061396,0.20631765833472848,0.20576513998676552,0.20227804613563263,0.22341791781155243,0.21887219835637797,0.21056491047103215,0.2188358650012346,0.21494759982189152,0.21792276470496036,0.21363632570300425,0.21669914610410823,0.20361340189585347,0.20699883441264424,0.21183869872521363,0.21040075795400737,0.20649189031078768,0.20561670721742215
11,0.187013647177623,0.1663059548099329,0.18154220246916372,0.17495880349711943,0.17683173171524913,0.18057133130690978,0.1839263278074772,0.17146232168755624,0.17052493788179574,0.16862963500767378,0.17219669035665022,0.16420281570109133,0.15772226310684878,0.16946120880408483,0.17481262731104974,0.1573526277788668,0.1583510691593747,0.16182570212527475,0.15102505410906203,0.14672867643220397,0.1538413208465641,0.14451302768142776,0.14795546117172007,0.15140074074381007,0.1561212428663522,0.1495777513330704,0.1606135199317229,0.1656014747351096,0.1497066182102192,0.14980420356197266,0.15189833029015573,0.15884033707173523,0.15624747220795288,0.16721598829696213,0.17048713005395535,0.16460419531231485,0.16478527458292996,0.17478421164172375,0.1831105217078199,0.19298795316213366,0.19874718218762422,0.19358392895596388,0.18937153522907696,0.19831038149525518,0.18638158470854885,0.18987002168724784,0.19055642654331484,0.1885265846871792,0.20931425198729417,0.19693545464695594,0.20396873855164702,0.19593589724594937,0.19640554735176438,0.19871765794485033,0.1992218694057909,0.19842309524306936,0.18031240249974362,0.1885414314405715,0.18147315929737634,0.19228052533219817,0.1870665772299131,0.1871642938290917,0.18726369998890224,0.1910253921914919,0.18419799560237365,0.18570923457562835,0.17953672550299918,0.16881949624228773,0.18093221503208196,0.1867787222176148,0.1755495821185346,0.16867658508814393,0.16469624592357196,0.16298123335900316,0.1669484533491856,0.16688411501013214,0.1631557560210575,0.16587246550558168,0.17479310613502624,0.16017011964867614,0.16027518985412278,0.16648491932456616,0.15183119143662235,0.15831570527809977,0.16274715299161252,0.1634825487895619,0.1739355280490687,0.17086649075071347,0.17807579832892048,0.1739500268023376,0.179532839598328,0.1833571711471071,0.1759323889777538,0.17900728265973714,0.1823422880205606,0.19441492404416955,0.17865517472232653,0.18724071893994165,0.20047870116070257,0.1990301773534615,0.19872610933749568,0.20402247890164446,0.20092604234623365,0.18921754350259534,0.18899477599305864,0.20195148453770062,0.21428027743743228,0.2080056347961906,0.20219029690493462,0.20420374378731515,0.20331103442049905,0.2146734817050449,0.19674609895210768,0.20541927873594493,0.20159772646071134,0.2019207357359221,0.20814098237727324,0.20304119930091705,0.20426139801519413,0.20384987993767734,0.20435049780239622,0.21191212182925093,0.2152687058810483,0.21728357591410288,0.22219577670027382,0.21768715323852356,0.20678617500797833,0.2054632720154662,0.21734041900974327,0.20994884994114502,0.20664647431753094,0.21577652764920355,0.22174222448903838,0.20201253103781783,0.20931820412839092,0.20408241272739078,0.20057224704260782,0.22013996850199746,0.2104574480708047,0.21194701281833975,0.2344860441396903,0.21728707813978734,0.2044875162845599,0.21803690065391731,0.2367106510960888,0.22124160479453492,0.21792557472304996,0.20993632960459893,0.2265318647505463,0.22471470865219645,0.21059390611597076,0.22533434964598692,0.21601459738925768,0.23123448351175974,0.22596074606669328,0.22649613735891086,0.22300766990528578,0.2271655130630458,0.2302657259853534,0.2451415907758701,0.23530009363575172,0.2283049354068186,0.23103011803760914,0.22187516838853616,0.22703436549944042,0.22712424675246115,0.22619114550558556,0.2385855846290856,0.229068251063801,0.23231930510773785,0.23216550874012645,0.22081862435196578,0.21188606713110833,0.22346262701329667,0.2112556826317293,0.21919477623611394,0.23131990219161294,0.2189187199025718,0.2298755598769411,0.22445903941586537,0.2278049202688306,0.25249570785713127,0.23258242803138907,0.2267253599199548,0.21406151757325692,0.2155962983394085,0.22651506956676404,0.22313181598064324,0.20976774037742396,0.199279196296752,0.2129191873846112,0.2025514796141268,0.2048419493098021,0.1955018673741513,0.19495146359718532,0.19519243865469102,0.18766915562865077,0.1885416050937272,0.18734685199318218,0.19123813513174318,0.1893254073849528,0.19095467704659455,0.1901805504209085,0.18587479390863845,0.1924493727777158,0.20881399388606303,0.20592064979270444,0.20031278541389894,0.1951813780724969,0.1982303966620534,0.18939569361160732,0.19785014824044947,0.18809874589424158,0.18340784160584453,0.19380746454409986,0.18942125077826794,0.19739318292067518,0.19299955159855298,0.20250564312980163,0.20140760724417778,0.20291101345962748,0.20105982490069496,0.19806616374215594,0.20653906184068574,0.20942011801774763,0.20592956400223364,0.198538323370336,0.2012943290820006,0.19500323673459774,0.20093254730082713,0.1956554771584347,0.2147595078259059,0.1957502881390474,0.20255047687377117,0.20065300585136442,0.20755686387177816,0.20248167276090076,0.19847610110478422,0.19584877524532818,0.21195291801559243,0.21518198031555752,0.22329515501782227,0.22009121098715625,0.21846702768397377,0.21185840581766407,0.20897301084673167,0.21608623371173152,0.21229570111383703,0.21101897054389182,0.21524357665006674,0.21085091985427978,0.21730699186733277,0.20964774720440033,0.20578575095983476,0.21405954600289895,0.21461990584245905
12,0.18167304692074396,0.18207184789447647,0.16936770394539036,0.17152755614193602,0.17409808736468163,0.17496122065901348,0.189327630681097,0.1808506191806795,0.17908276863774683,0.1688855917910742,0.17088368470927995,0.17693261651845688,0.17006177199956873,0.1694371352449401,0.17250432972458438,0.16212097241063747,0.15952130726776764,0.15395436259898782,0.15652942864215996,0.145242929533536,0.15055216319008163,0.14911969268838254,0.14702595194566065,0.14742291694399845,0.15036646849117508,0.13825727727734657,0.15224463593775364,0.15455746999068343,0.16225698432172686,0.14805633683612465,0.1517944874287958,0.15151443127587572,0.15130420570731024,0.16022485971153172,0.15403875505989023,0.1673425952488627,0.168295576081301,0.16997157550307654,0.183508337191663,0.18425827455790317,0.1949784438932509,0.1879074504360371,0.19126874135513178,0.1975163766236139,0.20630706468030205,0.190318234374798,0.19609615128692748,0.19377373036201623,0.20012977633265608,0.18904391381269162,0.19476221272870514,0.20074195991239277,0.19582719807121568,0.2021517661454478,0.19272923608176848,0.1949097210796688,0.19069793928066087,0.20123783205350193,0.20139821172313066,0.19360238361518273,0.18391739204751378,0.19831393408146528,0.20335381295961982,0.18009775534167807,0.18350415405808126,0.18201865462773398,0.1772892488606994,0.1796954993855849,0.18307481333588305,0.18114948345992024,0.17828003061786193,0.1824771124623891,0.17279576727623525,0.1714901578111533,0.16769916492575263,0.16887804781471674,0.17130727232598902,0.16719161773469807,0.17332643320964533,0.1649993753206815,0.1639903904891185,0.16672928970220324,0.16111422997907063,0.16588422953509246,0.16003832599526394,0.1630588969081471,0.16029696512171493,0.17883108026501335,0.180320125099606,0.18199141429263696,0.183908160296509,0.17780972079088536,0.18994427138282205,0.1818147863717688,0.18020253660758526,0.18368068908796617,0.17563634870475847,0.1819026391048344,0.19915415975635542,0.187141928252608,0.1936910707502221,0.19232755031079193,0.18468456464916871,0.18759238286588403,0.19535251645089144,0.20759878145476457,0.19648466014184726,0.2050702684788465,0.20148142787959247,0.21062004440790183,0.19964003806489644,0.19924072482557903,0.21695606733615863,0.20158743549984123,0.206756132582101,0.20008822427446865,0.19778374230304507,0.2099557630337759,0.206518280312726,0.2079964391465206,0.1982899119844949,0.20908621459616686,0.21536454109049025,0.21121745236436032,0.21523703460969437,0.21235608006960097,0.20317878082009613,0.20692658954625778,0.21069682924300756,0.2096980538903994,0.21251686467093586,0.21905173633222577,0.20918363235305037,0.21108394392206029,0.20942942483203203,0.22381119186885678,0.2071442106659927,0.21528565861688975,0.23460323693872157,0.21411870101344604,0.22836056034706662,0.2354233308730965,0.22646646443756446,0.215577037761475,0.21640086878452391,0.2387849220371337,0.23610587841338132,0.21953557184675382,0.2179293883769847,0.22661314599502308,0.21374304889232112,0.20242274038013058,0.2218496255361673,0.21683425890639668,0.22758471987264495,0.22752750264273788,0.22392604003897862,0.21747412893116017,0.21809288625009576,0.23299693067644625,0.23595984379770302,0.21556418178695963,0.22272029850393785,0.2201405260828144,0.21352242837156038,0.21320073619393876,0.23021387763484438,0.22371937635028485,0.22303108646722639,0.21456831958890718,0.22707958925727456,0.22368635876801748,0.21550616571098113,0.21804533523214392,0.2192602474987311,0.22043766394127173,0.22387665016720337,0.21852810514522483,0.22474529053501768,0.2406165524841909,0.22928064775113552,0.22656311127813536,0.24181709522700018,0.23189164425540257,0.22299514100031845,0.22307145499724979,0.2258258221415774,0.2163730166459748,0.21212189585370486,0.21846008585715165,0.2144336312230432,0.20179839604033528,0.21374295046003222,0.20367973440634202,0.19425204519765266,0.19037297641491271,0.18958165053466602,0.17411364203513532,0.18752833599862562,0.19154719650130575,0.1880561756680788,0.18997117110253692,0.18820995896020137,0.19646790312150628,0.19612226489407586,0.20228430607933431,0.20208477260575847,0.19664821562517784,0.21401381066777128,0.19894298044720896,0.18933111825705942,0.19019250565504128,0.19558427296221143,0.20219115353781833,0.19628975366594448,0.18914919616768516,0.18739107387352333,0.1978909256708171,0.20300615705305872,0.19475875964374534,0.21194818408405344,0.19271432580289952,0.2004796936445871,0.2055415844345202,0.21534678877467348,0.20652013487211635,0.2048913858731342,0.19791349583207024,0.19751570807129665,0.20763764761930475,0.2064009538574092,0.19894589387731929,0.201779782700191,0.21161068839182623,0.19212093873168423,0.19592339602677053,0.2049360211081679,0.20298420730664682,0.19657915322972774,0.20111969419860493,0.20953308150339914,0.2161989099698827,0.22583840608493344,0.22072452963056066,0.2207553309423688,0.20942011801774763,0.21453586218285742,0.2110178044131878,0.21280385938180685,0.2093949482915065,0.20942006979698893,0.2106983817203372,0.2148896507299366,0.20305059666311892,0.21119381726359585,0.20871867063261904
13,0.1882440248812321,0.17201835887334868,0.17383403058101055,0.17433119212716644,0.18173350387828568,0.18639291486262138,0.1861997527684728,0.18933042073672746,0.18068300298328277,0.17729578055832212,0.1759838035897048,0.16683620405888122,0.1672417102150932,0.16817533443590763,0.18085840647600626,0.17529200155162591,0.1658897680845854,0.1578610546695344,0.1576158904963837,0.15808767051458575,0.15573133263880662,0.15130664446262418,0.161242565680645,0.1545823837192876,0.1479919184268504,0.1413914017230588,0.14153016076902886,0.15554498020965057,0.1525429005186814,0.16216136821410282,0.14832761034065547,0.14850599981174245,0.15365439961319605,0.15727583514668395,0.15883046230710213,0.169239603819025,0.16641681272935752,0.16519363130821071,0.17536773791121776,0.18392768303173598,0.18514445089045856,0.1866856344224582,0.19141704168300838,0.18408728813463665,0.18988418723260475,0.19247800117313357,0.20205699971966692,0.20557287042426453,0.20137626890644894,0.2088118783240259,0.20163330557523243,0.19897974959758188,0.2041617454537589,0.19983172530512258,0.19466868715154695,0.1951662331477515,0.1985695812708109,0.1903199434557965,0.19581724225828123,0.19244968296970566,0.20041670143327672,0.19813882809448125,0.20051721313870588,0.19654049702913168,0.19195405899793044,0.17818617285285818,0.18555698187107478,0.17985615303516234,0.18319587901404136,0.18339749524971402,0.1703206477077275,0.18646979784603743,0.17435126390278038,0.17551389331051923,0.16902903030903477,0.17867401640420413,0.16978667365051825,0.16570179002761334,0.16883228565601743,0.17719950321786387,0.16944017839095787,0.16250248251960395,0.16483411473271564,0.16787147253889556,0.15676965406164364,0.1674745810327001,0.1683153017448492,0.16595720042781897,0.1709738140669716,0.1860171130826094,0.1859864907068722,0.18484069806669695,0.18386196615606176,0.18612439539337303,0.19011194278769825,0.18571966858482297,0.18147035967444955,0.18328106509948233,0.19153325971081514,0.1950917569957896,0.18258083966122965,0.18826218722375812,0.19200210938427467,0.1921179748433226,0.2016896210550072,0.19635055356451672,0.2021399342025517,0.20809349289946524,0.20488563023979725,0.21669275940496602,0.20380878971215732,0.19709217855805009,0.20308971025767808,0.213211880206577,0.20189726694504195,0.2063846057067496,0.21065428611359768,0.20873155090902132,0.2168174837697627,0.20552634548043636,0.2039043260963385,0.22568297596375364,0.22250152913354462,0.2188592466627663,0.2035654361257946,0.20626616782726484,0.2137782905648628,0.21288462653930168,0.20493201014508788,0.20514578583985132,0.21802701052244358,0.20956926970929696,0.22468361357702474,0.2092295398844787,0.20774433987908988,0.20912198855912686,0.20685122633940514,0.21074947430943483,0.20583669497887747,0.21514918238223985,0.22744128480594952,0.23729976055665816,0.23382546140153299,0.22810510242076062,0.22070303225190294,0.2405858052240606,0.2357040799144958,0.2242903042202418,0.21613952863124036,0.2211795652103371,0.22136043521669263,0.2133077329407862,0.22627886933436928,0.2520867388516532,0.2414978118088694,0.2320518846670839,0.22561215820202163,0.2246502467773678,0.2272103444073081,0.2229943194573718,0.21963897080305508,0.22963765324666063,0.21841325944099127,0.23051909186495415,0.2148014456932523,0.20386011740949744,0.21334727492147637,0.21234630093588805,0.22798548607976657,0.22008396417046105,0.2275240449195351,0.21441960913373592,0.22196873142034707,0.20924852243702222,0.21412096894749066,0.22861556739338443,0.2202253454996785,0.22764027416948684,0.217199889514786,0.22359953703273502,0.22183215591871855,0.2270072878383199,0.2435122985060089,0.22930672938163038,0.22108613119555587,0.21912659989505354,0.23159330475306117,0.21812065843002587,0.22306642137217464,0.21369723356216808,0.19477992756871845,0.21203004230542716,0.20560771186485965,0.19887922549187317,0.1997851863204047,0.19985345104270832,0.19559659491078257,0.19728066809443043,0.18824229109767432,0.1895982829765453,0.1891436214387089,0.1844625465995503,0.1895043572073981,0.19170127439591828,0.19603569196932044,0.20811625391045843,0.20094198587398066,0.20138237110659543,0.20408160917069532,0.20137659348690695,0.18746474265095808,0.18886796459050273,0.18964980478484048,0.19346847126757247,0.19845200452992948,0.192721115161839,0.19864335424363294,0.19755727631751502,0.2087582752116177,0.20659100102539463,0.2017899719670212,0.20080496650404037,0.2064639348525741,0.19820474169747912,0.19772310413180216,0.21185923511669918,0.2074623055759272,0.22594539791952814,0.19755834986658902,0.20099575718286294,0.19476014983941864,0.19337650200615575,0.2070252892028694,0.21309305711884008,0.20566154781777565,0.21142824263170298,0.21184221074606036,0.2031746639012054,0.21157409895910814,0.21532264202387208,0.21077048748723382,0.22028493635330296,0.2214420534280483,0.22349905953622323,0.2141569632903646,0.20393086905798113,0.20405100118544967,0.19822562233250135,0.20153782159549566,0.20164944916208305,0.22410471816278643,0.23084007141800675,0.2183766502890461,0.21703391271640693,0.21053024700540446,0.1974469138579722
14,0.17433416260426493,0.1719117653172184,0.18104402651779714,0.17156109125150418,0.18523817773183665,0.17115756527700124,0.1819707981651245,0.1831712461428348,0.18304311587096606,0.1779752042420198,0.18647838529530553,0.17241025730708134,0.1717090162178881,0.1741560636363912,0.17169395310556684,0.1723731428039859,0.1826957312383014,0.1756308891514965,0.16146384860989668,0.1624555302418096,0.16311308435286972,0.1540369816333932,0.16280314865424803,0.15685089458484566,0.15047695694129024,0.1478035958667913,0.1385884380138741,0.13884620054393598,0.152305644942441,0.1550761462679983,0.14497930049143432,0.15590606130941326,0.14595635194274825,0.15683247637719244,0.1582985730421555,0.1631118449377821,0.16754057437907918,0.16827941748637773,0.182689926050485,0.1852336139527236,0.18716502646543756,0.18318681002037368,0.19039480749544466,0.18369232031766888,0.18216515178622883,0.2024865495988324,0.20947784622762836,0.2106893581058473,0.20582735824748308,0.2155095400421334,0.2038058050681764,0.20121942794865805,0.20766098037377123,0.19160564503476074,0.19835573426097705,0.1979659963361472,0.204555942221848,0.1940070446418514,0.19209293844685935,0.19484057385086284,0.20274143682182197,0.20114494373428307,0.19715735810246954,0.2048927540392695,0.20144223440426928,0.18799712164889398,0.18975660428199292,0.17218356678844826,0.18408555024859363,0.17378024293238256,0.17685091046736848,0.17533794006660888,0.17953668416314514,0.17668130566084045,0.17123802098249752,0.17847755178264202,0.18348957721650272,0.1789435710496373,0.17270654651648545,0.16948793953355581,0.17102602423783095,0.1512805169869159,0.16091417389774976,0.15828836748498057,0.16362467615252477,0.1647353109492777,0.16501145738125622,0.1771018916602893,0.17668761154134816,0.18172128534882734,0.18318427921854794,0.1794613787553747,0.19665168862609222,0.18777250497169184,0.1849730680365702,0.18213721850728445,0.19158279284357982,0.1859533899493254,0.18305074467947166,0.1911511433286363,0.19022877008257624,0.18678891524720032,0.19522563315258926,0.19901782240248114,0.1905393590618387,0.19684865420693004,0.19675258184143313,0.18805704170076643,0.20003835753189977,0.20235135644815241,0.21437508026858026,0.20304253641148665,0.19753754406899668,0.21034984677486065,0.20563938672142298,0.21349843702573656,0.1972429730300886,0.21229506563719638,0.20660636649228495,0.20101282170579884,0.20620319968009093,0.21050344127346385,0.20968043069310335,0.21368995125649962,0.22007159952366165,0.21349445511649023,0.2161040469843897,0.20943694774066168,0.21513699590460295,0.20373198189361263,0.21442163339281317,0.22006050233796118,0.2284190389753749,0.21743392220754046,0.20971278125973036,0.20993879494001583,0.20436988473965859,0.19901833564927054,0.21587114745148908,0.21563189522435255,0.22984867260119116,0.22466586906507627,0.24246457751711348,0.2506512068382137,0.24112742036940407,0.23636523492560937,0.22969979097994572,0.23330916534233975,0.24133243785220798,0.24759803859628376,0.2237587359658422,0.2118196762907791,0.2196170734643903,0.22966980411954285,0.23224560276239964,0.23803060475234067,0.24163447668151034,0.22793614555738792,0.22315981874728466,0.22206156693215523,0.23106975294173301,0.22268250595996356,0.21034417997466198,0.21500299019957536,0.22016602424175888,0.227070700639932,0.21921254291088021,0.21785222505320567,0.22603474396533876,0.22146219496625394,0.22748826580875467,0.21700188180703817,0.22162762882411519,0.21501898131879563,0.20618895615963903,0.2187866910385555,0.22605998789012466,0.23366173654924025,0.22378686893899044,0.21397084412855882,0.23339368444231404,0.23152159194561872,0.23635957478229006,0.23126877500179105,0.2382512566547995,0.23441667415990394,0.20887593165439422,0.22365221310362002,0.22061579370227036,0.2127511910086296,0.20867268299744843,0.19959037263786078,0.201300600298446,0.19581811697880908,0.2015999499714288,0.1945803140488294,0.181119120243961,0.19296462508501366,0.17244170172580847,0.1848498063758318,0.1770745309190203,0.1855307071959517,0.1932382518758397,0.19344512964856944,0.18699582057309733,0.20781696595219415,0.20229074787542992,0.1977770979259014,0.19129935247681593,0.20337931956242342,0.20284903219497635,0.20138762489664414,0.19631572128174749,0.19344450605615401,0.20314205430156118,0.21900195916332207,0.20709103565268325,0.21323402268248268,0.22306996544330285,0.2026562723516444,0.20367456620299207,0.21323186233970576,0.2034653828761725,0.20712384516895443,0.199448215063557,0.20441967806807212,0.21639703205164426,0.2096767131118978,0.20539421151098194,0.2088852623821615,0.2002132659239874,0.20271824606317418,0.2078029937474755,0.20291517175912108,0.20445112282570083,0.2120966944291589,0.2136305211751977,0.1972557946300296,0.19886284120456194,0.2071550858029688,0.19935502725486146,0.21199796886051667,0.2156056314032807,0.21496200291697598,0.21218408194268074,0.2069309730806275,0.2060313935435579,0.21140998723787344,0.20460964412058133,0.20252949508758505,0.2023947858974013,0.21443170560012687,0.21801094629046144,0.2122392000111,0.21097237892007956,0.20195352129386407
15,0.179911199878746,0.17790559232074937,0.1859428999943744,0.17802840462794786,0.1676627171203353,0.17879336576425425,0.18135118594837554,0.18863831132538117,0.18824740580510016,0.18563151110757561,0.18326397407634665,0.17941692124268302,0.17306669493126933,0.16794268800446369,0.1714043344077278,0.1778722095678282,0.17180844217219593,0.17762753950489146,0.1699550994556008,0.1723573070686572,0.16084434630077055,0.1544542987401423,0.15186860369865784,0.15719980392170937,0.15919202235608318,0.14484282944779506,0.1464225614719443,0.144417891496947,0.1443653606046262,0.15325441688482255,0.15022354281460468,0.14169384974433455,0.15326465078523982,0.15559011435626527,0.15711259433329405,0.16143358820782477,0.17164817884374572,0.17110566953625647,0.17281275745756286,0.18709203550177672,0.1829216457150153,0.18253632389020366,0.1814632145639574,0.18172877537731852,0.19978350126548966,0.19562805182585716,0.1901763465611278,0.19984696077534056,0.20248473592358862,0.20217673558635602,0.2040498782594829,0.20554929899420069,0.1993407371855071,0.2026125208694402,0.19395215080047368,0.18909550267974323,0.19430751606739338,0.19293947835493308,0.18999492475338656,0.1838176882602231,0.18745041230178594,0.19551581381862962,0.1930281284983516,0.198982466551216,0.1979709786595669,0.18760516894536705,0.19250486078379972,0.19653279023298284,0.1906176012314927,0.1855649290910263,0.18903403299478094,0.18131160401286356,0.1768420741384671,0.17683425618794715,0.18183383567239003,0.1689723328373875,0.18522922088838858,0.1851540004998307,0.1740753191160808,0.16941224592285517,0.15593334670669123,0.15832336070622685,0.16436967634498795,0.15874249428703033,0.16976826098575723,0.1727101255972457,0.16077229081866776,0.167876381647721,0.16842164311545543,0.1704264116629286,0.19091159234738558,0.18920447326918033,0.19905497664121719,0.19422418153613671,0.19829237752855836,0.19471221623968563,0.1842118228101498,0.1743099587041958,0.1899217485316026,0.18190410507280963,0.19253682239792383,0.1974907958778895,0.20144180303549714,0.2070202363150788,0.19157842565009592,0.1859752709026181,0.19678747351153966,0.1918329476099176,0.18526965807450285,0.210496994834431,0.20242343952471467,0.2183500018816856,0.21563388127664873,0.2140208576094328,0.2134938652103254,0.21435025277810232,0.21534986309331305,0.2176972785865164,0.21306077381431945,0.212075988522807,0.21502779427051774,0.20992410003536713,0.21649451611939002,0.21185362521593304,0.22302661864389908,0.21320176711338887,0.212428410744065,0.2170826927289085,0.21852387847781907,0.2191822092022357,0.21238620263120458,0.22044619139105207,0.2266622523233236,0.23546474960019817,0.2216656506625416,0.20772262396865646,0.20410345670098293,0.20852604198449626,0.20916764174889563,0.2276704154281311,0.22938588998097595,0.2289955273738303,0.23056001939323964,0.24303437223333152,0.24067889006760548,0.23258371333293648,0.23509722342741435,0.2313835606834528,0.2178268443935293,0.2293614893383386,0.22880710173467958,0.22282442782351997,0.21718608660750013,0.2272806694912382,0.23239907760436052,0.23142592059728112,0.2295824573124394,0.2188147027201144,0.22032977959029762,0.2165168499389417,0.23487489556310287,0.22987619504746354,0.2178935125615586,0.21115477164707744,0.21527053988455935,0.21416588885118293,0.21477988227641853,0.2160251423568574,0.2283273835391525,0.2168446441651993,0.22028341468412665,0.22440911860672202,0.21853328795612426,0.2154077378923575,0.21673931676896274,0.22207966824402037,0.22064302346635412,0.23842215002170228,0.2350124121045007,0.21917741474064245,0.22463726351718927,0.23314075577808932,0.2135306391438863,0.23772814414474103,0.23166295941155327,0.2310175107754213,0.21824585289618895,0.21836875598787087,0.22124435572079157,0.2133055718512268,0.2130119656447971,0.2040251566601926,0.19602307154299592,0.19058626540160023,0.19080844840345243,0.19252130638855483,0.1880154766301552,0.18750139361728885,0.18880509075077712,0.18670626882156327,0.17831123172333074,0.17413396943349882,0.18213340213062554,0.2002056179459916,0.20102586521736251,0.19298399829911903,0.20827315694906792,0.2050464713958443,0.20454016408037332,0.19350567222478993,0.19968771525958762,0.19445297860506888,0.19063287602446644,0.19724989014112246,0.19246767496059175,0.20900414539147663,0.22181371725937574,0.2092671212271381,0.21495606337939238,0.21262459529754454,0.21773893781888146,0.2155349980961753,0.20697104860698765,0.21409829068798514,0.20719634973855783,0.2072978033130919,0.2066427629463474,0.19939813822555671,0.20840656714899056,0.20967386462025023,0.21106649585236245,0.19563593936849286,0.20043303375237298,0.21458803356086878,0.2067248569130677,0.22554676374015117,0.20495291520252443,0.21022719709056775,0.20543994967353968,0.19506870013336605,0.19944507705699863,0.19802498998606238,0.20396685524228056,0.20096807843264625,0.20579380638393693,0.19844071812098885,0.20730987988189364,0.21117733261715163,0.2006263721303863,0.19556296358805808,0.20330489718518396,0.20554253099067638,0.20418653532067638,0.21374998848294183,0.21718383621665455,0.20712942521137392
16,0.18597287286431471,0.17632938792868455,0.17273462440790452,0.16903070389333943,0.17512231916108967,0.17445756239068308,0.1657863614138807,0.17813013621246182,0.17041357996901407,0.17653600731597666,0.1806929465648293,0.17343138806427477,0.17912268888724311,0.1727279425694673,0.16716216989946908,0.17813370463843137,0.17940551941768687,0.18229808226570648,0.17369059383938526,0.17049498145722342,0.15843933101630975,0.15595165932169325,0.15393770232854867,0.14705202181859717,0.15382006835074422,0.14854156663108936,0.15218820684508833,0.15454892906524623,0.14267569606579045,0.14815455214446374,0.14894193783224313,0.1431798819461557,0.14660608621165366,0.14986319939012385,0.1502377254861611,0.16634896381500902,0.17841530223873922,0.1756596042584295,0.1806085891148068,0.18208916316138865,0.18642708116318146,0.18082909134439418,0.19327318341290947,0.19339925642977485,0.18901901688157052,0.18699487331316098,0.18026221366172138,0.19318410934926733,0.18382996309023988,0.1929421439307464,0.19731597144970536,0.2001624877140145,0.20121424804344992,0.20031208894688696,0.19314136660254308,0.19096584548376536,0.20267951202297435,0.19049693829512673,0.1927198726468971,0.1852685915796903,0.18388393973998762,0.18331035564495976,0.19386267454316636,0.19377935231790666,0.19452642257418834,0.19693615297758302,0.20105179738040632,0.19342753620572425,0.18350871748126257,0.17930405031940663,0.18845826996301737,0.17288869652553115,0.18459001283276374,0.17025653870837143,0.17198449677598318,0.1729258423997042,0.18202615691293123,0.18641450414585722,0.17815823437436762,0.18298378218271757,0.16373333204642926,0.17104516408467207,0.164371417339974,0.1671304567261511,0.1648330140571218,0.16727756577597788,0.1750312119751266,0.161644376352928,0.16414240788068057,0.17084800032344113,0.19224426815900594,0.1829804957935426,0.19257552920814466,0.1902056441416729,0.18989476836027958,0.19801535102775616,0.1934468222666875,0.18647422033302166,0.18695836440528957,0.19373424741053602,0.1879463517554233,0.19459796753617828,0.20327334788533719,0.2031608728307251,0.20687266061461704,0.19182535031937106,0.18085757359418264,0.1962741476289472,0.19322303526986806,0.1936499994104807,0.20193986426018817,0.20604595828617267,0.20367394715294648,0.2147118431193688,0.2255586050170196,0.21772159136972102,0.21757785954352127,0.2161757627470881,0.22253083626536962,0.19943860510309813,0.219235510490763,0.2012702054920488,0.21079975413301,0.2160473282617855,0.2196817097727386,0.21386784826678826,0.2284124120476538,0.2193545766363317,0.211980591669031,0.20942595281149687,0.21910419868084224,0.22776595026459553,0.2223755831642198,0.21563735691218291,0.2256155868699434,0.20785123053998147,0.2067731291077871,0.20375071432601347,0.20678560363745088,0.21380369179741734,0.22513229573949559,0.24069418602167497,0.23273382112161944,0.2426495554523021,0.2507439135830347,0.25567837651725783,0.2258456863723391,0.23730052552193887,0.22475279434004133,0.24635546452192608,0.22744269880820714,0.2203932047257239,0.22365494250500947,0.23291099998568704,0.22527686823101345,0.23121419854901049,0.22636271800572558,0.21891811500863032,0.21349883030475358,0.22083891258546373,0.22019826868665426,0.22294800986832944,0.23130355091316457,0.22059943713890315,0.22378789951798025,0.22153507674600756,0.2214742297721942,0.2296650446604533,0.21203697510321473,0.21385238592970188,0.21136608338573823,0.2229107432822316,0.2130386983827509,0.2140512656056871,0.22090421368801494,0.21164757655401845,0.22598109047185275,0.24199361094660085,0.2400564613968703,0.22697812285126942,0.21217914742382893,0.22479564845458994,0.2343846683197145,0.230412374740813,0.23847172872796077,0.22800181279537074,0.22320863931157167,0.20931849331237656,0.23160914321437318,0.21123564249386492,0.21441985599357583,0.20518811416641564,0.19896953271783388,0.19806741792266588,0.19804579240219808,0.19578555656368,0.19213213114037253,0.18820965560183378,0.19605323372529157,0.18691510541269957,0.17311667414582257,0.1706477631805949,0.18165493466944288,0.17692915363190007,0.20503665118248288,0.2016852231637908,0.18780242681770626,0.19825386375253404,0.19462763258576085,0.2083121014029917,0.20730305390873519,0.20136372195431937,0.1941071799180502,0.1957958579095311,0.1854441766121793,0.20169951317765147,0.21077936897513377,0.21861426646682727,0.21816264985057057,0.21362550382909223,0.2205119856639516,0.21528496461904073,0.2099206681498859,0.20546876001009867,0.21164299563997943,0.21247429651448888,0.19851400440625577,0.22229802282966332,0.20419922995083892,0.19386713844760364,0.19530089341630089,0.2062252790813304,0.19714287694047428,0.2129121276921766,0.19716501675200362,0.2047669209900198,0.22041462117356453,0.20756279013140588,0.1950151808074972,0.1971304938939459,0.18308627972809283,0.1939789927967049,0.19287826909788708,0.1962050584826476,0.1838426620528212,0.20062390066338767,0.19305986581471243,0.19610516399440808,0.21168096174082304,0.2204564958329941,0.2070515566724411,0.20855029091657512,0.21006911219254434,0.2177835135012819,0.21179402309750928,0.22433353504263853
17,0.17749139386645196,0.17898313057047788,0.17586620820353646,0.178167300566374,0.17708011689682668,0.17272722667353663,0.17478642516110116,0.17507397807281747,0.17371199180675884,0.1778011231364916,0.17387141959960842,0.1769455723892671,0.18174886189383932,0.1745604689655588,0.16608354265050893,0.16052504487641314,0.16932746242441626,0.17747635474704623,0.18797383418124164,0.16955589749030522,0.15692531171421192,0.15467424328779011,0.1589192841084777,0.1562521493282583,0.1577680290308784,0.14775051386535715,0.1434475053598077,0.15596566453719699,0.15771100527175871,0.15113393847730378,0.16224416998715574,0.16723897611073332,0.1540359175872952,0.1525309587238381,0.1557643259206401,0.1658702121016364,0.1575146672178917,0.17028374777597016,0.17594887729170142,0.18304269439910129,0.18177100148062897,0.19089176785933964,0.18945130448616745,0.19010515780043263,0.191351733079937,0.20131338435875043,0.19176988155014352,0.18444462341239168,0.18406664649935808,0.18866433102996297,0.2084607999497505,0.18968343249646388,0.1920915672897098,0.19385097960095685,0.19781845244148846,0.19810317680959275,0.19063125192223604,0.186767884669726,0.17705027269486592,0.17676439860179208,0.1823643319312272,0.18215416250772154,0.19000091831681704,0.19128560989969556,0.20858991157494872,0.2066027509854991,0.2090393758479496,0.2021685843354815,0.1816413830343443,0.18581775125906944,0.19138513375118774,0.18164058837107497,0.1706477631805949,0.17403468038445988,0.17714699921835417,0.18141746745441964,0.18550063473647635,0.1819728512926182,0.1853762958804125,0.1768107636978654,0.18621282982129947,0.1771519756199352,0.17238044598914848,0.1690955583146369,0.1615984534059577,0.16525077312225497,0.17303621230549535,0.16623799798195268,0.16843983215979444,0.1803101189986276,0.18403159916846484,0.1826454677939933,0.20222617616961788,0.19510459150110462,0.2029499739926758,0.19547017419989504,0.19866630756175915,0.19879025462993175,0.18687121099809456,0.1861047680478964,0.20394286218191768,0.19724290490479096,0.19312166631500038,0.20337487077828145,0.19983575055898195,0.20154270354461196,0.1919217522073745,0.19544265783541537,0.1923316688650071,0.19348860790376243,0.21422482661381664,0.20128025779516426,0.20491658046607383,0.2049835451982291,0.2119061201822192,0.22624099388884744,0.21843875872571492,0.21954578317079695,0.21890536221711182,0.21047334342583435,0.21249871100043713,0.21880568417941124,0.22071975225435342,0.22236334577594769,0.21634342456313838,0.22478979952514974,0.2135542407265303,0.21508736543195023,0.21526013088276327,0.21790169072419788,0.21299818365390155,0.20874351874382543,0.2298233231096713,0.22011290218611643,0.2235346744652823,0.2315979975175674,0.21338397447164262,0.2158482341238954,0.20984701697859218,0.22069749307753353,0.21623590089160455,0.22218743737443572,0.232853730465771,0.23574272536575008,0.22812495703203822,0.24695026697020878,0.24661580158371707,0.2234155514057563,0.2193672040642309,0.2233222012662674,0.23075578632428023,0.23249408057799617,0.22404053444486438,0.22555486559927002,0.22830525082196104,0.233505115882849,0.21459154175071643,0.21754469643145097,0.22338422461316648,0.21011206932226087,0.21381767360846868,0.22459805966032564,0.22053463237023815,0.22035321939368244,0.22161737170034299,0.20956169379433548,0.2170662982230031,0.221819131222009,0.21327531889623774,0.21415622361969505,0.21331534604433586,0.206595472591364,0.2068995756829543,0.2060384148544631,0.2215422693202162,0.23113132022623423,0.23560554098587147,0.23831363993468285,0.23593251650402822,0.23388808605774103,0.23298705937278838,0.23854856039478137,0.2273166253177449,0.22674358035178896,0.23070542127921284,0.22313880349795845,0.21575859233287836,0.22199909294901632,0.2170612501641154,0.21685532951790543,0.21159928701115632,0.21325931014010632,0.2033913879648171,0.18676053097750459,0.2023958111686754,0.18757890659032248,0.1994866106170081,0.18946024736609707,0.1871493400550627,0.18037622767389286,0.1950483721077873,0.17943158769896003,0.18050016365257338,0.17701774335270473,0.19998556576968698,0.198828002751047,0.19620273183540216,0.18895252507310703,0.18629465727980665,0.19852381848680592,0.20319279300438398,0.21672629167556595,0.1878177355014368,0.2052841883983767,0.20580991817813543,0.20744109679730244,0.20972379124748,0.2133061612371171,0.23004256426684697,0.22256819308259315,0.224630487691355,0.22769343031047923,0.22199040319845761,0.2231047414177304,0.21983761308643035,0.2236621524047309,0.21364724651330283,0.20223566153954076,0.19793682969594384,0.1986698573750406,0.2089482797538824,0.2106707299306755,0.2091152473713539,0.20247708043485815,0.20677931866584587,0.19804986467845878,0.20981909041956073,0.20605924298827288,0.2177119160606367,0.20628160413044283,0.20491384382473957,0.19615265913512012,0.19815495653481685,0.19498302328250264,0.1920396474447493,0.189921967187222,0.1964444348379815,0.19862590088491247,0.1970944749082798,0.21666177660670138,0.2046987072798169,0.2116160969538882,0.21135357586412307,0.20537609879768462,0.2181820911998982,0.2191599536933902
18,0.1743831024781359,0.17665331840438456,0.18263449159312686,0.1805749070576725,0.19023192383781642,0.18470582846946254,0.17713480354659242,0.17223935877662963,0.1705509724433121,0.18193493502161479,0.17519253628110515,0.16392590877736918,0.17586086298556478,0.18397969730763314,0.17108920174055062,0.17149035524660747,0.1751890267734721,0.17379540904403082,0.17820090283049186,0.1786756209187025,0.16651612658851664,0.1673115798179301,0.16115960712713487,0.1557284639880676,0.16224809263515078,0.15377190689574674,0.1608033529177155,0.15058197883039973,0.15851446527215776,0.1634682449811173,0.15872608337264135,0.15555250165810344,0.15342848616415636,0.15787886661139763,0.151540250215916,0.16245362250783174,0.15707172019279658,0.1731612451371375,0.16905904058004123,0.17916996134773897,0.17495441240511614,0.1871302078618096,0.18508878306366724,0.1812323408666523,0.19947578783212033,0.20056282583669083,0.20052146551397676,0.197212813990708,0.19934574905869967,0.19051470385759534,0.19133640068728303,0.19499648820783816,0.18653288187704878,0.18308640619965802,0.19001666872776612,0.19502726033199097,0.19480145663160295,0.20023637298234992,0.19261712664085887,0.19154406504549606,0.18760002849109553,0.19274166219538236,0.18785951639423615,0.19308040450587177,0.1937175197731082,0.20408141180637693,0.19601442367994418,0.19060601427394933,0.18732338627834516,0.19490267510640125,0.19431279557227793,0.17391434281771892,0.17791394922942397,0.17366236055580905,0.1751510721084354,0.17717025081843735,0.17731701023756946,0.17440832050672944,0.17917858393553024,0.18807206800278453,0.18699939436969534,0.18042216919990958,0.17988986671003243,0.1696074012977796,0.16171823768916813,0.16622957709824937,0.17563177884489783,0.17321352502315424,0.16500739193507322,0.17330795591731246,0.18377430965287117,0.18919632661379837,0.19432228114481925,0.19639076868874075,0.20275763644951858,0.18953250386653506,0.19007298712506177,0.1945606461865244,0.19236479764838238,0.19434120893034523,0.19144326834413372,0.20129187256118627,0.21041621297580249,0.21061417634569615,0.1966562122225148,0.20542921187884763,0.19680467922638598,0.20280377746721548,0.18995170669675723,0.20248107598574014,0.21123963091345832,0.20333701322183462,0.20328845255491146,0.20306034513274915,0.20898994900366405,0.20958693182291604,0.2067667492956998,0.22136777503620766,0.22244922652110524,0.22405508251871806,0.21709738885668076,0.21461921399073997,0.23399097119929754,0.23163863656883063,0.21965606539305643,0.21638263245319117,0.2213164523699551,0.21499318818195223,0.2254597390459879,0.21057135898997126,0.21951737462491175,0.2094504028472361,0.20677831880161218,0.22388278464219202,0.22276004656440118,0.23269384720366926,0.21577538491145265,0.2146763486871504,0.21472687317099723,0.2201411850437825,0.2107208939271303,0.20889185185854575,0.21379862115525317,0.2317954463804404,0.24156694111039181,0.2406557817198893,0.24609693225677218,0.2300168756111759,0.22131181505886632,0.22311696823286334,0.23696134158811621,0.23174464097307487,0.22723551033331169,0.23656996193726013,0.23763964777388183,0.2507622742777147,0.23203799278345094,0.22177990851992205,0.2220474039402205,0.22105441843227847,0.22386659823964472,0.21800863715441735,0.2216930100064567,0.2307298586411193,0.21437271092072593,0.21169592586192706,0.21519530900100178,0.21641691404088953,0.20852657014901652,0.21357666464633437,0.2074934061515833,0.20267310918090042,0.22014447987821073,0.21470235099723825,0.21519436754259108,0.20791187739090433,0.22640400234808647,0.22600216525245245,0.21698734203398637,0.2179736517162696,0.22624240042889754,0.23098495849551595,0.23758849143561825,0.22943263872099173,0.22881542608168373,0.2382962455928318,0.22480470683150278,0.21931215380254326,0.20686965968238508,0.20992337498446415,0.211593537829966,0.20820674755557045,0.19188008403690066,0.19696472770680779,0.1958409918567969,0.1952247790595555,0.20067847404410455,0.20299454620156698,0.19024436416002352,0.1956194979628922,0.19887534680889696,0.188734458750332,0.18406931664215795,0.18845471167874464,0.19416395065229364,0.19915182427609818,0.19869829019120355,0.19790255903030307,0.1949064897736828,0.1946109622430301,0.20092641709252412,0.2132520918609547,0.20004788768339474,0.1992356885261925,0.20383601956745687,0.20765605541427176,0.21285899140908518,0.21512807940706827,0.2193818527912747,0.22710003439762624,0.2143391479725883,0.21308972062366296,0.2169156067650891,0.21779138664521588,0.2173281084161053,0.21774169532972035,0.218658316474912,0.22083113266656854,0.21546394141672062,0.19916340151988848,0.20206819402740542,0.2086121985008662,0.2182436920294023,0.2072654434866986,0.194358795971879,0.20691953796842077,0.20742743643487488,0.21756022535609973,0.216113103456973,0.20962100556958793,0.20552265422676946,0.2063837027943033,0.2024287810690366,0.19013146739229927,0.19512162311951486,0.19207197408098034,0.19514311356334327,0.1973834201884895,0.21428195499914557,0.2118805053071308,0.21837227570473253,0.2056747603768489,0.215537777325066,0.2040787756012825,0.22159736912311434,0.22906587755496696
19,0.16413911973242043,0.1707787773485326,0.17638530484083897,0.1789849439247725,0.1826198576847102,0.17809937688379304,0.18044418872553483,0.17460529106628997,0.17021365600935354,0.1730886537178528,0.16547911897171633,0.16936267323230586,0.16593224917708765,0.1644565593500461,0.16577063458704525,0.17047672750154116,0.17593716921438973,0.16952896086532807,0.16207666807188892,0.17496641767016866,0.16939449793448114,0.17503858747446627,0.1714306611227907,0.1581987326544717,0.15817469292231073,0.15715347911030433,0.15072941028012854,0.16022460145977838,0.15543363370534924,0.16264578015759024,0.16083967986025818,0.150686380079069,0.15407954950501257,0.165165295995365,0.1579075880560504,0.15887226967925355,0.15661415080930913,0.15551310763139486,0.16481491089594932,0.1724630649680296,0.16777478849651456,0.16819330323982254,0.17788920736472258,0.18156414965506834,0.17990283200424423,0.20014662446890286,0.20560643360985176,0.20367945301258433,0.19165731515058762,0.1890044371594789,0.19590124678156587,0.19568584411691572,0.18697416396567412,0.19082975819873219,0.17854635970506957,0.19575925339776507,0.19723354925408298,0.18515216727768793,0.20220942768527314,0.189127986942648,0.19048856054301405,0.18624284620229395,0.18343107024558739,0.17998321282238108,0.19470150117395066,0.19247290447538684,0.2027932568394368,0.1927465884836045,0.17990987424891972,0.18576761269387274,0.1815596763942966,0.1795299458941674,0.18236802717131625,0.18882287244537244,0.1824483331501779,0.1811856924085383,0.1788524114188955,0.16860894073591395,0.16800314045620973,0.1718137433416528,0.18155018675738532,0.17914657105819454,0.18235295274173338,0.17657527853803245,0.16543797287474243,0.1708699530105743,0.17272730621738241,0.16620232698052553,0.16154744734386048,0.18213600229065693,0.18526530681424142,0.1780434905273547,0.18635420634615021,0.19675660940436082,0.1972168101049076,0.19710563936375017,0.1936035872410229,0.19391700724704763,0.19863469140482545,0.18899059834431484,0.19242336274249544,0.20691534525227545,0.2020985697371925,0.20297665912417467,0.19922395753433017,0.19944895031853768,0.19989382897629324,0.1923827374056297,0.20162223285270212,0.19517620529691312,0.19700026483468777,0.20162881141579111,0.2278523961045837,0.20934842601556455,0.22183716169186737,0.200301863613966,0.2036676019984612,0.2051987448613828,0.21473967920948828,0.22276825349897805,0.21966208421921918,0.22724979493667044,0.22405281254428772,0.23118747409716006,0.23413454732036265,0.22769091376359385,0.22128898663630445,0.22246172475405612,0.22593769822484988,0.2219766536410457,0.2171329336047084,0.21026244004988195,0.21003573940529158,0.21588436969725908,0.22341472831396333,0.21424204245968356,0.21758873133145953,0.20986760190828307,0.20952266045915188,0.21635244125054345,0.21978290023694097,0.2207455716457607,0.2053755786128055,0.21387360999675484,0.22995025737477617,0.23122037435974369,0.2352316744359174,0.2382241028095968,0.22324909138358,0.22819877040731426,0.2375673208581762,0.24163937290982257,0.23648293129948292,0.2423025027490356,0.23622442470882044,0.23649442099431822,0.2324066764134423,0.21371962328593752,0.22356530166600289,0.2160423038998992,0.22483183238295232,0.2245389047889458,0.2148035724777903,0.20668777971585586,0.21873012442287199,0.2165170992133207,0.21438515028911495,0.2175637320408823,0.2124667623497936,0.22450628320095317,0.20295245074858773,0.2041052707761712,0.20587926067361512,0.20642871065996612,0.21653624434303645,0.22166810061539013,0.22066105995496446,0.22088132559010193,0.21472924643321908,0.2260616015151942,0.22583653404896226,0.22128363656539976,0.22741169751606233,0.21625482197872792,0.22545241928750964,0.2342289114069256,0.22365895942046699,0.2052332393530533,0.20474009478092092,0.21469117851615782,0.21725931204370819,0.2063552868316684,0.19225484799510412,0.19889806588524325,0.19379867345736554,0.1854686880891724,0.19672213540843025,0.2092528587947102,0.19142391756931657,0.1929424104903532,0.18745330418161066,0.18658773809191243,0.19514130275723898,0.19055822551859375,0.19522253146416346,0.19780180939746944,0.20030398058862434,0.1987261825509135,0.20764108999197511,0.2042772016893314,0.20910484710792054,0.2096606848152183,0.21221813813716248,0.2176768278736123,0.20910475081160196,0.20249739002737385,0.21292227607365924,0.2128876166886034,0.22482929569457685,0.2209393133779417,0.22240646124159838,0.2184858924579669,0.2220570162694654,0.21390434184491466,0.21041475947711674,0.2167191556536332,0.21963214345399926,0.21158988377057295,0.2123391135597497,0.2072594302702905,0.20872770596717416,0.20915223027527977,0.21372547944683082,0.21299960595333362,0.2068762332097488,0.20274142281694013,0.19800788275353345,0.20315027754580042,0.2174564530796628,0.20963881685672475,0.20783079553189526,0.20354494911103252,0.1947600601490758,0.20704426246736118,0.19465295452059647,0.1870910877544469,0.20357178747218416,0.19891332635496514,0.20457143895435922,0.2057267190637944,0.1970977424883245,0.2124573694796677,0.20861647363598376,0.22148922319952874,0.20641668542253716,0.23047933913514165
20,0.16700401027260844,0.16901813295601445,0.17581660920258,0.1713665288979414,0.1791815544924958,0.17565742012760274,0.1799244981433827,0.17352002436976824,0.178372541374982,0.17148162881654444,0.1737551557273108,0.16600134237880593,0.16857210112353285,0.1665415874602192,0.16900427876450158,0.16911744158895892,0.17872800182928955,0.17343665943936412,0.1600408686783226,0.1807105051872473,0.17483512968029832,0.1751976998224448,0.1733621163204262,0.17455243034398302,0.16433739558353033,0.16388888478506472,0.16354482257938024,0.1659607160663533,0.16245463248185288,0.1622492881276814,0.16704435348976696,0.16122682440059385,0.16076999564539346,0.15836273732720238,0.17136992237126839,0.16382542375999398,0.16376926503507766,0.16475545391715052,0.16150396911430706,0.15939621335311904,0.16489576429765582,0.16240612341544466,0.1682675998321687,0.1820907564163712,0.17518809898435334,0.199548571699664,0.1972280768582866,0.1979340267524705,0.1981964037502704,0.1912094710107945,0.2012068954016229,0.19490285461848164,0.18774751610113236,0.18856318274289846,0.19484654081434108,0.18580906588002263,0.1830592589737819,0.18612096688688465,0.18784480984416718,0.19423062157785656,0.18844837636329145,0.18853613509615183,0.18579516156176684,0.18316154574994162,0.17470152659636795,0.19860368391691766,0.20470865271506206,0.19970294618792614,0.19247263856442612,0.1925670600429123,0.16291722347822157,0.18842702878614487,0.17894554881800293,0.19420276098936093,0.18554933406143057,0.18313337534748358,0.1821623414877947,0.18131920240629346,0.18603977260287569,0.1840475327986743,0.1745682265863712,0.16726316100721458,0.16648445931036956,0.18740492501838035,0.17093818958000767,0.17761297961177694,0.16794578165159615,0.16725345581972895,0.16566249581285378,0.1643546515676159,0.17755843152534312,0.1686985306743855,0.17647764511919525,0.18129415396306642,0.18877218381688382,0.18581839305195386,0.19710153657978802,0.20741712011404537,0.19298390942672394,0.18706218376704284,0.19762550831687517,0.18867931896609905,0.20914062425884192,0.20292951621021893,0.2010895350690918,0.19795771401376483,0.19698345477003334,0.19738596081579626,0.2006989082293963,0.20003517016834005,0.19815481509158614,0.19835708162187565,0.211637147808689,0.20653411593275037,0.21418650289385127,0.2102296658417151,0.21096834696921363,0.21229047070886115,0.2036080431573585,0.20071407116652362,0.21004444483862122,0.214657911695006,0.2150612669735947,0.23336950229833137,0.2337122088413531,0.22109911285223105,0.23017778153734392,0.21587765905778447,0.2222739155255776,0.22806781403886062,0.22251997373134813,0.21428846801026935,0.2207627015304571,0.2145346272187165,0.210876410259669,0.2115299174926703,0.2129148240748528,0.2096071051286581,0.21554442776824276,0.21922904903822857,0.216127086997927,0.21120942780520474,0.23014693737547104,0.21584788621792741,0.23093374581276702,0.2237101041502185,0.25269345882456956,0.23728899666383288,0.24104542884969707,0.23713682453781976,0.2213033560383797,0.2304039392440512,0.2450067220995432,0.23693526221273536,0.23641688999532134,0.2231492851842184,0.23770553804234076,0.23764741793515906,0.22602001530746263,0.22247683626029421,0.23721863359812928,0.215968692986585,0.2230602579043273,0.23348516934853475,0.22799593294314513,0.21386351476020302,0.2095575922985992,0.20430095653521002,0.21814692723570217,0.2044389774208858,0.22051503217066223,0.2056821957743499,0.19904806497860436,0.20624527128809397,0.20526991382847207,0.20852052034461097,0.2176517683452348,0.22421403789237918,0.21566039682701996,0.22590388510485243,0.2234638104623722,0.21359840235972027,0.22844281334572353,0.22314111559230873,0.22503258031097342,0.21289085197941443,0.21036190739629668,0.21022816522481733,0.19901247005055253,0.206744469108167,0.21292933610259157,0.1952421988012429,0.1987748662933126,0.20121592524323945,0.1983951586272531,0.20002630385332273,0.19772712879732826,0.19371279168943178,0.2033609724669675,0.19290571758195726,0.19628994801480076,0.1973095790342751,0.19772997889282476,0.19657262173974951,0.1968195978032199,0.19785832583353966,0.19244175107446462,0.19876989119957575,0.20172937361125703,0.1928346615790152,0.20214031121286666,0.20252208505835828,0.20787774640220288,0.21095508579483696,0.21768670212011648,0.20968120318578076,0.2000380397144676,0.21228455610708954,0.21793761806813058,0.21716678401272455,0.21190816950599706,0.21863279156027915,0.2244753720288578,0.2299809163124633,0.2113687601888483,0.2078265843513539,0.20737991875576453,0.21072904549165208,0.1978092289066755,0.2025682610940554,0.20588077765365692,0.20730572699033048,0.21685178431915608,0.2071157853730705,0.20520290279413317,0.1967241284841349,0.20030990731423756,0.20510729165317526,0.20849392249330898,0.21434699530885598,0.2183614150466867,0.2141363520906889,0.1998984584512167,0.1959476457805067,0.20214181460667066,0.19333238119440735,0.20512646699534864,0.20418065844434655,0.19818268135730768,0.20385560647478657,0.20736163093263454,0.2163528896039234,0.22080387968775056,0.2242849848739572,0.21526122132601583,0.2191106564535967
21,0.16213261970583834,0.1707252274566834,0.18023581720070556,0.17110960943525605,0.17510675501876485,0.17073906546707177,0.1701936686801764,0.17008797083319288,0.1691699807931326,0.17362793495798107,0.16503247011561786,0.16845736375860157,0.16537349314633018,0.17569738592976605,0.17327719140624687,0.1691197780488984,0.1726147883137865,0.1715664242935442,0.17222365429974035,0.16124653836917424,0.17075483115811269,0.18132759440863103,0.16067995447048034,0.16801122563866386,0.1644333103349118,0.15875952834440032,0.15565891538324902,0.15797195760383145,0.1513777340281722,0.15351435774695615,0.16399133449640693,0.17165821809458026,0.1623903807185154,0.1698878420953025,0.1577030163278936,0.151909522985096,0.1576961171111362,0.1534574580350852,0.1591264961374984,0.16589840095114364,0.16011547202338608,0.16840551119323166,0.17691591380827157,0.1759009155779868,0.18061960991713136,0.18968814958735153,0.18554783871649888,0.19439209488242706,0.18957265827355585,0.19117390001280005,0.1925835553053198,0.1986996673303361,0.19648822074035968,0.18989940325478855,0.1810592011953837,0.18983727883887652,0.1897562547377322,0.19421769698766467,0.1835562598879058,0.18222463961547233,0.18435274134687135,0.1842685421865912,0.18374447957712364,0.1818322865338352,0.1906544296101863,0.18305930112473887,0.19054497492812064,0.18963653003112596,0.18391624864036582,0.18445685516184018,0.182712180272224,0.16456800334332278,0.16960861196206956,0.17877265911038168,0.18060729993280852,0.18383741304193016,0.1815536146747268,0.1880224467976553,0.18025204475594783,0.19899317894911334,0.19180627007925963,0.18147779757369453,0.1648401496019354,0.1669614085705963,0.17972914156208192,0.1714325163811481,0.17404718359898844,0.16975282090617488,0.17600495722399903,0.16882202294935653,0.17075860570410664,0.17343789743704904,0.17600771305703122,0.19166247851527735,0.17921992861327143,0.19095801871521878,0.1927982999157097,0.1990241510111573,0.19290447387684348,0.1964477866320778,0.19018830153099522,0.19048983253400856,0.19146733832425983,0.19922564475083673,0.19985889872278875,0.2126779668932787,0.19300244020645757,0.20424832328051365,0.19201272010613452,0.1937084205449228,0.1916705989599507,0.19838808258477292,0.19716110794349354,0.20465534894278878,0.21087636170358676,0.20998607697330296,0.22099782525497855,0.20859605945461485,0.21237740014214773,0.2184907221019923,0.21568661765561167,0.21288815590032417,0.22809065901431863,0.2173733007207964,0.22900132754584923,0.2327186559449419,0.23675589427184096,0.23318553140137238,0.2244985808552493,0.22829531545430057,0.23028788968063638,0.2112892492569731,0.20672676092813144,0.20694884170858813,0.21384642781157973,0.20869324883769325,0.191261210448745,0.20430025090592305,0.21473784972865984,0.22638497516911193,0.2173617390042265,0.21359033652466042,0.22008051821546407,0.2070565626481487,0.2164440740956513,0.2291510227846962,0.2364495544520482,0.2548730992561772,0.2308845115117936,0.24322790550112725,0.2406749553960346,0.2381812115261097,0.23635859515585989,0.2416580685123461,0.24955535875526833,0.23475751300584552,0.23578658911498904,0.21758116611278358,0.21144430868223793,0.21706849741408238,0.23118624974408963,0.21744453646089398,0.22443175213183095,0.22208713418658363,0.23695768593784125,0.2141643108244107,0.20652983591570964,0.2051880196738188,0.20454369639436912,0.2064396433019114,0.21916928962941767,0.2228475685815279,0.20746168456736083,0.20981585349825352,0.21503794446584584,0.20822784282931298,0.21264883119676256,0.22663010500125538,0.2163889601863943,0.21075199772125086,0.21815205077486846,0.21922072010303434,0.22331366540443318,0.2250303522483447,0.23508049688337934,0.22047553239889284,0.21058163824047013,0.21420455413941328,0.20783046054850107,0.2046486103738435,0.21081349095828533,0.20952531391660423,0.19737378519069296,0.2034387271796419,0.18899764818013845,0.19755481991361334,0.1943033999427635,0.20378777612004145,0.18653172220950404,0.20092123547740343,0.1907688229060278,0.1860219531641941,0.18651527288709918,0.19886405463959037,0.1966442989506716,0.19671586641104297,0.20043717819197918,0.19473826662020305,0.21053296170023358,0.19859210537079167,0.19938557357841968,0.20248852181425697,0.2136191585307132,0.21501769406394597,0.2144807403075291,0.20541336637891805,0.21722649759378343,0.21007278835995744,0.21103102093852272,0.2198138232176349,0.22206284522496875,0.21224521109168443,0.21460957771652323,0.22208749214903933,0.22060781845621177,0.21148842357086745,0.20742409312655774,0.2156066243061926,0.20933276021837705,0.20337267451967475,0.2023963051648706,0.2043796259581433,0.20818162779035254,0.21548239802218694,0.21905652804462927,0.20823541847188043,0.20482732818505134,0.202230176082362,0.2107490860949141,0.2113905652296111,0.21520031366485295,0.21615351388202825,0.20651243142681358,0.1992824794478266,0.204931255149052,0.21033706036516878,0.20416774401522159,0.20183901588185663,0.20128031341096247,0.2105514807309383,0.21657060013474622,0.21647148678083217,0.2149901684584872,0.2225156698551054,0.21735438186840908,0.21154540674692685
22,0.17552597738315534,0.16784082284604965,0.1660505429548096,0.16000696955890636,0.16643321402125394,0.16663376228379742,0.1783819059901648,0.18203076740918916,0.1833547646486123,0.1846462534249007,0.17418590127330094,0.1707554995612198,0.18177016439615976,0.16847346185544024,0.18555894728088912,0.18157723562072967,0.16943163431199088,0.16716709675761632,0.16786946255150778,0.1678818707425428,0.16028249715650192,0.1661252700760095,0.1755054470781603,0.16482971207443867,0.16443016780492098,0.16097113268166988,0.17151033689008402,0.1624624880496924,0.16036589042090987,0.1626969831514462,0.16380958120296055,0.16935814961790532,0.1710005077735921,0.16402830609519076,0.1509353617594592,0.14602425527107907,0.15243089513927333,0.15625646679434355,0.1566365106846805,0.15915694708167677,0.15908436545153098,0.16325007895827315,0.1732318326952144,0.18170609702095067,0.18401414156177337,0.1903300229635849,0.19272138141608305,0.1832727514891483,0.18332293428973997,0.1877254266340183,0.1935823242861261,0.1905081238264726,0.19110229383473046,0.18104911239440674,0.18542948835962259,0.17751755189220886,0.1887762262355187,0.18839874263322998,0.19421979885207521,0.1802919350582226,0.18379487618451898,0.17830880933675905,0.19051404584425605,0.19242092586650977,0.1912372984836229,0.19160577739129708,0.18507757479875198,0.1772787170051292,0.18953568972075197,0.17735188141888988,0.18080252861072724,0.1809617552214041,0.17480240357790083,0.1791923644349016,0.1818376457720102,0.1842616263242025,0.18380003933781233,0.1786293837639888,0.18152155363492847,0.18563753800154972,0.1874613757837221,0.17846633293407774,0.1802400918369462,0.17388098831725673,0.17865830115212214,0.16777880622818098,0.1729089207278506,0.1726653129029536,0.17535085991945307,0.17659503941245025,0.16956893791560296,0.1777576908669716,0.17495622522790683,0.18429688720553655,0.1921784118142859,0.19459855003894302,0.19590788227030445,0.1995615594395119,0.19619413025679086,0.19190049721686955,0.1885469015918097,0.19639226097571635,0.19593407908330815,0.18878113810798614,0.20088715580871255,0.20072581502688833,0.2055106817704857,0.20276251059656783,0.19632270984641675,0.1881580051356781,0.19595650727643335,0.19856828276072055,0.2046281604112289,0.19275235817043562,0.21213977309797288,0.21520967914058628,0.2124604514694045,0.2227468135192374,0.21126648174665943,0.20665970256724653,0.2326952402810371,0.23035497701958924,0.23038176437976074,0.2220555846195892,0.24116362319639326,0.23592588888983404,0.2248142314614579,0.23797344627537134,0.22718486740067553,0.2188212527312906,0.22796779574955262,0.23093443708178235,0.2249367935356006,0.20319686818159238,0.20611965173753094,0.214657911695006,0.21060011306041715,0.20619009560506774,0.2057489843225602,0.2216238525143778,0.21429715233304036,0.2049721233087178,0.20712112674120753,0.22238623382428693,0.20488011064495107,0.22528750222474062,0.22768100513059897,0.23421451168517707,0.2464424399742088,0.24399408605075412,0.24186827096931307,0.24250991533551297,0.24248143862206842,0.2268353312454815,0.24950807180836487,0.23445780781105918,0.23361670810963692,0.2233490450784763,0.2231334600826788,0.21281365958735007,0.2155186708501562,0.21493829524266855,0.23153156109595488,0.23273596468919955,0.23091125411151892,0.23010603019096473,0.22935589128858552,0.230216210029648,0.22128862996088655,0.20635452659209708,0.2193598295580407,0.2159380623233011,0.2156208729665866,0.21580653910257902,0.19704487788042485,0.2119693655892384,0.20659471146691727,0.21061228502164325,0.21327183222429158,0.20499232443845877,0.21981169743977713,0.2222562589680446,0.2199867886679626,0.21768920834531963,0.21452998381716332,0.2270903083468407,0.22193908948998947,0.22808551213050668,0.21218569423608963,0.2049896339861731,0.20700755696989157,0.21055661980828266,0.19973742054606977,0.19698060636370196,0.19178542531981707,0.18277580275049343,0.18504587144367776,0.1883942745036105,0.18656471112278664,0.19693776277515035,0.1853051118559466,0.1876856634990923,0.19136481945574826,0.18982827445277192,0.19165126933625437,0.20032185815574352,0.2046053568723384,0.19683032066231285,0.20154526058226138,0.1958329201873229,0.1979313970350893,0.1962912180667156,0.20912608152915493,0.210585856757351,0.2170127747839305,0.20837667315205047,0.21227815288103083,0.2128034673829724,0.2185595058053908,0.21995006770633158,0.22958700360248951,0.22614609868468005,0.22083723454055842,0.23335494048264838,0.22252140837526121,0.2187169796905652,0.21157921427829124,0.2201245088690596,0.2207788668542793,0.21074389379444458,0.20247728090986142,0.20538007116202647,0.20154301911193184,0.20901916092551512,0.19933991053000438,0.21698939053411437,0.20337795213630727,0.20118939284011952,0.21161102946823276,0.2158941626343558,0.21523425925869855,0.21529805181229786,0.21175798707266863,0.21042769596839753,0.22087247616135058,0.20618003072162952,0.20539354939933965,0.2046809386766157,0.20422288168145966,0.19965652868017136,0.21599137043206793,0.22286840245021003,0.22000745640141725,0.2199735684155821,0.22500366902643626,0.2246381428378146
23,0.17254488921423872,0.18463405162958343,0.16973214512576645,0.16295425309284867,0.1666224438599087,0.16834444880316202,0.1712458281047306,0.1717745818447152,0.17385172331134577,0.1839506810157931,0.1774343500453949,0.1783231388476135,0.18291882374599716,0.1754051740866398,0.1823196590444389,0.17806567076035734,0.1722112820840453,0.16975020209526567,0.1603433304596624,0.16146868187749616,0.17436704194047295,0.16385096367853896,0.16897575671601353,0.16954086710657662,0.16877149599246036,0.16545968759528992,0.16237998613998422,0.16401029131290293,0.16516636085881337,0.16073868090955878,0.16614979126184146,0.1600811885008503,0.16113415279510213,0.16336800289040357,0.1613254183516479,0.15455319946896617,0.1513540337959245,0.15046621625869588,0.155402141769246,0.16073612713986113,0.15381404734404938,0.16728619382506166,0.17083116397295842,0.1783860134326292,0.1898793341026869,0.18881082940318156,0.17691204389311252,0.18908871042935824,0.18132797017901464,0.18243001758695784,0.1849394662984698,0.18439837944145251,0.1843940486441214,0.19478450229548797,0.1893608960525436,0.19072108116156222,0.19697283695519646,0.1835013653553358,0.1900615207991935,0.17561341972146333,0.1884816174458449,0.18739616545263385,0.19252219298397666,0.1944348457971089,0.18914427471876177,0.18779598370531425,0.18157660847625878,0.18958745644440303,0.1816449799747292,0.19588551376771235,0.17669843377049685,0.1821793297737277,0.17507421994662378,0.18077954958207149,0.17354579691163136,0.17741988769262232,0.18548513052927076,0.17986957148042768,0.173677076482223,0.17605051506149516,0.18529145857373538,0.17121909610284983,0.17601739934195398,0.16950374581687142,0.1717177542193379,0.17581389684438914,0.1745498580632624,0.17880748718389095,0.1684559673696966,0.1715061508194326,0.17938635276516518,0.1891135294502536,0.18301770285254956,0.17904013638043417,0.1765955273632507,0.18924834925730097,0.1786752917863487,0.19130036559048438,0.19696555766488036,0.19383325998334472,0.1959427098664332,0.19546446268299997,0.19588539198612293,0.20156921756330123,0.19820787707543625,0.20079036075044346,0.21231559738302336,0.202695767376844,0.19841534203808925,0.19438914071623128,0.19416225175945634,0.19962573492002061,0.1968585174085243,0.2049441376500807,0.21434008568948074,0.2077916061385063,0.21981088762504844,0.21067834593866785,0.20454953662064465,0.21896847815194279,0.21296346287599147,0.21481969715720386,0.21978608849369338,0.21411589078067209,0.22762444505457988,0.23047657952055192,0.22453668161423146,0.23551127303567176,0.2331386084822627,0.23113094768686174,0.22633916011387437,0.22609523000056436,0.22722719114293072,0.2308197679066963,0.20397579289739293,0.2109336656586179,0.21879097316773347,0.20552932692602685,0.21601947188577458,0.212961844672706,0.21071851644687573,0.20729579857529246,0.19679569780963246,0.21451590603311832,0.2133611286284394,0.22207700920180484,0.21709838862940548,0.21791398363196418,0.22677986895430746,0.23786996025169227,0.23623486833498075,0.25457514511513174,0.2381182597948908,0.24779834415782298,0.26869030728033133,0.2526329538574819,0.240374005255051,0.24229954577978516,0.22676049690577318,0.2384429026443242,0.22615000412316977,0.22497574570316897,0.22333459427287733,0.23820018804676948,0.2277423512155604,0.2203093859459157,0.216774253834872,0.21783341499209236,0.22493943502525934,0.2189039508866347,0.21234908794311178,0.2116342239536363,0.22037579905117394,0.20406674629191665,0.20515920146233882,0.2193199812081117,0.21085834816855611,0.21392207376599,0.20832634768339436,0.2091022952704612,0.2025766290328973,0.20982851159410806,0.20737476171286454,0.20634853980334789,0.21142162182670104,0.20962008849820904,0.2240121632596805,0.21213933347553715,0.20729408024403803,0.20641250289546348,0.1984956985800757,0.19602763935741613,0.19635745294319684,0.18929572234409212,0.19455128336974337,0.19421653426393304,0.1923402605415541,0.20141256024216397,0.17867051943534878,0.17997082189170827,0.1875327835908615,0.18759648641129678,0.18361451083730734,0.1882870711772751,0.19272129266462745,0.192148279440158,0.20063965389969823,0.20850962153675934,0.20385261175744535,0.20718823941444797,0.19266977934237958,0.19723812710927488,0.209651029806186,0.20929025156232606,0.20988466090337343,0.20781218084480624,0.21543913664164646,0.22230053095836896,0.2217059762479322,0.22895155630321723,0.2212479217872184,0.22916674698809159,0.22049604296531058,0.2293376721670098,0.23545932788639468,0.22251285188599507,0.20838286272875073,0.21675952967057635,0.21996728780778702,0.21995680364430947,0.20657663558542189,0.20103090603462032,0.20103996964016038,0.20162066368587284,0.19064003101795934,0.2094154888755485,0.2223896134672647,0.2173120956792363,0.20463009223272996,0.20740107352367865,0.21830701932405686,0.20310191580239337,0.20765218246991382,0.2189041021001792,0.20727160005566742,0.21345886702852251,0.21140059240956466,0.210955037220639,0.2051278839636779,0.21553281444147304,0.20679412674502107,0.22038133015150824,0.22081369240641865,0.23277240835890017,0.22817386557450436,0.22726449907428845
24,0.18342397463994403,0.18230588991024724,0.18598593398306815,0.1652347927283825,0.1647141464163839,0.17825774159300373,0.16855005555391375,0.17610865490279906,0.17664510205765502,0.17694728361293804,0.19269369294477973,0.1955740412907672,0.17854771640023873,0.19099073498078237,0.17759604910219137,0.18020764033945477,0.17889186840407045,0.18083421282167086,0.16364920504998282,0.16647694592508208,0.16738032238432377,0.16448284151033407,0.15997425634938417,0.16307523010498054,0.17480171933364522,0.16933685905560278,0.1694375644032476,0.17282035782180402,0.1645966530833033,0.16521101524119,0.16615503260875739,0.15851800574423014,0.16536168918487643,0.16230514986438596,0.16406604157946925,0.15487167662337484,0.15631872352274223,0.1603930699735087,0.15512435902411453,0.15893882571417434,0.15372234467858598,0.16768333386754986,0.1568133381785237,0.17747512878805416,0.18450349614859712,0.1846424695066483,0.18929811964156845,0.18605279557984117,0.1944639038785015,0.1851759579430313,0.18366542157348023,0.17631745153816109,0.18473351763244794,0.17609202997585316,0.18093142347135321,0.19444738187898986,0.18408928036565045,0.18891806993691615,0.19082044310885282,0.20517573600675754,0.19145922649106237,0.18260148285699163,0.19146698562871342,0.19907340555338401,0.19467146626693038,0.18624777792760439,0.18563535803858838,0.18006180527196425,0.18810255733049763,0.18054027514794427,0.19080756970009793,0.17896384421168027,0.16586593453768272,0.1738044132984329,0.17613396024291178,0.18199811922762732,0.18597681251499873,0.18145122311024167,0.17816188540978034,0.18317647613302024,0.1880352188930835,0.17765220406936993,0.16022367913548588,0.1678743329470565,0.18066952385523485,0.17360454863705596,0.1686128619694883,0.16815756115011155,0.17641653993928397,0.1731809429513926,0.1653877351761591,0.17486037281471747,0.182364415913125,0.1680553721799951,0.18894190943719197,0.18681063642732632,0.18901227090020975,0.19579192214536392,0.1944558889662921,0.1896149605380808,0.1918772564083201,0.19400141608011687,0.1974329660469646,0.20255648406229634,0.19737290352098724,0.19584569071368116,0.21534698711648714,0.20233311140428156,0.21048124308844265,0.21294056399186514,0.1952255297621811,0.20549908855460347,0.20654786014272963,0.1971521601962419,0.19421997773520303,0.20956772555154143,0.2120013858915945,0.2028715652484874,0.20650030621541243,0.20450244277135232,0.19822331736751922,0.2133644693732419,0.21586736981572824,0.22960365648019,0.21101372300647192,0.21851733736799347,0.22177949998660929,0.22209388443289083,0.22487226795329124,0.23495825062526107,0.2225040907918114,0.2165442718411976,0.2292693501519695,0.22485606178754272,0.222968185702014,0.21442494136950932,0.2154324398419812,0.19022736843036334,0.20259571239817864,0.20991636628817448,0.20209630815295834,0.2043610380449994,0.21446483860003565,0.21000546665195324,0.21044727179700456,0.2082176305321846,0.21244875971350163,0.22472681671726444,0.21793440644436715,0.22728438518648952,0.23746111352160687,0.2351483848071401,0.2270367179583833,0.24616658451846193,0.23376366090306389,0.2398335854002529,0.2320378859260309,0.22524024963490336,0.2477486519040518,0.2562772174741924,0.24137661912956926,0.22207741828315034,0.23291807921890462,0.2540440337991647,0.24391825252313432,0.22529383098609246,0.23836467798057562,0.22314702438671355,0.23781289510885006,0.22284659364523063,0.2215070738412409,0.2207267658847398,0.21871058388047723,0.21405796875968688,0.2060309665796664,0.20594525963874757,0.2188912493217958,0.21389769275344878,0.22230472829828202,0.2049413534512269,0.19851132584535736,0.20401037305292893,0.20263636675222885,0.2074941705869497,0.20663505492687245,0.20869175918772212,0.20619712232435514,0.21187328491134408,0.21353044247499023,0.19306497805524195,0.19640098429827263,0.2023966733326304,0.19455558393776992,0.193609248840724,0.19513799572047427,0.190857354624248,0.1867087622992273,0.19386834371942435,0.18570256395891782,0.1871254682063361,0.18534889447633146,0.18556992832312852,0.19594941895001325,0.19356730343853137,0.1933387916660121,0.18644107570192714,0.1921062082152718,0.19765607180774886,0.20172004668598434,0.1949233200794656,0.20590955498584976,0.20036393392746576,0.19277015652324975,0.2052641475618519,0.20644991100590357,0.20168110864490021,0.21972000488250998,0.22658079694894304,0.2279842261888918,0.22591413254675777,0.24569199117047968,0.23643714142688574,0.24295766217812598,0.24671042418615632,0.2450660213161207,0.2294271974173269,0.22439015574391205,0.2123650772703709,0.21400439868104576,0.2183377849256123,0.2107692256668563,0.2090397609130648,0.20325768271555672,0.2082209866309166,0.20060499841247018,0.2030790625712112,0.20586399668404892,0.2163366996542116,0.216667463938164,0.22005112843902006,0.21100575477325326,0.2083059139281085,0.21648798590658228,0.22036808618889486,0.2090997916111444,0.2121193560395906,0.21155368763110013,0.21450321212173698,0.21076252843899762,0.21422620777676746,0.21554566854527965,0.20778859187588433,0.2089515514036157,0.22229049861333441,0.23499542104593396,0.2454681785389405
25,0.1688957028033283,0.1897405696017776,0.18859162385925501,0.17394317779314486,0.17209569241600217,0.17127982083555274,0.17739954434446528,0.17464610325460841,0.17756149787730183,0.1810045949789619,0.18911087322394585,0.1830974938797581,0.19159130695144092,0.20703530000514067,0.18632764717068873,0.17074008763732149,0.16653349630944594,0.16909816702606909,0.16900657474582162,0.17474087255621404,0.17522448813568,0.17384463799728955,0.1613059547334883,0.16775922069502947,0.16264761524611185,0.15867243992940339,0.16072916924858802,0.16673005752072526,0.17210972076787825,0.16498053211166913,0.16780140776159522,0.15568078041055602,0.15900156538114818,0.1566509381048584,0.16444978120325815,0.15570659226370567,0.1544738604079028,0.16199421288752566,0.1629725646640896,0.16109134218680343,0.1655947637889197,0.16026356528691865,0.17078955226350187,0.16821727754272406,0.1827553081715556,0.19389262931109574,0.18467359347537549,0.1871357663379911,0.18632902008858765,0.18238331282347314,0.18649105250484804,0.17760946251320733,0.1801257905950267,0.18625408214924521,0.18405804296937298,0.17948943893284297,0.19306573378923983,0.19213005186889268,0.18994379028429875,0.17493125021170888,0.19227308740590346,0.18913229827629321,0.1830305142814993,0.19282333944687546,0.2060471918295804,0.19663583648334076,0.19258528472917696,0.1902412978078769,0.1855994991850661,0.1885664391418189,0.18934066582491396,0.1803005286097269,0.1709138668474703,0.1752320735225922,0.17543785145403323,0.17922310619378756,0.18357963413712855,0.18944563361029848,0.17978290763186644,0.1927028776217001,0.18963487075224605,0.18453039016398945,0.16498307733878506,0.16801861482989167,0.18240825974345443,0.17328796434902222,0.17539806584870535,0.17707983147763048,0.17507861404561575,0.17723251486246744,0.17035025970432954,0.18144633483557476,0.18262410476149135,0.18529034928874494,0.17987131098181355,0.1884936394896984,0.18322410121999913,0.1856771237423086,0.18417725673672958,0.18465760564493222,0.18983330112050636,0.18964356029481566,0.19531304010798217,0.19836037470177798,0.20409556143200128,0.21230459798654033,0.21416465601677356,0.1999046650063779,0.20606882748378105,0.2155937665672785,0.20938217171462248,0.19889756210818757,0.21880457578106405,0.20444161357147592,0.18763165099612147,0.20772731135191322,0.2169624118384661,0.20408709785486748,0.19805319370109958,0.20243043110336909,0.2049439960797347,0.2215195701464291,0.22398658069001676,0.22552355040926067,0.2162517845347704,0.215164391678315,0.2251902587846362,0.23481665653174372,0.23486288967854227,0.22950259473813142,0.22278718189461882,0.21630477164290193,0.2212306523717855,0.21884947040556807,0.21813140666029368,0.2149791295025,0.21208570637334237,0.20483317650971306,0.19311103877765642,0.2037509066789808,0.20554101650291884,0.20801262759357056,0.2177351776331067,0.21699453685146133,0.2104959285251984,0.19726106794222337,0.23253626899273847,0.21211339736430587,0.22170505735545973,0.22711901708362184,0.21352247753692213,0.23395961606439158,0.23045052401938543,0.23660597083260537,0.2548202866987038,0.24906333552913087,0.22572486398364727,0.2492021012872422,0.2450225751944165,0.24985221274437225,0.26445513240874985,0.2486875821770371,0.2366292896519507,0.23369170652103133,0.2293236259483328,0.22256650189774663,0.22127237636259825,0.22584719446121543,0.23069665633446115,0.22820302656840935,0.24783520615886787,0.22023974725833664,0.21367479698354797,0.2190011019049008,0.20808199354581425,0.2136193552813199,0.21955857327138284,0.22106816176791705,0.2107308408190674,0.2061524022937246,0.20112030548521076,0.20275532547246825,0.19988259081734086,0.20120691856642414,0.19853906852848996,0.1951267270541058,0.2044785232490974,0.21285379613751737,0.20593378416153946,0.20498878437699797,0.197476917720192,0.18620824202933495,0.18689827800193257,0.19136411444299795,0.18296701378906258,0.1887843113324867,0.16519450616703096,0.18641004015261983,0.18631134454393872,0.18870951567022973,0.18299954081751738,0.18746141894830404,0.19111575920547036,0.19506372797028446,0.20390709151168426,0.19269497966058788,0.19069587553013642,0.20350816577595476,0.19730037468331732,0.19885561111688743,0.19638323507367705,0.19822360948041,0.19374914737578863,0.2114581848901622,0.20002169352482393,0.20140096633689772,0.21202018054703853,0.20910460636720724,0.23090806397668648,0.23224453323433664,0.24232448587815011,0.24050383173769577,0.2305264699615866,0.24541296359909778,0.2448331949854966,0.23993218000770047,0.2301420090522019,0.23126792297770643,0.21989446611389987,0.21146008381049927,0.21832069238951085,0.20969607422453104,0.20937334909961228,0.20823445951454772,0.19589478743261807,0.19254795036315983,0.19052694331998268,0.20678717491020024,0.21489410399143713,0.22647543369802198,0.22187976641427615,0.2166232663255211,0.21767427166958467,0.1972369326784791,0.2176738706991275,0.2089828271113264,0.2067824135143543,0.22133841721829944,0.2116302768133905,0.21561769548338905,0.20458260298152917,0.2133329308962535,0.2155817038260229,0.22862388477208073,0.2326048147154733,0.23579505879859453
26,0.17267028268166867,0.17526988431076715,0.18596640687941557,0.188435359260225,0.18610639643886612,0.17339593025046135,0.18102518500699274,0.1695135815815473,0.17636979089211322,0.18408266793718056,0.18242069247911144,0.1733415996298837,0.19101672729927438,0.19537732536701313,0.1904853586722488,0.1895551987905279,0.17053703187458386,0.17409736578998777,0.17103429427922773,0.16683989198338334,0.17770170714248068,0.17360946549940579,0.1739690131850413,0.16784302572683282,0.16389703613879533,0.16812864001455513,0.16494957465682777,0.1701378341707111,0.16618958372556566,0.1684430125356011,0.17123364441815683,0.16314542514782168,0.16229610605803038,0.1557991198857685,0.1654018641769177,0.17603053139108854,0.1667125905241315,0.167677735436408,0.1561356228264246,0.16213250770863108,0.1667650738024561,0.16535453106383324,0.17111638627375012,0.1676442259775423,0.18280240283812424,0.18482733435072016,0.182770331693474,0.18403422642740289,0.19348589022654464,0.18613039543169754,0.1862004816292169,0.18020320049948738,0.1837262031147914,0.17414892581969096,0.18458890774712078,0.18899447136971645,0.17966401469018725,0.18579340755245194,0.1879599409881661,0.19496865693169554,0.18212925033914582,0.19618487855957403,0.19424533608556224,0.19663642055847036,0.2019835169995519,0.19808722134538875,0.19550180885340088,0.18264138843925484,0.19030732291175995,0.19647621811657093,0.1866556326362618,0.18154445977159075,0.18621081460903938,0.17827539197237718,0.1749088160196177,0.17912937062464165,0.1853147550926675,0.18585425140245854,0.18018635499885094,0.18293853632023885,0.19754630461655315,0.17726410407137544,0.18555723822769604,0.1682656238463892,0.1787103477882816,0.17511691590829104,0.1806904502167625,0.1807416322461207,0.17477314446531433,0.1671849578357152,0.17401668855276212,0.1911731076649318,0.17258092802294342,0.18359413358479726,0.1837127507694184,0.18692285255608143,0.1853319946954078,0.18590955015112784,0.18083937608379946,0.18385883333486605,0.17712603460255097,0.1997750035242502,0.18649848147206477,0.1983255283756235,0.1971710549011986,0.19062045418894832,0.20558475182818017,0.20839912923697176,0.20376322233843447,0.21576773369286398,0.21070910382920194,0.2101518899108046,0.21463161824215807,0.20965122290200927,0.1944812333374602,0.19500661782085038,0.1950150820189316,0.2040073807594506,0.20241679308784163,0.2107548123316134,0.203728890480688,0.20521084089970498,0.20733742472811864,0.20964316130267163,0.22480030700284187,0.22043492304532564,0.215698437935109,0.22076676816715718,0.21993522911209545,0.23358023982103868,0.21987072071981606,0.2181288953441236,0.22609429291619518,0.23163255625717807,0.22180294080253224,0.22000796298788997,0.21174262851995707,0.20727933181991437,0.19581546126722174,0.19885309278202185,0.19558901519921398,0.20364881624779743,0.20256989360793776,0.19755983282956607,0.2060186324492342,0.20834040304939663,0.22069972905779384,0.2123980376637008,0.2215478807104746,0.23829525793958944,0.2421205768810693,0.23944677935418507,0.23742338908349378,0.24716655247530162,0.23705351534539737,0.24227148426415512,0.2305636825223787,0.23850149188360847,0.2350809840474471,0.24928640809331637,0.23092656737223033,0.22012430612698788,0.24148035186525435,0.22669847571064447,0.22747951833174218,0.23299081471076113,0.22470798223127186,0.23398057289679097,0.23746625325677917,0.2302717173959363,0.2371411927997902,0.22947321484034192,0.2294224958122643,0.22458797534191266,0.20712389286098773,0.20928336038260853,0.23667593418546137,0.2150453717415899,0.21149197848241197,0.21673377726576384,0.2090889588153404,0.1991568263552655,0.2025836538905854,0.18898263495719322,0.19803494860793933,0.19646204031150208,0.1972923973207625,0.20169520331058563,0.20801530982480598,0.20254814493865178,0.19493314965023037,0.18718627416702072,0.1991776201728371,0.1941925211033752,0.19401798953492624,0.17478123349624672,0.17046377426701737,0.17808805878785713,0.1904094506267127,0.1871677846515198,0.20187196945367186,0.1981536105468736,0.18449283309823905,0.19264076756492193,0.2039576315044113,0.21811689165222667,0.2030856746393159,0.19328809242427583,0.18570478747119795,0.18099059176366064,0.20584138720176223,0.19186802272395787,0.1953222057163886,0.2143011985581522,0.2101352446642907,0.21360002539992723,0.2207639723463789,0.22868632741536585,0.23033826964951157,0.24432730239826927,0.2432797159162789,0.2433455450600955,0.2314692476237973,0.243430056564439,0.2554812309545719,0.24213384582154368,0.23970952978814053,0.2367828807640895,0.22980321485460556,0.21685273302863467,0.2097241775733361,0.2211894455555465,0.20547935793181246,0.2194154980535641,0.19739190573877977,0.1910147040815528,0.20868589679755276,0.19878911488182152,0.20947061124408228,0.21046835176736187,0.21962359692356792,0.2195910826906863,0.21192090503373587,0.20687756699441434,0.20593307289267543,0.21275814738599158,0.2121166697308313,0.21589918355101256,0.22432800805725076,0.22624094179493942,0.21360425519902224,0.21947871053657145,0.229294902525683,0.2345842768984575,0.2208061167458589,0.23419029841879757
27,0.17741249355527164,0.1840575343989084,0.181954415875627,0.18232948278187078,0.17049525626288684,0.1782929209389926,0.17403676419117076,0.17302565421663843,0.16854691196638202,0.17151515494692623,0.18616910032635628,0.1846584560265904,0.18218734208302628,0.19240063453403328,0.1911589780127533,0.19478441259393034,0.18170321012700685,0.17115070798983525,0.17140697873766256,0.17377928258992373,0.16891973833117496,0.17483158707587257,0.18024793585063523,0.16722511373424775,0.1598032840232477,0.16714604315287238,0.15783742968429995,0.15771027898741158,0.16601525621456176,0.1692495411697794,0.16522627048354313,0.16828805846044567,0.16587716337834435,0.1556614243287558,0.16526302580420696,0.16797652786717682,0.16417861966280278,0.1676251193191967,0.16655036929619202,0.15995768126291685,0.16199507080235484,0.161767621490231,0.170394785439764,0.174491228382072,0.1845846574793809,0.17654596658177285,0.17097798714450732,0.18544016284624848,0.18775897252339896,0.18397516453415164,0.1859777546177444,0.18389333964712537,0.1823070652835447,0.18454258510869614,0.1881409791882046,0.18283902637993873,0.18563587096874676,0.18670390434764295,0.17604175925933707,0.19525451268660154,0.180374067962435,0.19106819460712132,0.1980910390453338,0.1939636731990687,0.18494819620110012,0.1925193115637839,0.19415062815462664,0.1888775322931515,0.19938703123339002,0.18687646057157853,0.18997410187121455,0.19712912309130745,0.1825371645029759,0.17355454845911666,0.18012927457038605,0.18233347120240923,0.18737329758032167,0.1987393247963743,0.1820785138676728,0.18487772997070676,0.1934398737182852,0.18238390075875704,0.18430495020794802,0.16502399630406112,0.1735776882378987,0.18051117783873646,0.17981453737374936,0.18321414490813376,0.17542557148215082,0.1799671752250955,0.18260703295330782,0.1682958473419389,0.17293320882123756,0.18234539500092387,0.17996079373632187,0.18304117710842374,0.1842933226221819,0.18537266773600589,0.18729819841455142,0.18796963581836718,0.1931089933773325,0.18591978136680215,0.19535329913193786,0.19594658549597407,0.1772092142869955,0.1972742541106784,0.19468428657088444,0.19633084691045408,0.22141380736958197,0.20908712933188947,0.2133629463801532,0.2130123089797975,0.20693954982949458,0.21153771068638122,0.19379742399517097,0.19198756480588233,0.2052862682198853,0.20692725659984554,0.2015270093345187,0.20609971916379843,0.20361399263156219,0.2062991316719801,0.2003910080683315,0.19669229151491968,0.212954293219952,0.21305071694516398,0.20996170944240686,0.2219756314031322,0.21614171843282237,0.21884548947750307,0.21909764020020017,0.23408775683883545,0.23461382497839883,0.21436466520575456,0.21524917719108302,0.2098027613857198,0.2021943566320618,0.20213525654046285,0.20650021111852904,0.20808055617128943,0.2014705861708459,0.21236913591504197,0.21672973501494594,0.19741674636387174,0.20523404271852141,0.21244269395139254,0.21274212846381607,0.21867019891112824,0.21840174298848017,0.2354073941943123,0.24758686458359755,0.2548155927787882,0.23136949571003726,0.2347576751706465,0.24956064533779337,0.2370325015950496,0.24011157694082355,0.23924595292341447,0.2289327367350055,0.2498950191758528,0.2330139918503124,0.23230133198805852,0.23587667653041752,0.2424210343923407,0.24188336403387015,0.2283572477074746,0.2301952193270837,0.23046824780775127,0.2349091319282039,0.23401494832112185,0.24403667550695685,0.22682034151115846,0.2293354542858124,0.22445325092687793,0.2200987621199382,0.2208510660791498,0.22311737922988595,0.22765699552274124,0.21349170223499986,0.2223473716213648,0.21497868399599662,0.21714588313759334,0.2120549428454053,0.19515600986447657,0.20993898830088073,0.1932577860591622,0.20636431489069082,0.19101312070871876,0.19942554610833682,0.20407495527893188,0.20607537556375738,0.19006073306174173,0.17655466615528104,0.1845542709163224,0.18626223077907986,0.18126823246843862,0.18516163201496305,0.18406075536891692,0.18644279289560164,0.18832735200196646,0.17960164081420765,0.18488654210250835,0.18870673476452704,0.18680401227501817,0.19721656488647707,0.2107661196796488,0.19879434221404535,0.21280562338549766,0.19677492249049308,0.19306177733228255,0.19837146926651342,0.19813826693051623,0.19638207295110396,0.1984021070075125,0.20001089812638262,0.20993860157932898,0.21067281581631553,0.2144571844717495,0.23780462672774197,0.24766554947992206,0.24362525124297577,0.2519915628317652,0.24652535905073344,0.2415785109389522,0.2550427602628254,0.2392825344283866,0.2440997305384341,0.2358754273436513,0.22463022907609764,0.2151167361749008,0.22043938970805532,0.22006333992123628,0.2090563193840493,0.21222297583048255,0.2084907540223985,0.21422009126558764,0.20581655281296674,0.20670881628238935,0.2144498762687181,0.20791800528651397,0.22925129626600868,0.22487630673230943,0.22342064435365475,0.21393616183991662,0.21038874354895584,0.21795483117078807,0.2256751812845208,0.21099360865521302,0.23030321463117617,0.2223430710835106,0.21464239223747278,0.21195936023660333,0.2505090384636712,0.24508611069857555,0.23990157543969023,0.2445099292573501
28,0.1731241682864437,0.1852253397240613,0.17961714953604396,0.17491884459367268,0.1916638907418111,0.1801095329343136,0.1758462049638964,0.180957088467372,0.17533769782845998,0.17429193841402527,0.19223240526956806,0.20340480594666693,0.19394911400319606,0.1997091724241678,0.20459536934572278,0.19396371786086014,0.19349569186478657,0.19452306325088908,0.18211654392906954,0.18041631162769622,0.1790868922183559,0.17947972688750707,0.1808759811767946,0.1721523279982202,0.17541410017974332,0.1643801604414425,0.1643178334246408,0.16189010323184946,0.16737951303066667,0.16271657714802257,0.16451651456383992,0.17056613165066797,0.172152565835615,0.1731163552534177,0.17654706416788407,0.16606002539407144,0.17176698792122172,0.16969252032928048,0.1606511726615169,0.16364076458432683,0.17025861648094018,0.16641823053422425,0.17505559664125706,0.18154053041138726,0.17963890535985919,0.18093333988749571,0.1839500033176879,0.19172771658834828,0.19516698362524915,0.19276593980732587,0.19805389599521514,0.19139963269065702,0.19327474101701433,0.18219321520370146,0.1919039438121692,0.1849314607012123,0.18681773399403287,0.18412773040836047,0.18594341377430385,0.17540586069306008,0.1878253903112525,0.18091234373949677,0.18507011720387215,0.18937144802028222,0.1910044563731345,0.18284748872433704,0.18543324570883568,0.18873441529262192,0.19634944588868986,0.18495019774904053,0.18587517910231416,0.18988847208103848,0.18525417317240658,0.18509249089005866,0.18357642158649787,0.164893144481419,0.17874643961244102,0.19470127701569262,0.18909223714429807,0.19435955677040076,0.20070675066616953,0.19576516285011883,0.18064398283387934,0.18651050586113363,0.1737200317243294,0.18541232507352226,0.17799909736364256,0.18180415312469175,0.17770698555646763,0.1879190896973536,0.1816944660469563,0.1797062989551451,0.18423324430713373,0.1806198594525165,0.182011571748396,0.1766012202222114,0.18955506785048057,0.1776394418771125,0.18000368666392924,0.18394877499623602,0.18495398797363466,0.18864999585728617,0.19469249021531354,0.19286849873555903,0.19100230134562346,0.18763795885465018,0.18804690936796045,0.20406371088292208,0.20262249091575782,0.20020810270005154,0.21268448012425517,0.20139757640510017,0.19699461747271474,0.1967031931377905,0.1981209628739334,0.19024488982535406,0.20555464729447434,0.20953366046549898,0.20883567963276672,0.20227675132026682,0.21705745170215976,0.2013318202362976,0.20949907028766027,0.21480802395544993,0.20588452274599478,0.2136465577970619,0.21568527674044538,0.22107895343029235,0.22471046580939733,0.2300820827272599,0.2145687642450006,0.21959057706411492,0.23720241153496466,0.23051081169240492,0.22876300882107964,0.20617789437090414,0.21398222547959778,0.21478626205269055,0.20650006847328592,0.20939697332998167,0.212779360842366,0.20348273672128092,0.21613415375777997,0.2163172733137473,0.2109987099396291,0.20009675238641284,0.20533968903783476,0.20451440358173248,0.24124571046873794,0.22827223973437902,0.25395045775673675,0.23397723260752296,0.24625184893550767,0.23142027216073932,0.23650721823096557,0.23676069164566163,0.2262028122721164,0.23429579812320667,0.2364435656304797,0.22772473218673048,0.21761969635853975,0.2316226360913282,0.23935417104114498,0.2489940102956425,0.2311417515724558,0.2397286280739172,0.2308302383426568,0.22732840247995792,0.2154080354893508,0.22968746786328811,0.23793750320042203,0.22961021223004274,0.2382239382502733,0.2276170026061657,0.23038791795589106,0.2175605259268664,0.2106175225760118,0.22334338806811918,0.21242391075440298,0.2222586642716189,0.23642353140268554,0.22288959752193221,0.22704712134684102,0.2137685936035064,0.2080241710131414,0.2038386995723191,0.20368151657583555,0.18894730419402625,0.2000170050080219,0.19982151621141964,0.20502867260543445,0.1892015979389908,0.18341113567028916,0.17224550612091769,0.1892994272711701,0.17883676283345487,0.18590869400798157,0.16985303053446282,0.18732079832800122,0.1891414003034064,0.19307338020548112,0.1754659289610049,0.18631001465573885,0.1812952393238778,0.195467626725721,0.19916985903992987,0.20233830613561402,0.19731842488375645,0.20189194872339805,0.1931845986550224,0.19097261721650668,0.19154102184876012,0.19436013855951503,0.1984607873537698,0.20681574558772947,0.21214690487808519,0.2136786346523483,0.21840471005136064,0.22623703478602536,0.23199936703245108,0.2481972698587868,0.2406735145464797,0.24146734113580187,0.227070700639932,0.2387534742553098,0.24770165026521287,0.2318359599318621,0.24351140137519986,0.22885815898434272,0.22007438657602402,0.22250403955835707,0.21404076770542857,0.22462510855531315,0.2207423694705721,0.2207544159899833,0.22155053341716266,0.21770645195689042,0.2274084510035711,0.19981174839884142,0.20856051952945293,0.21214783300408674,0.212431639056242,0.23241871728869137,0.2084340177411749,0.22059293548782935,0.2055232221076339,0.20604685972101336,0.20557523718302348,0.2079254260268794,0.21116862885389387,0.22553040510401323,0.21971524924830232,0.22971618756788587,0.23055619705966562,0.22988635801451146,0.2353705921780059
29,0.1769074001066618,0.18177296864430564,0.1799979255702265,0.1844109478213625,0.18176664868348436,0.18408796633851873,0.1882509168287723,0.18021448703604986,0.16277548573869005,0.17164315943850628,0.18139750109955904,0.18735621321794121,0.2016413563137608,0.19543222657253267,0.19443650230444193,0.19460773589001007,0.2053786051614789,0.19673870572898464,0.18785782940797488,0.19070044215700946,0.1880592501021716,0.18146225354716874,0.182209409217072,0.17156053820477982,0.1724298299898967,0.16361100034550338,0.16345668992352894,0.15953460449405113,0.15430109213944587,0.1602775148687429,0.15980655890667414,0.16073553496717552,0.169953377585578,0.1679283419607959,0.1738592492719047,0.17162004045127532,0.17626244902474056,0.17700959157206703,0.17309730249830171,0.18102810281175458,0.175084943354506,0.17550730602264558,0.18016839096622156,0.17951502338890454,0.180463842382864,0.18732890735857763,0.1949416779899085,0.1932385633393534,0.19759856666965328,0.1916273527287973,0.19635007432441243,0.18916766363102067,0.1966819656491362,0.1895212010623735,0.19316591695134097,0.18670674171994062,0.18731109383263808,0.18554642883088682,0.1951732571907541,0.1892649524578792,0.1826729742752655,0.18416109985244733,0.17965429319868184,0.1868275850031518,0.19143141080357662,0.19147046852570357,0.18203139612227215,0.1894993828837343,0.20335534410841288,0.19327714420225747,0.19267993893329563,0.19826405301381758,0.18360144715175536,0.18421750668735826,0.17948877767053076,0.1741891099257311,0.1719589956911234,0.19038226966126007,0.191210043370552,0.19554438507754707,0.19345350379861137,0.19417302656848026,0.18702583397454758,0.1888794458918423,0.18738960683402878,0.18492362577137364,0.18673176405145653,0.17966616589981219,0.18700283905756498,0.18349490079832947,0.18466100719506204,0.19236745528463356,0.18558458496778982,0.18274066458249902,0.18876801108844496,0.1841836181036733,0.1908012431553989,0.18606487691957502,0.18808692227091056,0.17656600876638645,0.18490578551209513,0.1867825929228347,0.19352255980982266,0.1877506287202829,0.18378044551709644,0.18760922957184623,0.19072876646797385,0.1894665294463594,0.19778454383312735,0.2088383243900891,0.2050893459125924,0.19831972429409456,0.20943511521238245,0.19433637612899346,0.21466631441729137,0.1976167897598298,0.20995233063066096,0.20237764599503502,0.1969413950709608,0.21496962556399754,0.21070813348015335,0.20570682448818295,0.20276587681441655,0.1988688947163697,0.20431808055308393,0.2198281980645651,0.21752751571941012,0.21773974000025093,0.22195866294143257,0.2223203410508896,0.22125108035119687,0.21350851502911936,0.22041959495920765,0.22903671177666277,0.22041558547017379,0.21353108164956475,0.2150401231068097,0.19752933879945853,0.20944037171804572,0.19944385410659518,0.21302339409288143,0.21568393583361548,0.19830279250756846,0.20810058448432453,0.19874947036229096,0.20204990938171574,0.20757626822280392,0.21829048209138618,0.2214215058478122,0.2277071669524835,0.24133893949492957,0.23107778715370847,0.239643028847705,0.23732538823601437,0.2384564641962764,0.23376226142937875,0.23886812468907853,0.2404300241196464,0.23801027164054744,0.22098215272875096,0.22452902992533477,0.21740914094448094,0.21980769900855532,0.22466954201229467,0.22966557348437033,0.22497869846959662,0.23194013200609484,0.23193164057747834,0.22974427605577216,0.22572720287394582,0.2513026104926988,0.22653003912677064,0.24292616827162264,0.22677146201301301,0.2391324976953536,0.21986646808417393,0.22036387467409618,0.22231261132157004,0.22146311285214396,0.2271908309613203,0.22886163698231315,0.21947517298623104,0.2136152727433643,0.21318281862833488,0.20026059860774753,0.19937044489687517,0.2050631857250138,0.20208786233681397,0.1950602650481068,0.1829496571710759,0.18761017994392704,0.18842147534135859,0.19165797711264598,0.1900652844787491,0.18554574525384027,0.1815544507619454,0.19292130899422447,0.18036052882212852,0.178536493141225,0.19022802545355222,0.19216252646430879,0.1845496389985966,0.17976519078391995,0.18377638312889913,0.19633249244662226,0.20345102396950393,0.21530737196521602,0.18737269356114872,0.19855386712582052,0.18716394906003894,0.18812508103041398,0.18185715808283798,0.19975399049763162,0.20076362096530231,0.20224495642293155,0.22645123836692804,0.2219115975830818,0.2229730630859549,0.22145990026817283,0.24170553735798692,0.2323709320677517,0.22821768728647368,0.24629681739672374,0.24369117388531783,0.2429710329395498,0.2506533422865201,0.24169919279899169,0.229465923290058,0.23171161275920982,0.2276978343344564,0.21758487353807623,0.23139224516592813,0.2260297996092132,0.21582721167011862,0.22002615021489055,0.21208414367386455,0.2178953187551186,0.2248490722682623,0.21852558926192095,0.21689832590764327,0.22057602193390785,0.21709623912373927,0.22142380014806243,0.21311999632435366,0.21397577104604212,0.21049457141216915,0.2112216836183091,0.21460720577692163,0.23438893191457477,0.2115661582800533,0.21190895020598263,0.22835808900821547,0.23934937622905936,0.2262958033244007,0.24215670578572523,0.23461306867400344
30,0.17643811122643394,0.18200197467710152,0.18248215456099556,0.17975736777828794,0.17270829628003487,0.1733164560252813,0.1847922272805022,0.18108967945865487,0.17550900333698033,0.1732274051723004,0.18206576907507444,0.19343430615128915,0.19378336810054833,0.1996081506639601,0.20133505144025307,0.21077708790154218,0.1968966966456612,0.21203638922421056,0.2018917023406509,0.19106991042285434,0.1965623836246112,0.19720011778337848,0.18391764613895648,0.172286996516379,0.17064450188449512,0.17591452500579474,0.167529850137595,0.16180204264695677,0.1673077658948198,0.1537237605202234,0.16650995368036886,0.16217331714548383,0.17179380546405826,0.16805839050909915,0.17349465514102153,0.17133007302845876,0.17747112404769644,0.1788902207566604,0.17806042269230005,0.17558507603356854,0.17697629544686944,0.16865371033932933,0.17568423828081198,0.17808420423822338,0.1819841229562153,0.184302828331008,0.18802898427032097,0.186097483315375,0.18727417821372108,0.20121815844255947,0.20198961899688864,0.18934293289805829,0.18661300228984185,0.18957457891486387,0.18198098022888679,0.20206460675652835,0.1850645348580864,0.19974705686326677,0.1957601954724197,0.19196479966889438,0.18675786479804543,0.18707510601123037,0.17691701369434437,0.18099388408888964,0.18889619070740593,0.18493226976178892,0.18960181919558045,0.18578510831828352,0.19512882078419988,0.19337245012936374,0.19113195411057246,0.19003902780309354,0.18693447387321865,0.18565891154327124,0.17782761343302111,0.16682809859464218,0.18311081684734817,0.18084795408710205,0.18324380449956376,0.20172356281185178,0.19332080727012785,0.20180064035085146,0.1873174340460057,0.1800652880097257,0.1883587067659813,0.18302103205212053,0.1683177433924785,0.17320989562736497,0.1864396160997391,0.18522559562250168,0.1860490256769718,0.1906460449318562,0.18694588068335044,0.1913515568385589,0.18718209339416206,0.1889174174381455,0.1954430673570933,0.18942997415009621,0.18609709766101284,0.1736067072424031,0.18325891037556707,0.18951343350283104,0.18599248629960324,0.18981057290008432,0.18213998647884877,0.18496382588529853,0.19718796270272332,0.21093910548715994,0.1920945307706705,0.2065538051535817,0.20264516678312927,0.18964552532195325,0.1924396241413835,0.19866495810041146,0.20618026809529882,0.2015855973862147,0.20044784428751272,0.20123217441912772,0.20113422665130323,0.1890076576580325,0.19363871858034049,0.20907311987085064,0.19284869306514874,0.20348808279087635,0.1991667400880165,0.20395347062680935,0.2182131406679524,0.2130512075131336,0.21865297965861347,0.21706314942002025,0.2212662624653616,0.22166325177661475,0.20817721776266565,0.20157378001554413,0.22218922800083507,0.21316642414798218,0.20641487932090408,0.20495088595000296,0.19512879382615891,0.20406962668306886,0.20517446043732646,0.21417915459844114,0.20024059173757214,0.19691965671186337,0.21089097758916278,0.2102114171308995,0.21191060920300195,0.20770664939575523,0.2197301235956577,0.2231359776373979,0.2228430531229689,0.24097023433934306,0.23224736749447164,0.23957114029239004,0.23435838685896096,0.2383510667663429,0.22346041449488058,0.23585229142822878,0.21978269780950221,0.23317167903100278,0.21463112403516238,0.21709039057652202,0.22154135110625076,0.22269814524439177,0.22671930416939579,0.22948769295299748,0.23307242778830806,0.2234286698404974,0.22788461186302478,0.2193025592993952,0.22202301707837446,0.22733206661042257,0.2250006123156438,0.22381794298119004,0.2302360893533968,0.24323496227065675,0.2173246055290962,0.22072544445907738,0.22545807780335872,0.2219633138064062,0.22555979956631023,0.22181780325667932,0.22259463873531488,0.226587057694223,0.20918016440737974,0.1939796181121048,0.2061252047263684,0.2010850576597836,0.20317854690201484,0.2002717948431542,0.20277841308258712,0.20220562838894893,0.20301677754382746,0.2094701771530159,0.1890006509678467,0.18498192730628502,0.17854138524431354,0.1737059521134501,0.17325365286197295,0.18053229370492607,0.1807175374363019,0.18146522018060612,0.18402346337870212,0.18565638933729525,0.18180620437197434,0.2037202216397234,0.20846396796544364,0.2146005842509461,0.19773815151904464,0.19002962004376486,0.18806929649078863,0.1927125064728387,0.20551110765617597,0.20307627097767011,0.21164976957987647,0.213991784311375,0.21327654661119644,0.2179278327995575,0.22054118308439186,0.22893300030371067,0.23052737233493534,0.228540303613061,0.23334381823184142,0.2453897962391877,0.23289930899586694,0.2316030103483253,0.2508123977344933,0.24972418244722486,0.24352227930917947,0.24530370063899826,0.24509688966963744,0.23503156910236603,0.21764009159045583,0.2180051232986694,0.22230211774828737,0.22216410938921127,0.2194057474691219,0.22930878858407777,0.20591505490085388,0.21760260993302055,0.21562995884097566,0.2173150979775276,0.22931253743600932,0.21481440456763642,0.20536673567144204,0.21855573144903134,0.21934604090683885,0.2073976351301154,0.22130085916040307,0.21981579717262503,0.21144693778855408,0.22203135023305168,0.21054091207931613,0.22052879275034892,0.22228251400924068,0.22570480249790337
31,0.19113089787927898,0.18103110403143133,0.18845679456870224,0.18281999806093116,0.18164422712084774,0.17632049645896955,0.18009472812715102,0.17928328452145856,0.18753476992826398,0.18413519242746396,0.18261119563624945,0.18627574113507003,0.19771376667696824,0.19373451506447498,0.1996768468512723,0.20855096320436614,0.21608205427384986,0.21587890175306038,0.20051207901207715,0.19611700396206735,0.1937084205449228,0.1895851427898902,0.19427347118047206,0.1834617365547642,0.1774673645777615,0.16930157564825268,0.1692794736572439,0.15465038303767603,0.15486775401569866,0.16152293593615846,0.16565963494760658,0.16720578533863795,0.16930559095809566,0.17645643467362127,0.17885216432532833,0.1785481686342526,0.16742426459898152,0.1719941992686489,0.17496375871494316,0.17435467633445453,0.1739713365556027,0.17670795462539032,0.17043449573374186,0.17814199022498015,0.18644326512663484,0.18726249265910289,0.1841528735320815,0.17982443316076918,0.19773762791447988,0.1965467740147671,0.19918895629046932,0.19966964050039415,0.19185225138175957,0.19802157480478122,0.20065204485077584,0.18978155466675237,0.1876964678653375,0.20108131652969935,0.1950118669274778,0.18719045503325826,0.18935762593395677,0.18963631170412804,0.18421979725461637,0.17384059509437413,0.18734512647285403,0.17964870874996325,0.19197381699251329,0.18393564517592317,0.19518286116984582,0.19400029932140944,0.1936119682506206,0.189173543980087,0.18320916695508585,0.18472611643590986,0.177278757825067,0.1765158466039885,0.1804132375169547,0.17820636020652997,0.1823059318877345,0.18335932435674362,0.18773878375065167,0.19250419589671375,0.1867339998868785,0.1908417103007878,0.18840459908009347,0.18351323876243839,0.19075964256266748,0.17931965721369272,0.18644420959228958,0.1948973346976352,0.1844474264499969,0.18343005657083322,0.19347417346511195,0.18621458779023045,0.18420694499566442,0.18979169306329224,0.18598524878682776,0.1947190759846498,0.19030368589643437,0.178852740877516,0.1862132157154967,0.19498109274254785,0.18215818903663272,0.1819039375330145,0.18426374772678417,0.18716485408015698,0.1960711833740468,0.201697065644861,0.2090665246763817,0.20517431870787914,0.1975649414038161,0.18945959299471518,0.19520655180694826,0.19369526310321047,0.19320595138589505,0.19782109887828303,0.20080559070521586,0.20047527135887466,0.21229970954879573,0.19106445506211503,0.20350807674294918,0.20281056736763914,0.1978861822998264,0.18083038210954827,0.2028275384429933,0.1959129751941901,0.2127293925668562,0.2057153031315807,0.2065691202896789,0.213985280317555,0.21145117363971339,0.21559744012872406,0.21567991316314372,0.21000628869783902,0.20834510437320192,0.21165795707718907,0.19832979820572488,0.19910388901173803,0.1978552050965746,0.19410114620979385,0.19894223835390437,0.21175452520639768,0.21533027745931474,0.20327602049227805,0.20588442793269002,0.19614422685798374,0.21361586298499097,0.2226019169662778,0.22588547208799156,0.2211254348641868,0.23061375112056934,0.2250485401021757,0.23132048808948927,0.23383450674725031,0.2148682763593096,0.2168658655914642,0.22273111953127103,0.23549305297301212,0.2223745590891721,0.21898799131186458,0.2069728119177684,0.2140665944505111,0.22769987908882966,0.2127166084525214,0.21878951219659476,0.2270484806187341,0.22900048387533445,0.2310047446287295,0.21072322291338863,0.20916166966811015,0.21467644754928525,0.22040421718898576,0.2258929619476612,0.22837212867175752,0.23974402924488758,0.2191109591663645,0.22754945517185368,0.218463959168104,0.21252327509757332,0.2130825080846803,0.21432083863853468,0.2114916375978929,0.2177277577236775,0.2265317082679319,0.22021403773656698,0.21002413272209783,0.20977145957254859,0.21151087408361408,0.19968349849705222,0.1972561352790129,0.20534011456917192,0.19952043169387984,0.19763067774736592,0.1988431021750331,0.18171174542436933,0.18594127303396346,0.17956397053696774,0.17502057245805777,0.17638441133032032,0.18265472027643406,0.17315725799802395,0.18024071436524425,0.18233850933200613,0.18353276183482153,0.18657081127445607,0.199040686081153,0.1939640751555615,0.19914026879800564,0.20930148033422769,0.19554176009343915,0.18986162778866922,0.18655968509135254,0.2031701587776023,0.2008068899746261,0.20560889544139713,0.21089612495284463,0.20012967034504106,0.21185464962150827,0.21775478144814245,0.22577590927387367,0.23123427053702786,0.23592730131659248,0.23019421224553369,0.24222435046484223,0.23797284352661371,0.25788851418449693,0.25183900800824927,0.24613943536125302,0.2547270112567561,0.25440755255715636,0.24340461035825964,0.21901335597646657,0.229426880452159,0.22447092695951884,0.21324732891259388,0.2073991632979949,0.21481885626977465,0.22586211988377677,0.2186196526772554,0.21365925021004747,0.21200328968994298,0.22329093897764302,0.22685998550638273,0.20892985362464872,0.2078122286953347,0.21759183765636134,0.2295291244239051,0.21294487879674132,0.21751419283606005,0.21263673738256644,0.21770063709802945,0.23489431178324488,0.22155517573029476,0.22550973779367106,0.23145048757117295,0.2292005735118157
32,0.1924720181069465,0.1874052702313277,0.19217434079166054,0.17727834962611191,0.17584750065139051,0.1875983870311664,0.1904761919700011,0.18615444038291207,0.1942153268274255,0.17716351977825873,0.18313666448242502,0.19030351062034295,0.2071751681484792,0.197690035774256,0.2136047962258786,0.19172771658834828,0.20142979001818767,0.20399574082644267,0.21447273992222782,0.1981246215545286,0.20614015582452042,0.20546511710075316,0.18877040170282858,0.1836735838263967,0.1712362861147822,0.1769793924966138,0.16397838319057695,0.16095927232725038,0.16459525079741769,0.16403657769574395,0.15890314762757415,0.16052563627362312,0.16353537079816546,0.16915510146738413,0.17138235252765358,0.16682410362918948,0.18900704837031357,0.17286724075557314,0.1734266759100509,0.1724314975422557,0.173183933706149,0.1696146654131469,0.18876110020986017,0.18534279159990627,0.17263959161450546,0.17685148056826558,0.18696895469877794,0.1782736679048218,0.17542613698829046,0.1886844455479537,0.19256369021687966,0.2016788935267137,0.19130525504057616,0.19802711481481944,0.20045495687174142,0.20592515426524718,0.2034507944226189,0.20002358646402676,0.2026136498814057,0.18925113814458858,0.18629066800102306,0.18136910086663963,0.18331592728717025,0.18706498351086712,0.18084712125341335,0.18625090856882215,0.19120542051378325,0.1989189829189142,0.19603996666844953,0.19990499043697646,0.19028624671640954,0.18910808640366325,0.1877966755725609,0.17646517046790963,0.18362190977699883,0.18006350517126568,0.16467042258133083,0.18121114311980918,0.18552152261812282,0.18780614576171625,0.18749409738850717,0.1827536670212962,0.18833832340729428,0.19532429704648085,0.1817688250690272,0.17801434473678443,0.19559836039974077,0.1833630819792236,0.18832596435986812,0.18276574454880964,0.198525491545681,0.1910815695788405,0.19350237508463577,0.1931598235482874,0.19411808576290296,0.18958662701784043,0.19208740964721885,0.19561659721172234,0.18542184580467747,0.18547641798984912,0.18203671931339985,0.19264227571480838,0.20247502907413856,0.178826386105536,0.19076280511910979,0.18721933573169763,0.20055348357783642,0.1962215942850597,0.1987297608895836,0.22041893516485953,0.21055463203707617,0.2039974459082818,0.19614700445610334,0.19831014404960268,0.19556563839051644,0.203948417575827,0.19330852186250114,0.19229898857129707,0.2016593625313368,0.21073399480967245,0.21525398485137534,0.2062435141756164,0.19233109314782507,0.19768919821147216,0.19195467778570452,0.1921168246900045,0.2101290514207501,0.20575220587868157,0.21486110256796115,0.20922197625072747,0.2092066089453414,0.21716858418218402,0.21402755981118649,0.20443045723806672,0.2073919046008503,0.207078113563631,0.2113483686706233,0.19750649410456658,0.19876572631345588,0.19395063239589128,0.18983185867179986,0.2002458019076716,0.21759188775873925,0.20097280312588037,0.19885301494308869,0.19768296667369953,0.20631385785801631,0.22708884424623582,0.2113460327750369,0.21193656931855573,0.22121868173920511,0.2202694665397978,0.226793550481567,0.2327319455161823,0.23330008659890017,0.205142762722105,0.2225567137772751,0.21208868530111719,0.22556473364127996,0.22408335594541184,0.22523635990718147,0.21262807138814577,0.20781399917263432,0.21313486586893396,0.20851605512537225,0.21291815783155194,0.21705975076329748,0.2236390300489203,0.2086519750521525,0.21495616237034063,0.22159099112991662,0.2351460565872544,0.2310864069500167,0.22307243091729775,0.23313957476293726,0.2218235237793541,0.21831003536782123,0.2109358998569352,0.20532068287079042,0.20905136133220822,0.20639577363463768,0.22038056898267436,0.2143551390747927,0.21878407142437709,0.22880014744911933,0.21772845959617376,0.20246476792035778,0.2051386532428605,0.1999168779927473,0.19310254606156554,0.20105486205909368,0.20364445066122794,0.20236692846856577,0.20245253540247105,0.1983161898697541,0.1898616715059296,0.1842520803148206,0.1792370552006871,0.16220356681318546,0.17573699664017287,0.1714223719158212,0.1808597807394007,0.17432802099801517,0.19046031575910452,0.19430375786318294,0.19050768516581162,0.18810823131616433,0.19614950658629574,0.19531492896167293,0.20219348601857576,0.20022984446094932,0.20463965737373643,0.19884677419130467,0.21096470370639095,0.22019548006543177,0.20751227897317576,0.20861671381471317,0.20690886576715195,0.2142085986161438,0.21430573831629254,0.2312633966523897,0.24172167777631806,0.2388703797578738,0.22717184227309592,0.24897021824171398,0.25877540681342176,0.24929691257258912,0.24881559664952874,0.26118425934887746,0.2569111777141611,0.25388146751013,0.23027145228597695,0.22426706528623402,0.2308064280900521,0.2195486141169951,0.21640630012010081,0.2174495934336334,0.21324993133511305,0.22030598718870956,0.22022610613238855,0.2167077285275022,0.21513362740654418,0.22345197625364935,0.2234455963315796,0.21567251363191958,0.23618200222507124,0.22260391595869047,0.2229866176394412,0.22592729364890834,0.22842571869232248,0.223942694821312,0.2256622946720181,0.21380502101477183,0.22037965558354392,0.23589345972455375,0.23257942902206707
33,0.20456955479045297,0.1830816846538081,0.19619757716764555,0.19355170438554878,0.19185565293414653,0.1925221043242507,0.18436573113343716,0.18696064600318876,0.18684522347862728,0.18555018854965932,0.18137139777901787,0.18423231104150922,0.20007807947367812,0.20878572405487636,0.20231900477089867,0.2128096414484906,0.206418729188181,0.2029519881069802,0.20375443005448557,0.2041815047041131,0.20401610879624446,0.1971576713431181,0.20452297435638842,0.18999636844116036,0.18662404570914654,0.16965200631320154,0.16863079986394844,0.15919510143255225,0.16703550714573884,0.15955958570587103,0.17010947333948578,0.16321662753534819,0.15822459765775665,0.15869724959516332,0.16994218585563897,0.16955589749030522,0.17422789918744863,0.17499534649111453,0.174189791771987,0.16198548479490674,0.1701742322740368,0.1792624385750438,0.17878179773552086,0.17369183364966384,0.18584603503568914,0.17681011230413923,0.1871429193487252,0.18761838790314025,0.18404854988573763,0.1884035145391618,0.19152981977300296,0.19112491267886794,0.1947855787174014,0.21101139080950562,0.2036756729941264,0.20612715068093104,0.20279480244562356,0.20251472659405184,0.1951486224713341,0.19841823860367558,0.19143220422202398,0.18794704417664732,0.190005905805693,0.18670429125950808,0.17459660714177097,0.18667256714921834,0.17465651892679493,0.18682139042151444,0.1936839350389131,0.19842283938703997,0.19056129697905275,0.19336991218384864,0.19192325472821922,0.18518917630020032,0.18889105837240672,0.18453094253081945,0.17610618133867317,0.17999912750980604,0.1877279337226192,0.1931787270677566,0.18500386434329746,0.1846789939329627,0.18958588490241285,0.19545510587768983,0.19739173302442464,0.18136429832566311,0.18341983566340783,0.19732069660915205,0.1945904399650052,0.18406592599127042,0.18983601120529267,0.1971715951656656,0.18476325301395594,0.1952513790685395,0.19993127657607535,0.1888844909267776,0.20655708687286864,0.19381572049624868,0.1896834761726933,0.18301428943232326,0.18801504370901986,0.18100534518178446,0.19369414810685617,0.193534413190314,0.19687642292054472,0.18626300277302446,0.19585498955163802,0.19260457550951676,0.20456272484176455,0.20142888559221617,0.21903004883960042,0.20017454959909464,0.1874313788030168,0.19030193314278496,0.19204159308017496,0.20959108215301497,0.19781592446694202,0.1879497706100143,0.20511470653597852,0.20435355629894905,0.20770770157533638,0.19871696244830575,0.20358982075111218,0.2023345090767274,0.19019990689088365,0.1920825886638126,0.20416898511890794,0.20329416332044042,0.21864024231221166,0.21912417803175377,0.20648551917608848,0.20821111026643127,0.21042415894609026,0.19344054183709342,0.19703944701546428,0.2034947503470581,0.21180143586838698,0.19958533944888335,0.19694986161850825,0.19416676727053864,0.20848811366675524,0.19872985698396572,0.2117143521937909,0.20199974909156143,0.20533155683063162,0.2059114989045401,0.2152206803786602,0.20773333814295178,0.19425472890737233,0.2195122190196237,0.23166685343712196,0.2126580366661477,0.22714370217774746,0.22777848497601053,0.23697591018747188,0.2043338415631296,0.20523333386647455,0.22084826919081116,0.22702683779462346,0.21592866514985307,0.22953789786322634,0.2206512032122924,0.2233464222649496,0.21080931642200357,0.22125546165975563,0.20065484470185843,0.20116759784020377,0.21582890134250152,0.19934855546895744,0.22287045515350778,0.21202140103681924,0.22830924611814973,0.24011671875511767,0.23230459486183633,0.22640530563803965,0.21516181543526997,0.2168671639108347,0.2180652682403529,0.21443861817302667,0.20240853428523312,0.22193719867357956,0.2182848526809827,0.2245086094646995,0.21547455873317944,0.22647976201472986,0.22103182013804112,0.21401952705023078,0.21935614239791243,0.20253045108970372,0.19950572588173868,0.2036919097485577,0.22116347239709097,0.20230262591148432,0.19448136768038318,0.20265793357304276,0.20314419661640365,0.1850699893620084,0.18698729540641473,0.17118724394567428,0.16759968575334175,0.17491952929640364,0.17722190476345454,0.16829565358429574,0.18330208291286904,0.18692496155627075,0.1967186339856928,0.18865633795084558,0.19774558230023587,0.2023680933896007,0.20130202791973356,0.1982719418338183,0.2015508063561548,0.2003990553484563,0.20711368701613248,0.21620941415082137,0.21695237062508513,0.2141221029235211,0.2096370791035545,0.21496111197587603,0.20040263612285633,0.21656950305860692,0.21794077955649785,0.24423409994376052,0.2413260475193662,0.22662405179492004,0.25019659790663246,0.2480567789333632,0.2581118835174052,0.24783726054932692,0.2522400245448691,0.2570597021516465,0.24194491561562012,0.2326174014769145,0.2344354587115101,0.23174730904721197,0.2206219404262158,0.210719147204329,0.23243910792668862,0.20702690996658604,0.2185340930639932,0.21777203025389408,0.21760696909885757,0.2279759320810916,0.22755144619810114,0.21651021934580614,0.22254902707344812,0.22832938137216555,0.23359605280459045,0.23247357805947894,0.22567211545112703,0.21194291343931373,0.23093417120883927,0.23067620609167439,0.23165122438789293,0.2300979767834305,0.24462869582969002
34,0.192076396752541,0.18696180833735235,0.19312646890867127,0.1994504222143851,0.20626365063198726,0.20027182712315625,0.19004432260734655,0.18513797107889304,0.1865572365609866,0.18775659471789388,0.1934637938091285,0.19239031247211824,0.19778966277231178,0.20342491818509953,0.20965233320644472,0.21045604274656712,0.19997172640847868,0.19806787855095623,0.19476198850055038,0.2070123712162713,0.20727412955173344,0.19579187255433847,0.18911109094600995,0.1943120796988023,0.18799694849722573,0.18157911706713892,0.16507142484620554,0.158848383630171,0.1559681784269558,0.16554638439065886,0.16380531906226217,0.16964185002451987,0.16426725504083503,0.16143931271375433,0.1598935702685728,0.1679097055348831,0.16683190158332753,0.16763175815359602,0.16935038956083648,0.17281184225300414,0.16824485802670106,0.1705376994251369,0.18282218705876765,0.17815224519741737,0.17894958682962334,0.1893503882723044,0.1974665506634456,0.19373643326185855,0.18982132475748648,0.18637918143107543,0.18864469646316795,0.19550571627734878,0.20375108964904515,0.21039542889935892,0.2006316939720328,0.20766432750029049,0.2139153748674967,0.20352095881795826,0.20225747911311223,0.2047720131805416,0.19902816091443074,0.18974301622287124,0.1876459519936825,0.1890373845799801,0.18812858977259284,0.18739823664304153,0.18730540076268865,0.19457628175103603,0.2003440920311252,0.1939503644433754,0.19722121954760993,0.19734990424041773,0.20030615754450426,0.1965011561640754,0.1916565649296853,0.1827853985382996,0.1740602488148319,0.17458575284346714,0.17769209183003504,0.18797608488860795,0.18565664583125313,0.1933793072013626,0.1831297067666622,0.19592373888609171,0.20032087567834783,0.18029646011399808,0.1734362201519872,0.18468486232575648,0.18962312521953326,0.18374676426274528,0.19600302767900873,0.1843216714529657,0.1859474812488514,0.19156598631127894,0.2038412716591581,0.20474339482794734,0.20443248133773775,0.2062293628425434,0.21311096714017866,0.19936748439310054,0.19895184455345863,0.18825104686794364,0.19422838542805965,0.1905065446528201,0.19660916556763655,0.19846685604600925,0.19621410782154924,0.18759402427327757,0.20240830125393036,0.1907206859256052,0.19422382376230213,0.20749345392871116,0.1949379972922823,0.18630126337016295,0.20138319185734885,0.2026049678479134,0.2165260732821019,0.21258660680060298,0.20062574848630907,0.1994286732459668,0.20649835673805475,0.20105011228997555,0.1880222303289383,0.19889088031321175,0.19442830944642683,0.19696744435853714,0.18799088828930935,0.2028445249504805,0.20046468688955307,0.20693130661421802,0.2070351569902714,0.20666469906892665,0.19500420211181116,0.20015514124373826,0.20523399546164214,0.19788192657670445,0.20645243047426087,0.2095726958499451,0.20121491984831705,0.19431507743658302,0.20874640266203387,0.20438884995529313,0.20996436846010647,0.20427447358683948,0.20826337401883938,0.20428035316342502,0.2069679032791096,0.21648344976782313,0.20628801647288525,0.2069607073299553,0.21661558504175124,0.2165291644363598,0.22003390177411514,0.22353894657926165,0.2206256488631589,0.22155634907758506,0.21996814884824858,0.21614958199410467,0.2253693229518173,0.21301726287497097,0.2193535159654818,0.21709403965159974,0.22156139964338195,0.2068417007077378,0.20737867723371614,0.20202447646975646,0.20100709171527947,0.21608076065469786,0.20536895819307374,0.20771525829438153,0.20239311751252126,0.21348894938900634,0.21342687230750168,0.2179350086202177,0.2166560395376238,0.21641247905292754,0.21204244338531913,0.21489138254288742,0.21529349103342646,0.2138866113936316,0.2119084622681546,0.21595924475369496,0.20776581886038972,0.23006587192100625,0.22777182418573225,0.2093956233021556,0.21991416306651684,0.2107765540368197,0.2086619684211501,0.2068933348862669,0.2062623208053741,0.19881175544006516,0.20378180749124328,0.21182816301201327,0.18805903359108328,0.18738330732439398,0.18470655148238588,0.177532063084326,0.17836929673265015,0.176472525123052,0.17182232841821532,0.17523021749332424,0.1805580683847164,0.17583920031870276,0.18771518249921462,0.17684948522316615,0.17710870192056033,0.19189196936893166,0.1992493796855112,0.20468140997243647,0.20399208645662167,0.21197039055446937,0.20309932498560004,0.21860737029766927,0.21909249445283344,0.21805341867578604,0.2174083399810811,0.20865192700826526,0.21410918581286348,0.2080591883743638,0.21903453746998894,0.21908966938802177,0.23341582673590464,0.23570152910340486,0.2405553942323077,0.24859483433669147,0.26114156351127665,0.2688406891458242,0.2581826178322957,0.249895076716314,0.2604455851237092,0.25512851429434963,0.25231263550897215,0.24654903100940026,0.24366126804238808,0.23593490683679683,0.21690891401533027,0.21995599329499074,0.22635906949918855,0.20888872543872522,0.20753430739906084,0.21629421302558663,0.22126723048783442,0.22113353065845084,0.22604260311186788,0.2297998812876063,0.21635313868953604,0.22991234972919689,0.2419961741302287,0.24466288921735846,0.24114252272851128,0.23803855212798292,0.2356185613889913,0.23006385889407413,0.23931945215860645,0.24186504084168609
35,0.1931302488117524,0.19222492494325663,0.19754592707715765,0.19548019338680994,0.19655658135755427,0.21476133749125262,0.19716892109802542,0.20129798610908606,0.19958112025267077,0.19018225826548818,0.1851826522834181,0.19889916045978953,0.19450608835775665,0.2019976374504846,0.21264750916739444,0.2091701943838287,0.19928589480829412,0.2006268664274395,0.18539840775429742,0.18924495035648606,0.20480874671324772,0.19442768268461924,0.18486193729751046,0.19684885817438522,0.18589842059774944,0.18453727362256625,0.18614089596418973,0.16850205431576049,0.16797223466127706,0.16236529278100234,0.16864307017215238,0.1687775195662779,0.16512476022840986,0.16233833971939898,0.169742384989565,0.17172506917784722,0.1760485692900482,0.16818981776140288,0.16325056762536228,0.16914890862590898,0.16976904279929142,0.17691310301937396,0.17991592251438376,0.1851833771628217,0.17531468673031805,0.18394047345250378,0.1914868257627875,0.19157533779559188,0.19407643231063365,0.19123175027818298,0.18350174563048738,0.19464340798838697,0.19545380073120933,0.20227166529120905,0.22046999893428348,0.22112767518010756,0.22506714401464056,0.21356589496994724,0.1959737576614178,0.20370157174757791,0.20158263137456933,0.19720455863848482,0.195432298572439,0.1973129728495149,0.18726801194458584,0.18300834770453459,0.1809257993237864,0.19342014298322047,0.191396724000748,0.19003115150773212,0.19616043684332657,0.20252744319583568,0.1954274431381789,0.19811777412886875,0.19813409703018664,0.17679057160823158,0.17718200015586805,0.1746933608050575,0.1823068134172002,0.1945979227283455,0.19438864835956338,0.18547582008548358,0.19215469489483167,0.19081490699728407,0.18864356710333707,0.19527139552584463,0.19500982384522952,0.1835058864553702,0.18904887618037677,0.18726908994902033,0.1927732192484323,0.19326788765284678,0.19618945466192042,0.19149449783243996,0.1998976350062491,0.1925725139652592,0.1893847914328806,0.19968491464987453,0.20735886163788517,0.2080476430116529,0.20478917668125762,0.2104307969683721,0.19667512279727706,0.19661468417186448,0.19383317071985026,0.19884372943485568,0.20055474427248907,0.1919744800477322,0.190474788494723,0.18533455516922434,0.18972287622759787,0.19616063558091024,0.18373779491938752,0.19529247077450484,0.2064664544920753,0.18873150364883842,0.19721799987273242,0.20364609184820845,0.21282566545421608,0.21857259074542637,0.198927383327692,0.21022748753037448,0.20354977656780324,0.19343377167328774,0.18796829409330354,0.17902834627138733,0.18307548780966323,0.19179324183912674,0.21053315560834657,0.19672682822797197,0.20677046289371848,0.18830038154072132,0.19638630546173325,0.1928384357707952,0.19063665101824262,0.1967963548620475,0.20598723118896434,0.20527033921521207,0.19189249958676996,0.19817785341839475,0.1984228256804763,0.19398520137466663,0.20678774628506927,0.2071869513333629,0.1924852697407822,0.20094540052582996,0.20445272343673224,0.21681438849947948,0.20384625164946688,0.207671691368537,0.2127239555507754,0.19644915269681756,0.20826682676527128,0.21280753440599706,0.21306636662012646,0.21194720802884254,0.2248932911097502,0.22107859709340777,0.21670348717113364,0.22652878727897074,0.2302134535656007,0.23299215591756334,0.20886915030452619,0.21548482925203397,0.19932864476438353,0.2010889285062534,0.19844511380394364,0.21532650928850486,0.20116674091183173,0.20720999488251626,0.21313069443985355,0.21277857693567498,0.21264520787661897,0.2151816334834629,0.21527138254005995,0.21824972240877757,0.20621730173456967,0.21172848988483628,0.20436080276579496,0.20980904163295544,0.2120277965181332,0.21364099895439612,0.21873193755139275,0.2140179501018882,0.21708314259560957,0.2141703271138183,0.21251060123473087,0.21418068341765623,0.21109128323466392,0.2048917161192959,0.20030768419505054,0.204580247650828,0.19788145271169855,0.1910889614122478,0.1978766002170905,0.20286609056998692,0.18379779631077642,0.1928235170438161,0.17096700350824956,0.17414515652890977,0.16453860086012023,0.16165911614220396,0.17221782497199642,0.167444119469902,0.18525809759815112,0.17970563689389252,0.18846013591942812,0.19400923357107164,0.19625325565058618,0.20253680745268268,0.19800097097538275,0.21097509931600508,0.20943352381925356,0.21062988954065617,0.20259399570802028,0.2117304399852751,0.21238356184617999,0.21821354263178247,0.203035561092358,0.215162063149607,0.21263301634734388,0.21650917242860984,0.22185504037523895,0.2413193795263735,0.23436086917069596,0.2388664746522282,0.2384048026545059,0.24882287282827986,0.2590800665862307,0.2667472802124576,0.2548607753471585,0.2522318934182428,0.2554888785435924,0.2582896477513345,0.2592453647256139,0.23896769800425927,0.23686200434849397,0.24208874553917747,0.21429646152175405,0.2099766970730802,0.20675318094691947,0.21956565111763357,0.21676477036017722,0.20854313598792734,0.21671266856486143,0.2287758617917081,0.22204597235231704,0.21417723126073543,0.2312188836317051,0.2322464049116791,0.2333941143697649,0.2393399522231641,0.22820917449680206,0.2343128465014163,0.24143554008154414,0.24165222598117964
36,0.19968736121547503,0.18805206206727657,0.19033221423156696,0.19909452119030396,0.20676684451532873,0.20558049148486032,0.2055259668872656,0.1959011475441471,0.19843314699100892,0.19196082157253921,0.19213828060685825,0.1991711761594199,0.20107654761577906,0.2086258888492136,0.21377071016160556,0.19728201723795427,0.20978899380920543,0.2113455461333727,0.19486314159887944,0.1863489714433847,0.19257845581256522,0.19361214657391546,0.19909103438646253,0.20364774711590286,0.1863354128707688,0.1876899851709566,0.1861048109001078,0.18031854733726688,0.17603316602510824,0.1588131646621091,0.1698493933335847,0.16732699049359,0.15880544898412347,0.16084175381710497,0.16839504178214504,0.17106064293458487,0.18399223715065396,0.17594539314574542,0.1680212843034869,0.17367051814359732,0.163920964213007,0.17430036638019142,0.17593421193403116,0.184384241037941,0.17170533927328135,0.18523480820181643,0.18583473812447196,0.19049895602870026,0.18831412645390302,0.1781562242856833,0.17981689740739434,0.19605184784238197,0.2079449605967033,0.18270650077087267,0.20773682993521866,0.21730153792631818,0.21975825606670446,0.22021353067559024,0.21274090382520675,0.20811203694580424,0.20678631785085685,0.19220602624400243,0.20210088253572148,0.19889751173055217,0.1994856137709078,0.17781549373497435,0.1791954177428511,0.18793098931570024,0.19671660019954643,0.19523332015804173,0.19316591695134097,0.18932187632120945,0.20660265584143817,0.20095140175511378,0.1943956309888736,0.1861604842548189,0.17856683456463635,0.18420715707186927,0.18220487810458166,0.187789238133238,0.18647065657316833,0.1817293612026196,0.18836165603033267,0.18946674757788814,0.19093687045647292,0.19370119499171812,0.18909685245086602,0.18568849658482586,0.19658917041318605,0.196225073306169,0.18977609239312743,0.18890458542030455,0.19753360968159112,0.19036521777841478,0.18908683824938924,0.19413842411846538,0.18994545226618184,0.19720537144385566,0.19907966166909288,0.20395988573991775,0.20449919369565694,0.1900920700252234,0.20591832647170014,0.20994826983183584,0.21025982567147108,0.1897287301490002,0.1945071184541693,0.19783050517511916,0.19262790441336372,0.18784861613492873,0.19380144015232076,0.19470593956060278,0.18698664957629157,0.1796688963183524,0.18493737969983579,0.19657355867612258,0.19050913274982606,0.20803672101759935,0.2199330515186819,0.20701613689296103,0.21867165908555022,0.2085121661413615,0.19810635163500823,0.2057351037826509,0.19602693070729435,0.19284593997154012,0.18235467427094113,0.18288302642590562,0.19334974338006325,0.1938779861637481,0.20498179883506296,0.19547829393276986,0.19519109481219052,0.20237815392668082,0.199069573962949,0.1958897897026269,0.19431225866692392,0.1860221673300055,0.19894700245784389,0.1959702966332196,0.1946408533619962,0.19595713896659708,0.19696343969136892,0.19249754715215706,0.19648087340076173,0.20152340382968184,0.20249127269054848,0.21223817374606316,0.20544572087878094,0.20299880904573608,0.20111078444412922,0.20415480689874232,0.2018283361747286,0.21048255165013657,0.20241911884983582,0.20226386416731737,0.2172062411472484,0.22057790115363485,0.22472174573882078,0.21732065233871486,0.22525394201087331,0.2148750050985302,0.22043695333534657,0.20883298682336027,0.2147831463243248,0.19217407529318045,0.20381154444593955,0.2024470160936965,0.1930414184202011,0.20119018037634548,0.2093269762203685,0.22143639373057572,0.20547013203166076,0.2129648849435748,0.2056324737057022,0.2233983185542466,0.22068575455281966,0.22640358529688592,0.21742856521037726,0.20612344863680132,0.20522411901265608,0.20538707027662045,0.2055623150119634,0.1982359607724649,0.2116605401033712,0.2209281724374732,0.2119851798901788,0.21606483982242244,0.20533032757151837,0.21119060776253,0.19706192460007813,0.20415998258715112,0.1940198211895871,0.1964784665733949,0.18960539913882152,0.18178657195445153,0.19350954866412073,0.18942439114584736,0.18815323944803675,0.17676175302364028,0.17681263646819576,0.16456906435587065,0.16371406797237475,0.16789485973803853,0.18390223189342675,0.1764314486264907,0.18563946151953975,0.18078854102806147,0.1972469107122771,0.1940603007033515,0.1861563263927994,0.192380699719354,0.21183240650013965,0.20604871004698927,0.19920980804770289,0.21387311753513563,0.2025604578594419,0.20508764587122427,0.21160206421395586,0.21320647995150016,0.2187750037713437,0.20536115582951292,0.1997469556776814,0.2284805313056589,0.2341073775151169,0.23251394244403695,0.23310065829240106,0.25194862932042333,0.2641435437262863,0.2850624411981355,0.2692867593704458,0.2656017914705437,0.266245330677083,0.2663796230377419,0.24843461097942246,0.2472800045236084,0.24086045365425807,0.23475254000633994,0.23145906797474008,0.21619587331124682,0.2174312687251593,0.20988272780310993,0.20926244728240295,0.20315777137224098,0.20191868536236082,0.22783487348406817,0.21873163536226223,0.22619088509355553,0.22289252290803807,0.22177781479464878,0.2195419412307719,0.24510800774375507,0.23741841427885024,0.237875601791584,0.24280934644761076,0.23308659628312497
37,0.20343292803723834,0.20567722302650576,0.2062482156722914,0.21276833741977172,0.2074956994661313,0.2113131383208141,0.21544181541980054,0.19396679954930146,0.20059337709151695,0.18946155611564122,0.2003215767884852,0.19651051779756554,0.19964323246358498,0.19985062417955854,0.21481870787821702,0.2103712560645297,0.20502215778462193,0.21579511040805258,0.1933424866871832,0.18618341846144618,0.18428118658154746,0.18167388355796968,0.18851473417050174,0.1982917337446512,0.20056635411883864,0.18022457082650625,0.17383122873005855,0.17476799343674815,0.16743490497488106,0.16490385181904355,0.16943479440057926,0.16294768694454664,0.17616766578863458,0.16437607269975374,0.1634085589124685,0.1795502028027866,0.16813146609095814,0.1753484373745309,0.16991197969069288,0.17590002452122636,0.1706939781225348,0.17748930956459813,0.18347580422153298,0.17914339483462702,0.18771107635740578,0.18263545881804102,0.18569319984359464,0.18559492650394738,0.17878719056681572,0.18866663344709583,0.17819487118825844,0.19096848379264456,0.20016654359731742,0.2157060866964397,0.21182660221017813,0.20720837268547213,0.22974707980332998,0.22146749835946103,0.2244980122361752,0.2153024143868415,0.2070973777847248,0.20454054085762652,0.20355897248668764,0.19697062365964715,0.19741050977766178,0.1859967689841729,0.19067646858588802,0.19149207271972749,0.19631571224107458,0.20630768223266954,0.2041225193949249,0.20030074748382937,0.1977439932187761,0.20865005330529296,0.1990116589618354,0.1968408265489525,0.18828984589854106,0.18605292410060367,0.1884277663653434,0.19928947267109193,0.19510398951383523,0.2052002095780805,0.19970443237379923,0.1989546664913489,0.19234012767765493,0.18685791560696205,0.18708173977664144,0.1881690533303801,0.19774907923506593,0.19051983643964157,0.20169257935257212,0.18785756987297159,0.19006362144835992,0.1862956867849731,0.1806835022295596,0.1900916323225606,0.21017250474698626,0.1991719585471961,0.19348704857610102,0.20381965869076077,0.20803978678260543,0.21068440983616862,0.20687185083496434,0.20438847345746464,0.19791417028796396,0.20740651776340244,0.1935524174576931,0.19690144350142266,0.19220992090589176,0.19635025064846576,0.19486839133048442,0.19001855011414004,0.1983028564328463,0.19557868420561839,0.18948398076226283,0.1868212183527342,0.18831456006370267,0.19791005978840212,0.2066263956430078,0.20306337496828225,0.21877575939474228,0.20672890296604007,0.19838692230234428,0.20129901972954456,0.20963992709545823,0.1897962380375525,0.1880515424609447,0.1872654247592613,0.18511201147677941,0.1889139374827636,0.19962322705677657,0.19589910416665304,0.1912470742848677,0.19996633044527484,0.19739520097581695,0.198944043202935,0.1958590663879934,0.204246206945328,0.18758892731831614,0.2020947771771733,0.200321715165776,0.20429714616601388,0.19186815526173828,0.194980374406979,0.20042972472347897,0.20328247982751912,0.20577755370490008,0.20660317913431592,0.19923760614020908,0.1989334342235915,0.19659008026851094,0.20946009684680694,0.21839756905300448,0.2088371703100477,0.20115993656692538,0.21607787491680486,0.21579650169502976,0.21671097197367825,0.214540999709984,0.2147174792654389,0.2179346071694658,0.21849726241511508,0.22186581936337807,0.2098398658793675,0.20770148422784512,0.20001289688913773,0.19072753679813734,0.1942193516449765,0.19852022100085928,0.19700521831677775,0.2093651535608236,0.2171012879963435,0.21705215395833444,0.21200485179366438,0.20802153656636968,0.21481870787821702,0.20574808419089521,0.20497967489991217,0.2154629987830694,0.21319592530241632,0.19940179523894544,0.20141038517467783,0.2090089579451785,0.2023371972938738,0.21178665935174362,0.21420470210672837,0.20506946575445412,0.20789708501215187,0.2062969465855479,0.21787510027594587,0.2069358808434162,0.20444490880751487,0.19097903739266495,0.19801321720637857,0.1831046190171534,0.18532866613233043,0.18851777269350625,0.18657789972939548,0.19318379797352303,0.18476555036704398,0.18188576038187138,0.17801672213308334,0.1768160156474564,0.16262776742858395,0.1720945036251803,0.17901684547957133,0.189408907893505,0.18207218328352362,0.18648916310374228,0.1879462219267278,0.18937650619676352,0.20044523194162073,0.2016474061863633,0.20095788902180842,0.20055427786072327,0.21465277136823502,0.2077196107067024,0.2048379401878748,0.2181120702715635,0.210576983423363,0.20041217901451264,0.20765988061540439,0.2143770547451296,0.20859610748563803,0.21988914975811036,0.2202359438854858,0.23712180925099444,0.23314982832125836,0.263670777608718,0.27389241162657013,0.28001351931963936,0.2755249929817826,0.2697907155572775,0.27931740591824517,0.2558656584223029,0.25838779748727553,0.26027292931882023,0.25647438671591055,0.25023047481856364,0.23282520820663727,0.22584007012993534,0.21991234013820718,0.20751801282855367,0.2054037650736811,0.21101474335075016,0.2115149651061773,0.21538403065294542,0.21901829814173585,0.22518061452412713,0.22989143966652584,0.21624929485842517,0.24557321727849746,0.24021515319945638,0.24708592103995752,0.23940774719764446,0.23319906241805657
38,0.19417629042530107,0.20165962720408043,0.19736118314170983,0.2031562931673622,0.2165583830095853,0.21403628284397835,0.21581911136565032,0.21685527958512624,0.2022597285293428,0.20346195819662083,0.20026245230694445,0.18993010135512903,0.1985657131988791,0.19702418059876411,0.2059792156220617,0.2063810891226472,0.20693678617159797,0.20837345848320454,0.21688604035503797,0.20223490250730933,0.20283393682294315,0.18468197063064096,0.18033515605407835,0.18210518020107852,0.19677677564142226,0.19669350529264354,0.19091590037982037,0.18274339964651254,0.17089297095330072,0.17371775170990594,0.16971862319874778,0.17087797942825977,0.17552367366632915,0.1637870270629016,0.16872121725465586,0.1746853160637273,0.17212220458484542,0.17279262407685628,0.17118113437016222,0.16823393375489898,0.17202140876958405,0.17880785773178398,0.17806657278763197,0.183350416143716,0.18510706720337577,0.17451903383563033,0.1845139473855881,0.1964947222792071,0.19124751464803708,0.17994517247530772,0.18264752853360272,0.1845100812086045,0.18625356751090857,0.20229368238417547,0.21474640392160582,0.20382300960675534,0.22638591345826073,0.22928650794006264,0.21730579098783476,0.22632910184947258,0.21991872045340113,0.20370067588276106,0.21424204245968356,0.19985755680706924,0.1943758027672197,0.20999468364210655,0.19643271983960234,0.20546147425599548,0.19590865815450015,0.20823244571852348,0.20158997917967655,0.21288085214851105,0.21080747188579332,0.20989640487010647,0.19624239251995387,0.2008854443448528,0.19436985021958236,0.19461495044777039,0.1851422340872961,0.19628248154123765,0.1928912822126284,0.19600191745057483,0.19831046825431448,0.19858982815324536,0.19520443027431064,0.18983050365421125,0.1966712599291261,0.1900207377961377,0.19133604823293246,0.19175919593927393,0.20176052067676856,0.20108907667410608,0.19647848466973125,0.19805076305302846,0.1912243529213195,0.18640291515412777,0.1967766850223891,0.19232219189377958,0.19826145086773206,0.19083516291687277,0.190053337241561,0.21230078499544192,0.2023619799587569,0.20173115265045732,0.21022274373044397,0.20272836135170189,0.20391051429331072,0.18894086530849913,0.19191989616845356,0.1944081645424009,0.19650786174506663,0.1863393602015029,0.1832488255883405,0.18425492285257328,0.20075067767356547,0.1888007868759363,0.18748619705857744,0.19052137185430212,0.19293201493856854,0.2025033396877151,0.21875545921959352,0.21191626940822733,0.22009597475888057,0.20870838620651327,0.2119827881454872,0.1963839178804196,0.19670020837914864,0.18796881346961142,0.18860308836181544,0.18951596447041155,0.18612413825319568,0.19974497796971336,0.18595976984397206,0.1929233968288539,0.19390111212793223,0.1995016324442011,0.21040599024807247,0.19235199721477023,0.19365138169177998,0.18562732231780388,0.19597165486516036,0.20082063685245372,0.18964993579032974,0.19613551493953515,0.20148426713976764,0.20071612317286625,0.19945944533405732,0.18863049308365654,0.20334657878866708,0.1952591120478038,0.19984129254777924,0.20693292664216187,0.21170913611171593,0.23004907957783374,0.21867170943656628,0.2055309833033765,0.20923811554520658,0.2026732771829188,0.20878759897618862,0.22038701362856788,0.20996098426160578,0.21232077951839748,0.2079135050955602,0.20858073812267156,0.20271124921151387,0.19894489524395367,0.18710323651569116,0.19463695426004202,0.19677344995024248,0.19875519549071954,0.1964082155887532,0.20635158069021284,0.21475980452733562,0.22726523168965607,0.21250835035743587,0.22327243047481718,0.219633862914508,0.21863042549623066,0.2123289929731779,0.20274015771327314,0.21527227476712646,0.207145832360724,0.21008372050104354,0.20143290220217502,0.1924840730674777,0.19811573043942018,0.2094989255708794,0.19365383415062518,0.2173384672837518,0.21266342302983793,0.21758226831370445,0.190181119700731,0.19423844830488776,0.18326393187826198,0.1959796374882994,0.1829080838143047,0.19380505476491608,0.18575401087745944,0.18243173984370736,0.18653657568098664,0.18497404764649103,0.18071404208304,0.17862609331944518,0.18063558087680903,0.18510531969005306,0.18696624249330396,0.17715254669135325,0.18284778343990582,0.17716119456926352,0.1803187964567184,0.19143255685350058,0.1936625740747046,0.20452109063885557,0.1950384558901985,0.2001596256003713,0.19674051323765568,0.19935819873158184,0.20056670972139873,0.20469111890778421,0.21619816324659138,0.21892103867816462,0.19729642684797974,0.2050595500063982,0.2114484957929081,0.21468702606077483,0.2152272219219525,0.23617232226443963,0.24444834427633985,0.23670111297597057,0.25153822965836986,0.27232342466023,0.2702358731243524,0.25558772952220504,0.2812269909152013,0.27268547172744134,0.2700007683209483,0.25862946414628524,0.2473081906008582,0.24855453988519946,0.24281035281022315,0.22397100563706837,0.2324597679826484,0.21056180749470246,0.19951163780840417,0.20630136428419574,0.21110868474386435,0.21385213972318562,0.2243864356972698,0.2255676421991939,0.22624406745065068,0.22260017426959006,0.24154558288264275,0.23976716046076796,0.24290418648999204,0.2442756626078856,0.23934507751367765
39,0.1945868555096489,0.19779827964885674,0.20558494117882134,0.20437764944148443,0.2078610898337958,0.2089756092248396,0.20923281593809914,0.20051351027517,0.20235903048080725,0.21306955556634796,0.20542027202862131,0.20491294734673252,0.20310778968994347,0.18447435476921625,0.19395331194141044,0.2093361342910209,0.20786262141654832,0.2067306642138366,0.20979537025863787,0.1985615525909632,0.20312008518444344,0.18459745108133338,0.1916225432918363,0.19500627656645722,0.19643037240078645,0.20650025866696525,0.18862858200718705,0.18781410281949718,0.18182458290568024,0.16652532886400234,0.17244452088686457,0.1832679407396853,0.17739264120824672,0.1741721047413394,0.1691084465195544,0.1656665011072018,0.1668501110334143,0.17508268574037017,0.1711442844585578,0.1725076662863957,0.1701784250206461,0.1814923399652122,0.16919584744800345,0.18410653314023448,0.18865820586836013,0.1911694100849684,0.18564074387593918,0.18695285424594166,0.19883924251032944,0.19602998649713282,0.18799716493683594,0.17895885811943368,0.18708238593519502,0.195566232796031,0.208808897341171,0.2095277261798124,0.21226969700822088,0.21980182802616227,0.21822680785357249,0.22174212237299376,0.22688286622179238,0.20701461154731401,0.2144452347015201,0.21937806423360848,0.20757158424784736,0.2034536848584196,0.19801123386738403,0.18830272287459565,0.20625296476763583,0.21063503053177926,0.19525533993419364,0.213736847746645,0.2075076920029433,0.21142639268002136,0.20429258322480684,0.1877561191604064,0.20253123921191707,0.19850284702141133,0.19075485490337699,0.20103909010997364,0.18611402435467586,0.20019188090124637,0.19809365719989389,0.20105102427397722,0.19714532822226183,0.20534871994766343,0.20286134939356515,0.18930888606093133,0.1968340642832372,0.19900093182260586,0.20529638401587422,0.19787823137101498,0.2000333416026341,0.19470293579291342,0.19722060194722638,0.1932063962595508,0.1920421679307776,0.18461674942080808,0.201150140381986,0.2110506042975033,0.20423101700523286,0.19863559243222942,0.20554002262639248,0.19561396224988403,0.1998291274305599,0.20823599384839986,0.20377975698851875,0.20458679553727005,0.19266929134057958,0.19783235915660513,0.20111704068055797,0.20166750253798935,0.20060831495425224,0.18932784865271252,0.1986523285014452,0.19785999328397744,0.19757989941376244,0.19638863880788066,0.1962291126626064,0.19899097502543903,0.19446627707231912,0.21514219736549806,0.20851667929005466,0.21480723257490159,0.21288119527218133,0.2105952638694366,0.20557514251214995,0.18824268119758258,0.1937128362934556,0.20090332292320426,0.19457242874455125,0.1922154089725018,0.19637297517080038,0.18765087766512914,0.18536869820053312,0.19528000161462944,0.19952422262950947,0.19048952550092188,0.19954179842607217,0.19700932363212606,0.1906445524099788,0.1955677683519723,0.20829363545243648,0.19715378991803195,0.20632696979854745,0.2017192756546876,0.20221655155828977,0.20346177548619876,0.20355466975732844,0.1937710979149301,0.21124653786697278,0.20498821797283756,0.20472175691723155,0.20808664112473174,0.21469404573460568,0.21733636544459253,0.20929251654506484,0.21336604150654287,0.20122415855103637,0.20571118218304082,0.20383273414547382,0.203012439529771,0.2122986829911701,0.21575824457139572,0.20657168877772314,0.19373228462628247,0.1918819838732568,0.1990382708120324,0.20125836490300247,0.2123520216744437,0.2106866413943813,0.20927608392864488,0.213561075838588,0.21647382948039567,0.2214782075213423,0.22812390648020642,0.21251740294359867,0.21599654281450056,0.21828264116661517,0.21390084488956257,0.22083428528041163,0.22038290324209586,0.2053569001197843,0.20124640452988138,0.19700114937592614,0.19097798200641813,0.18886400718246943,0.2010434091030461,0.20298359502875332,0.22086637331361217,0.2055039150384884,0.1985213957762682,0.20392753045555656,0.1917947875162637,0.2050813180633136,0.20500596604695756,0.18949567404316875,0.191421184815697,0.18792389272534324,0.19135909130233297,0.182592821680088,0.1759947853315345,0.18168321232401904,0.1769887247241924,0.182708015287304,0.17928683476576773,0.17989023950097163,0.18202251051223023,0.1816271632697805,0.17846966152985264,0.17463649243247892,0.18745762050314235,0.18788577477430682,0.2006240577276742,0.2012683100241151,0.20440311032113648,0.19938368529980913,0.19393165334156567,0.2135677636419778,0.21324634687461377,0.20542150182620858,0.2085604234838064,0.21637216967825199,0.21389197962513823,0.2211818060746754,0.2152998364911994,0.22494280167468775,0.22861746246570985,0.2332111443464337,0.24822693223895953,0.2436276073194299,0.2501073760905838,0.26831379381124226,0.2600375107290088,0.27441636042311923,0.27037155573365007,0.2619805201042008,0.259420922888438,0.2486249449660561,0.23661654029307155,0.24312980401342477,0.22293568964641608,0.22851541412409848,0.21614017561576235,0.21698594306940247,0.22248554505213541,0.21943328261877845,0.23096038775392705,0.2313261340905315,0.22624589076975754,0.23091534818246118,0.23283512626517291,0.2380328519144089,0.24500260384772513,0.24470593348745193,0.227070700639932
40,0.18606950402339678,0.1931728111792611,0.20171793796882742,0.20885505926740067,0.20563039037667394,0.20179624468536256,0.20212374669453587,0.20475744419480166,0.1954397327055273,0.2151494796220252,0.2070426892411316,0.21342996836122585,0.20248753803536745,0.19758393481296221,0.19563214195675618,0.19696264148884535,0.2027278105292729,0.21271597171595522,0.19802968196667003,0.19224276312502456,0.20415331673848716,0.19204437891067053,0.19480692898101357,0.19572370578872003,0.190610271521193,0.20881654220515697,0.19917008238095715,0.18875966590827437,0.17721264185022217,0.17362629581402983,0.16857470175936107,0.1782556482918404,0.1761978480673178,0.17684174838362812,0.17350616072526187,0.17825261099660802,0.18204044983144727,0.18227096799004275,0.177472554301736,0.17908198516816504,0.1860788442687017,0.17810979344824512,0.18565951003785483,0.18501562196196883,0.18088897589250713,0.1814417391418924,0.18174049224215783,0.19560061682591878,0.2011993669825024,0.1897441958550279,0.18779836200965327,0.18871025435519553,0.18521518937106615,0.20033720480136474,0.21134452418952507,0.19785549666699473,0.19913313683477715,0.22869907075783757,0.22817029295223168,0.21743717652259567,0.2254022775457315,0.21526771453430463,0.2171483331360948,0.21132394037280408,0.2067465161192511,0.20274852341611718,0.2092573879753508,0.20026225863607636,0.20076839170329602,0.20430904792523297,0.20313197449893453,0.19574874664271863,0.1960238208016999,0.19199401910286074,0.19993196895687496,0.1987167794233038,0.202153921290644,0.191203307245057,0.1862118436508728,0.19373250766894623,0.19616143505004233,0.19682581572135857,0.20649726313686328,0.1987416723711196,0.19966449865171987,0.19569650971445257,0.19471831377883073,0.19419936253939005,0.20583721633169375,0.18671886552367217,0.20193417293964303,0.19799886922260976,0.18383732838169228,0.20130902248333396,0.19000104956484706,0.19126081409346482,0.19479490795649945,0.19257965307264718,0.19262426740214156,0.20178054467042597,0.2065702142714229,0.20469267426546636,0.20173440884378221,0.20077069852521492,0.1896579709666607,0.19803918482190563,0.19904515463545033,0.20011081005146936,0.21112910175093896,0.19013991700198055,0.19353646309666223,0.20182571513192904,0.1892219004477064,0.1840298194337197,0.1920865692836057,0.20246347190975478,0.20543228652042245,0.19310823747399986,0.18772633436912775,0.19350286519650922,0.18690774592389256,0.19571266467321738,0.19999943556167407,0.2019785406595374,0.20015838121590013,0.20445182897608175,0.19294245491699016,0.1934043776573947,0.19264405002390875,0.18359438722964158,0.1880151302931672,0.19579142623567458,0.19015856876496137,0.18518700160240195,0.18905984608696721,0.19061211489485955,0.1941944438355521,0.18543102544782575,0.18091405166842858,0.18592898566114918,0.18606950402339678,0.18913944049980014,0.1928030500732832,0.19369780531889821,0.19688604723951283,0.21682841741689582,0.20278501536182,0.1967988426183099,0.19960351412419045,0.20574775256443234,0.2008575495396781,0.2032869406331916,0.19150631518473585,0.2024486056764885,0.2149105818614405,0.19500308856084386,0.20953978791244543,0.2144217815100813,0.20081548108499478,0.20114655088282454,0.20159232329261406,0.20393915710475669,0.2208017443352442,0.2159068891452637,0.20683227076449076,0.20079871072831798,0.19483115270162307,0.1975393498198571,0.20471680738977474,0.21092778885864458,0.1988153994100952,0.20021442305761583,0.18235509415857917,0.20327783189384346,0.21056529834628857,0.22499646768937068,0.20809612825751342,0.21584743891107827,0.20901150864357002,0.20896670750816976,0.21018532955028169,0.21569739494321433,0.22014427711774504,0.2018751674914295,0.20045143978037866,0.191321289789812,0.18836981011915674,0.193148482324524,0.19225241325321243,0.19738109774741475,0.21351387377097722,0.201857755532589,0.19742056477920017,0.20674723019765334,0.19895624239615955,0.20842168372362346,0.20110567216448283,0.1878015187146581,0.18763156458857286,0.19450886515185864,0.187501005053569,0.1829340713203339,0.18187864079472846,0.18092721575929566,0.18922320755080266,0.18551571307342996,0.19428496793244382,0.19560613414527098,0.1824618189488296,0.18343368893129675,0.17648483774563442,0.17539608690190758,0.18416962338641363,0.18719735151151629,0.1951802590155933,0.21116687841969597,0.19746182201129045,0.20028280723715627,0.19061575780476878,0.20412014586089972,0.2145532512326995,0.22282206770387208,0.22098261067641514,0.2120188624259666,0.2325858019631002,0.22458745820958387,0.22466695542349288,0.22350430877901428,0.2163803903873995,0.2407129193475993,0.2346915212317253,0.24804364232886805,0.2609149715217979,0.25531950866180253,0.25967969954835624,0.2755560813028833,0.2573131610105417,0.24109866187479784,0.25100154805174985,0.23419466632855976,0.2451715654009752,0.24234423891849852,0.2270158080668408,0.2081265091583364,0.21433302823677983,0.2135774023152746,0.2266282264026765,0.2318583281537315,0.2203790973970501,0.21625208329785803,0.24181609298108747,0.23374837479840166,0.2261543262203851,0.2313953354285026,0.24538900519722123,0.2353274560502224
41,0.19075103364686946,0.19084263310450114,0.20670500860034774,0.20572605588027612,0.2054073595984535,0.19909872413994428,0.19507360953887565,0.18628080240961617,0.19348450912652157,0.1908616614327766,0.21453680076035905,0.22688866512577063,0.20768756760915943,0.19831609397539773,0.1962298130069121,0.18728137963818772,0.20214018554268354,0.20379120628377304,0.202089467712713,0.20472698940494818,0.20368993050240392,0.20454948952137872,0.19204243324702075,0.18817589920397182,0.18789537925003139,0.19308676216261497,0.20272827265985374,0.1914385957683487,0.1919878300466884,0.19046334178562171,0.17365296380952205,0.1768657336879898,0.17243526944637003,0.17061476016873722,0.18397931604201062,0.18872450719593936,0.18756081016638104,0.19448423368484838,0.18151528421084642,0.18448268040791255,0.18059948186490796,0.19309738836393675,0.1990881224982048,0.19051593215524276,0.17745081568422363,0.19105231304415762,0.1975508897308993,0.1941797331830453,0.202151314638458,0.20051935085789024,0.19169443268631017,0.18871616393901744,0.17930916989162735,0.1986118423500579,0.20917173561245553,0.21271714723110455,0.2085290189292715,0.21158374509284908,0.2280303742346426,0.22248662086772525,0.22096887265930526,0.20966531937748867,0.2209990465374683,0.22325047932297498,0.21857158418376565,0.20540589340312132,0.2034330638795557,0.20075507829912706,0.19836617540544327,0.21752771606974838,0.204452864667719,0.19941131893997946,0.19190765559941184,0.18864769364319228,0.1913182941851251,0.20214450491822672,0.19976326193624228,0.1919883605293999,0.18951810272798406,0.18786340949727318,0.19048877985120022,0.19335637703698696,0.19811488194954785,0.20457534864982913,0.20649032128175898,0.2001472005380243,0.2045671996099738,0.20814831521998475,0.21120213301598256,0.18593215375623942,0.1870149390265934,0.1974846888226768,0.19746639152427212,0.19721487561224058,0.1951747671907847,0.20145275452221634,0.19070360373198308,0.18686862929473988,0.20164410032404415,0.1962711738999186,0.2056502302073731,0.19986754085746983,0.20368260464487697,0.2034140421539151,0.20345139405584353,0.19896991755940127,0.19291917676090267,0.1916636259485434,0.19752414018256068,0.19227463695015434,0.20071903483948972,0.20686141925110763,0.20004557995401254,0.19456351335928943,0.1882442416052996,0.18922011408807685,0.1951767490835539,0.18831629451288523,0.190154102683293,0.18475819042928135,0.1818179262290063,0.18636059999244936,0.1956546121746474,0.19770331434962293,0.19722948013866645,0.20424771189254093,0.19428371533500302,0.19631614619384144,0.17975190429373,0.18799456767796016,0.18549956691205907,0.18506338431919703,0.1895654123928982,0.1852848029634062,0.18408720335932705,0.17620644934066446,0.18386103477121146,0.18842724572090355,0.19187319176523782,0.1775493963161468,0.18264836965849246,0.18399232188222997,0.19019022840964725,0.1868089588600507,0.20305983548892992,0.20135527429908034,0.1988633311566822,0.2007211377360971,0.200522721390155,0.20126316593459861,0.2022385999058982,0.19958140655409132,0.2025693198944169,0.19342740259076194,0.20361884047981915,0.21260746047018203,0.2053249851077911,0.20927680674387988,0.20092604697272679,0.2018525731386697,0.20449076517472495,0.2025604065540525,0.21077005070240215,0.2178272456457747,0.2080031921620957,0.19372421065475418,0.1932750080361213,0.19381656842476222,0.203131048398306,0.19393674401150718,0.20350931383662166,0.20175201456533146,0.20058854123145003,0.20838199905584853,0.21646401024967024,0.21783216104576625,0.2094568654637657,0.21111369158905494,0.20723910116393443,0.20593530154332665,0.2076696351972309,0.21748013804642746,0.20368534829305118,0.20047152310957997,0.19890713867044924,0.19809243934320692,0.1830812630931356,0.19503814601652233,0.18639428826143223,0.19935901674114398,0.18381112791132678,0.19500682886005025,0.20513416597449213,0.19497795004397211,0.20766514038201564,0.21357425494555163,0.20517611395477853,0.19950511761905076,0.1888006129840654,0.18764832839797516,0.19686534397620928,0.1801216430931739,0.18037356957115547,0.18547377014229147,0.18447707330380275,0.189083485787389,0.19565605832156455,0.2007795192430378,0.1996802855226317,0.19164910701100926,0.18968124869781458,0.18214778735230505,0.18496331481206668,0.18589456821527783,0.2027792395230267,0.20214130261371713,0.2007190255960368,0.19632308956856986,0.2026637712877027,0.2031082105960515,0.21299376968165507,0.20971056001648386,0.21192168578064094,0.21605349694508164,0.22278687410296513,0.2289372701590107,0.22637355962928446,0.2229077663305738,0.21860258841028568,0.2368636950787811,0.23090035466612793,0.24641395539513752,0.25035438353353967,0.24717850432666444,0.26015129973224244,0.27036968807955936,0.262151894144794,0.25471586741876523,0.25728413086127006,0.23820830563287698,0.22746443365261507,0.240030041380308,0.24695726114449437,0.2142916752475786,0.21997873485641906,0.21293389582902356,0.22950708660074287,0.22978162689722756,0.2340876490374644,0.23660597083260537,0.2453431856183204,0.24597411121660825,0.24130704422503838,0.23922149491674974,0.23727828789459524,0.2526905496003595
42,0.18658606252627313,0.19315559830866263,0.19982912282932422,0.21237211882383064,0.2124235194554592,0.2104364176473039,0.1955759867082101,0.19795771857190972,0.18561163656729276,0.20527719278975837,0.20665080433482597,0.21497417948210049,0.21434284951050206,0.2014501429954672,0.19596519770694917,0.1916892243226987,0.20072015330043702,0.20367411129482074,0.20975837023011196,0.20666222459585298,0.19970727970138932,0.2002020637410058,0.19706822731406343,0.19444890417253446,0.1953256283134291,0.19698962343448384,0.202684631642082,0.19603133160140723,0.1947976440200071,0.1878539796755467,0.1837127507694184,0.18056933556983132,0.17353736547279197,0.17701362665656198,0.17464843566776372,0.18640179921517647,0.1905483971777994,0.1809486719474026,0.19247729205927785,0.18137365295765304,0.177550663670709,0.19174656825770175,0.1902929067171379,0.18643236118783257,0.1912729253201425,0.1929516070223078,0.19132380084752454,0.20248626985351925,0.19534410507666744,0.19747895481988206,0.19644043175802756,0.20419706710622,0.19292903853757112,0.20196049199152522,0.19947264204290355,0.2103389976500091,0.20700088394224123,0.20749503058010318,0.21240967771906055,0.22032359027482618,0.23117049343107743,0.2360509757562634,0.21981721438201138,0.22418739984478225,0.21509949956976324,0.2021175056813296,0.1978194727502759,0.2053805440676612,0.20994662619749788,0.20769019782644862,0.2074014078149821,0.21210250611995463,0.1891589958942235,0.18729233323384764,0.18869352602207085,0.19181139329067529,0.1971604950711382,0.19886983801846492,0.1955842909761895,0.19553462823907694,0.17468941883551498,0.19123522889610386,0.20207921213950958,0.19258634899773142,0.18931477079995082,0.20159919332515422,0.20320381161092302,0.20339042321559056,0.20052581955951,0.19279363865989882,0.1966647480206982,0.20647363325623672,0.19967864457152493,0.21320741271305924,0.20821638399500433,0.19816681074888126,0.1909870409281853,0.19229119571699593,0.18843579314917383,0.18668103498183794,0.20290198230043294,0.20888684960929313,0.19936172464298405,0.19784768819501286,0.19420624893406618,0.20522322117722544,0.19506207510222479,0.19825367658910192,0.19515717371894353,0.2014647689090997,0.19768557033104017,0.195310818479638,0.20083881487876387,0.18680280790892548,0.19138024225952655,0.18292821643843776,0.1798420316168604,0.19540131406350422,0.1965355778589467,0.18500740007034736,0.1815550360252894,0.1894018427172077,0.18223017825779458,0.18806046256887263,0.1922183743640226,0.19180150031577808,0.1891945404956,0.191805033462523,0.19263207375461205,0.19535873750235178,0.1834597511150869,0.18640317267944992,0.19153440637048197,0.19622402055690918,0.19634510114709852,0.18552515367594166,0.1889526555969324,0.18131932765720446,0.18441663784259632,0.18926421160161033,0.18501856148339044,0.19051711659261703,0.1870667495246773,0.19744909613397027,0.1866586411938485,0.19038954676517839,0.21311808249793335,0.20329113472234872,0.21443466810408374,0.21277122795089784,0.2098568259772849,0.20347344585824276,0.2006432112532801,0.1984936464216518,0.19484959166325952,0.19529092838666093,0.19744681383756704,0.19444362096956092,0.21153644427286608,0.206588051747619,0.21104117684574644,0.19190328100057333,0.2099746664282065,0.2015261972782516,0.20776433583040285,0.21113342846550176,0.20345831807375683,0.18846148115527794,0.1887116882813247,0.20455014891208903,0.19588722322838367,0.1965376278753482,0.20487987476814254,0.20723852854192754,0.20730018993098895,0.2098747056272771,0.22639065709070774,0.2115617252698487,0.20381583383297136,0.2187889076596668,0.2036176027203554,0.21328573014323107,0.20559194727514785,0.1968256344381664,0.18793064313434352,0.1972968311681061,0.18909423999935074,0.1824914407904915,0.18755726882706425,0.17537306814085735,0.18508861259067666,0.18520457047950514,0.1865919915184201,0.19580769723720337,0.18432048309106416,0.21203897686869363,0.20861147798110277,0.19937053211970296,0.19582166098959325,0.1864479875027525,0.19088064770640936,0.1839084567216797,0.1903905988996029,0.17995714727290507,0.19384303458468438,0.18845557954676265,0.18665683605347747,0.1916482244362877,0.1897775781159877,0.19957480793918575,0.20172799869875896,0.19003364563261044,0.1966930795637831,0.1999003769208442,0.19698025258362553,0.19551225733576974,0.19772786180518512,0.18856153285557664,0.19995724525961941,0.201803558456508,0.20554702719194684,0.21148642700291687,0.20221481945626812,0.22255030817231594,0.22553513081035734,0.22871192013612807,0.2227405050186164,0.23612985476661982,0.23278194896775498,0.23489371683344346,0.2203291707974595,0.24713229370420006,0.24627906719976794,0.25287622521982606,0.247375736374313,0.26201008016132293,0.2750381891754643,0.26054335426384556,0.25294552472785037,0.24570636104928653,0.2482802648545475,0.2562512543849958,0.22558831481630612,0.23001375079517103,0.21653335252220235,0.2272478588755539,0.21748299243434518,0.2178825753759496,0.23256448810544927,0.23430540117101625,0.2359773392736084,0.22637788599901193,0.236885075677171,0.24240534961858276,0.2527027685671224,0.24973740805456912
43,0.1905213279851401,0.1869101129793234,0.2031042307298322,0.19013273699879746,0.21708959078743983,0.20941471736179704,0.20749010955632632,0.20444537955985628,0.18696960046778505,0.19499595390332194,0.20841165387392802,0.20418742862068803,0.21652009052825408,0.22304746925185068,0.19252170535598936,0.19560726465195696,0.1899009773956392,0.20171670247518392,0.20216380360052286,0.1907831872961451,0.1932382518758397,0.1920050272743326,0.18949986285664172,0.19015712384470804,0.18989914089924875,0.2005487548890171,0.19621401294363947,0.20663024945529954,0.19846261982336025,0.19235443321782292,0.18450213668160612,0.18821450939439088,0.18330419326823533,0.17506768947114199,0.16626716815869994,0.1688703486399318,0.17962620724900114,0.18267570832616395,0.1896161393741154,0.1866740285751383,0.19552541214336458,0.18724265906959017,0.19333500768137574,0.19744173559540562,0.1953296671450275,0.19533055318050127,0.19733336877324623,0.21040230824979508,0.19225701715476162,0.1969806698627573,0.1913190430818996,0.18955275459122606,0.19811418400092523,0.2026582835511976,0.20638184946007865,0.21849358975364497,0.22081445507121036,0.21673891752075455,0.20708145129537153,0.21874281663814418,0.22517703691961638,0.23492795594201302,0.2168978764239423,0.2140888256901833,0.22467937132133234,0.20205070028634964,0.199763100946139,0.2122740959751614,0.21256272060354087,0.21771522466717966,0.20612819485924547,0.20008270492304783,0.1998905509420649,0.18936390461152078,0.18917066911992822,0.19352447590860233,0.1910521810699408,0.18803461274013178,0.20141145647363856,0.18749621283389806,0.18295934634216776,0.19156100198019954,0.19477750569804397,0.18832123778069873,0.19515767700951137,0.19869455229024205,0.20564170689522518,0.19477212387102413,0.21000106634339613,0.1988318667758488,0.196745953984278,0.20416596699353248,0.20279357436482187,0.21117986115193518,0.2170321136632759,0.2071103487648177,0.1920444673503957,0.20512108260496373,0.20159728547506992,0.20234947409479132,0.2001879397419535,0.1949545609788948,0.20415660262681323,0.20763100208905866,0.18894534640156227,0.20233896771635337,0.20042664188379253,0.20754754469285358,0.19655756800242463,0.1969806335775803,0.18186138742198746,0.19391602492663332,0.19521094327297617,0.18251215792845585,0.1845043033368625,0.19055668980692891,0.1865156164612452,0.18716317333199214,0.18275152092396343,0.17280404331514254,0.18723494178404584,0.17867623804350002,0.17904994832183438,0.19182049174478824,0.18953765363016842,0.1791587402281003,0.1866316948417717,0.20657340112082856,0.1915588406734052,0.18463762280328516,0.19879097326964953,0.19198155277923185,0.18511167048816693,0.19759272471633305,0.20011720106349576,0.18174379820851724,0.19003403944479413,0.1854477207543182,0.18803391999629382,0.20241017949386358,0.19509826174280603,0.1846269520013164,0.1830194306574261,0.18427766473336227,0.19219770609434828,0.20335418286912832,0.20445550099737905,0.20136994432879834,0.20952323939245726,0.20909757686058328,0.21254931026778093,0.1975359157234328,0.2035382752234337,0.20959899696379794,0.1996043639339362,0.21754459624843903,0.199646585051242,0.20295440413589072,0.21057179536304843,0.19985177691641853,0.21586225023066374,0.2045056918986689,0.20356455960868033,0.2059269560818538,0.21389478691911834,0.2061031834965435,0.20122023876878828,0.19285308921546093,0.1911426047689483,0.1897156682889242,0.20550741667618055,0.20181875373316052,0.21048555652629716,0.21119046187727686,0.2033364420176908,0.21228377402332319,0.21765307136960005,0.21963325604455605,0.21771647794036394,0.21640166603625585,0.21428891208641837,0.21228440946616384,0.20714898039262178,0.20187678047446034,0.1886152050140182,0.19448647278022416,0.19748200596162713,0.19471759641137357,0.1940130307517682,0.18636120074901288,0.1889693198791815,0.19356610003826621,0.20007649007602,0.1889632718366167,0.19226706643820785,0.19974900883522761,0.19637182215219792,0.20355653988669245,0.20180994776830144,0.20225734405579096,0.19150375763621189,0.18873541482248637,0.17354691580633996,0.18434582232436755,0.18700916883694813,0.1878586080151361,0.1974059370123838,0.19634125832362906,0.19125834790128834,0.18489901603126024,0.19352527800209657,0.18866029100743098,0.17893710225161616,0.19742259220592734,0.18071491591501743,0.19301746166450087,0.1942277593107299,0.19090983399473668,0.19479114032538533,0.1957406742680746,0.19438802172560782,0.2021223272077858,0.2070185202680349,0.2145946546995913,0.21329515963568804,0.22144868208648308,0.22620729163698933,0.23197094942431518,0.2097829073791736,0.22335079363793872,0.23562773035459098,0.24605143373523514,0.2579116738240469,0.26440885774394995,0.2535111118510212,0.2727281710123459,0.2704624638264332,0.26141228904707214,0.2538306138235546,0.2585961173807468,0.24111581662577936,0.24183513636377396,0.24019153631450796,0.21654616657361367,0.22264774453404138,0.2362665283979041,0.2286441530694906,0.223565662010985,0.22602704122595452,0.22016992779910524,0.2295830916730884,0.22815983809960902,0.22390051885972675,0.23076726344209805,0.2324311869414469,0.24544308443693671
44,0.1896585386822121,0.18399888869806696,0.19460397187908965,0.19457292156670675,0.200276304871002,0.20524571550098558,0.20474711923062316,0.19465210293297563,0.19748425683411375,0.20010248407160416,0.20303970324358467,0.1989544191120761,0.21538244365060571,0.21256247588180585,0.20078744342585159,0.20715875867556488,0.19318579968349386,0.20594668226311558,0.20331851545062604,0.20759510078067547,0.18584873099099541,0.2009853396034742,0.19884888494456654,0.19687766956746228,0.2013777573439932,0.21003075812518712,0.1916901070862322,0.20339274143139677,0.20013707118034524,0.20612249940542668,0.19340134943685103,0.18366927005168218,0.19227994976810692,0.17991161414006984,0.18537932650252326,0.18156824675695765,0.1736975928844113,0.18679700125280452,0.19352010901345384,0.19744220840742469,0.20644857997842922,0.19101391239349516,0.18850023674934255,0.20037529742352292,0.20305053120735067,0.2035121066969589,0.19534663294892823,0.20628896646649592,0.20992762865217793,0.19497768067216545,0.19135160089888822,0.20723996009991155,0.21145175790170498,0.2026077576278891,0.19620525726543914,0.20526220975451712,0.21952268199213187,0.2171192849330626,0.2179612048802043,0.2201583187213214,0.22254846339228257,0.23629411201390665,0.22102993705113838,0.22374776197376842,0.2249296461308723,0.218506368869439,0.22070318470820924,0.21790048655828162,0.2116765263251065,0.2235866144964515,0.202619225053388,0.1979954772868833,0.19542455873435108,0.2005121067138465,0.19026158045476854,0.19089787762620625,0.1837286990985229,0.1877717267213972,0.17695616594453584,0.19071084920565928,0.1823556820028967,0.1962384929654088,0.20077548792349736,0.20854299193148226,0.20275468120477375,0.20761259651495864,0.18991728801191607,0.19518807007679878,0.1993647534603098,0.1935718496848299,0.19983819897264368,0.20546076461842927,0.20974581295709316,0.21366520311308942,0.2106926570168653,0.21135075325733085,0.2019912794045928,0.18874536695204455,0.2001202330641615,0.19053940293515254,0.19193810380203621,0.19787709685191754,0.19541419593112322,0.20196410531641398,0.20548986176855863,0.1939834593794998,0.195726486445379,0.1942503902618072,0.1965441853561711,0.19058999558739967,0.188835220621882,0.1886440449085942,0.20538163175475344,0.18731126635261047,0.1820354199374249,0.19358499874324558,0.18932911289303125,0.18224490683024103,0.18314939989537715,0.19002441315859447,0.1723837404619851,0.18223760533784916,0.1831682516189087,0.18148991615236953,0.18299785533722043,0.18420775088654187,0.18629032484124702,0.19033352900446562,0.1906737465027946,0.19673121312577613,0.19563255638007665,0.19682309649100718,0.19600523010199325,0.18384321236102988,0.19445982921704646,0.18046080901487874,0.17841226222316575,0.1816330601546861,0.1751044164847985,0.18721674921885526,0.2019169558117359,0.19221164697446638,0.18516350796628617,0.19782030175504067,0.19675435776453082,0.20870334029491333,0.21408714964043282,0.21137537933845374,0.21036321521608073,0.20269338242994528,0.21309114353433484,0.20328210536769784,0.20575954932013743,0.20782213399193009,0.19909072219993063,0.20654705163447165,0.20967149895321197,0.19878678047838008,0.20359403515287983,0.19670394046684658,0.19507111664140572,0.20141627507058713,0.2088092819817287,0.21546111352813868,0.21465405643838764,0.22227529740230512,0.2144471604459294,0.20897729337605503,0.20332071112435907,0.18770472282025832,0.18962369283077862,0.200307721093093,0.19949026842618542,0.1978265011810199,0.21210773189386567,0.21174404243539569,0.2127968525115459,0.20857036444284252,0.2151852009259896,0.21540922588143538,0.21161565841667934,0.21395966044691378,0.2167581321747483,0.20175360333662687,0.20191610498984883,0.1983459421909694,0.19716138487162713,0.20616213353408697,0.19424095292414673,0.19138046259429983,0.18802586703645982,0.19845633191849024,0.1985494370315211,0.18946988869974762,0.19670960667224344,0.19268486364393161,0.1984398591007661,0.19295622766757017,0.20203383142694437,0.2002354554724898,0.20254448851843632,0.20165741232183038,0.18176070560954993,0.19019920616982197,0.19219983035363755,0.1929712455288728,0.1901118552379333,0.18882230723126767,0.19681432269724308,0.19189497395605318,0.1850474905694487,0.19487435914586881,0.1793247772315287,0.18150053102055205,0.1783897512874652,0.18511141474711978,0.193709535623436,0.1978645811231398,0.19173910683673237,0.20215239453314285,0.19814548918652,0.19156828002932963,0.208233116981701,0.22405513410931321,0.2150275962226915,0.21822906905136324,0.22981115211352912,0.235443171919564,0.23109635736160541,0.22506491560979425,0.22020384603504753,0.23867998396759008,0.25710765067182506,0.2569099945971893,0.2596934524084431,0.2775511301124,0.2737410949005947,0.2610008970534843,0.26726494526663835,0.2600369119712024,0.26891188685665857,0.24770655535927438,0.25190048286919375,0.23995273255842398,0.23084613092707923,0.22606852461798235,0.24219674380031006,0.24351919530947191,0.2395985580181181,0.23750562513069257,0.22032541661212832,0.2368217576230507,0.23776931138270552,0.245256372229714,0.24275495316364884,0.2422223426013214
45,0.20724616363211448,0.1879738774638215,0.19272231330883396,0.20347122510962545,0.21198029880722305,0.20646659711409862,0.20480931262151006,0.19579845925413042,0.20208001246497453,0.20057827407555243,0.2089217235516825,0.21194589036143788,0.21947082693101225,0.21263874481018713,0.21154438383666982,0.19282609221783606,0.20310045203360944,0.2036339145558367,0.20458128399299574,0.20646944957525498,0.1972350842770189,0.2005865598095633,0.19650531884598899,0.19440700067839653,0.20131413066146228,0.20126007027562773,0.196775429953071,0.19676195092263854,0.2061885763458954,0.19849862831294296,0.19543896767877889,0.18968413131734166,0.1905922776194116,0.20060886463708688,0.184035285816618,0.19197244668565125,0.19256337984113198,0.18051105314607538,0.18115515627330525,0.19032599109641277,0.20303985752398734,0.18761743748948057,0.19318926936324352,0.19668706963872412,0.20783811744667074,0.19795765019974776,0.20563839236923556,0.20736917506110847,0.20656346021579747,0.20097738909988044,0.2137943875073166,0.20368704140036434,0.2127118574640894,0.21803162920821162,0.21018920134279487,0.22073982809475476,0.21735057827679707,0.2195998302146693,0.22666460092654628,0.21889009008869176,0.2359869569044894,0.23125184161187404,0.2327878450451256,0.23421774750058824,0.2371836237305087,0.23919241297424518,0.2242778065386802,0.21943217104122184,0.21809062646337388,0.20909420663299996,0.21604802471720846,0.20765748985643914,0.19981071505385276,0.20504840716647021,0.1990794801436226,0.20335368185261374,0.1949507004817112,0.19227100660898205,0.18843583653812362,0.19160065967180617,0.1853985358230246,0.19999763034820292,0.20054022136557978,0.19687581093312856,0.2067825087411968,0.1940642776232652,0.19163000017679996,0.19168233890665623,0.2054316715884261,0.2006020930191136,0.20258273495444956,0.20561505014922218,0.20569252053000214,0.2119728797763784,0.21968226619285644,0.2171903374093844,0.1976785924244964,0.1958946927091133,0.1915824840488507,0.18841995684979623,0.19901976999776286,0.19459846042301956,0.1898498244966224,0.1958013356511324,0.1993957755504989,0.2019560044901255,0.20558749742954638,0.19534378122351034,0.2026534305747008,0.18463562463805935,0.18699538999980414,0.1802288451960177,0.19633752859630468,0.19429932864439642,0.1855131073808653,0.1806799659314862,0.18655427259354013,0.20041659990847044,0.18226253232753678,0.18706842940694457,0.17425630466185135,0.17672313209145973,0.18572809319210057,0.1858181791207461,0.18744441287249705,0.19055238988010922,0.20096553797260594,0.18934506920336222,0.18521237466580923,0.19386021943953766,0.19946586284977882,0.184510293633808,0.19311415138493526,0.20307419016657602,0.1965245859723642,0.1892540578050016,0.19374580147544054,0.1767350959458642,0.18047855286309925,0.17834978905149837,0.18856422478443452,0.1794045692983112,0.19040462791420049,0.18856947849821584,0.19348401906114107,0.19171676846026597,0.20137611125327243,0.19215181897486933,0.20650534641290527,0.2067766999840558,0.20824985131311818,0.20230963195071722,0.19625461132473124,0.21381358728039734,0.19982754185102833,0.1974057688311873,0.20177370097992853,0.2044157242791999,0.19992681068545737,0.19511586338184256,0.19087902149328104,0.20101736230701447,0.19958510461272327,0.20254835014786496,0.21557058485989872,0.21149874758878673,0.21434324434498578,0.20202324375036532,0.1898211062177359,0.19049145543140214,0.18922325112106136,0.2015933909174416,0.20079000012799192,0.20236964041510094,0.20369864495774048,0.19181762082674117,0.20929979357038458,0.20934563018735677,0.21393882193002664,0.2024498876071864,0.20909252153957877,0.2175810659129767,0.22027636442078666,0.2083895323233831,0.19067919070784223,0.19734724593087816,0.1874564550865342,0.18517561683662517,0.19022942711060625,0.20950572736764644,0.19003841519063547,0.18715429578440218,0.19081578573442817,0.18492571221482576,0.1900823094951975,0.1972089451027444,0.18757596958183606,0.19930326940497303,0.19543712712669462,0.20207895156911193,0.19835222659824323,0.19797578332442567,0.1884013888570457,0.19218513804061463,0.18846816408216044,0.18942857838360758,0.18778815713459848,0.18811182637275484,0.20302698720131757,0.18500957265903945,0.1793773897532742,0.19668996361890026,0.1746384225969894,0.18518700160240195,0.16824818968336583,0.17239719685419835,0.19530315990195837,0.19094548775939946,0.19419614301006557,0.2014987053039853,0.19584442354443668,0.19015905040748565,0.19139888347842363,0.21386065863341694,0.2260921064011043,0.2261147014100907,0.23683866259609596,0.21802234173301063,0.2277506368253369,0.22375518095172695,0.2300346719828034,0.23394889594270538,0.24354829860683985,0.2507744000018451,0.25866579319484656,0.2643102466661095,0.2647500190322973,0.25257827914056136,0.269589516607719,0.2494095621833488,0.27053658275819886,0.26889578833349803,0.2508102609311095,0.23713627851073113,0.22826619522745975,0.23555102586222842,0.222521869512769,0.22758629197762492,0.22663589744490428,0.23496571670072225,0.22703227444528779,0.22681104523982698,0.2402936531595721,0.245689954562742,0.22951432661140675,0.23626576676583097
46,0.21222087459660455,0.2106395411273308,0.1927318987529574,0.20002285876265158,0.2044534295926416,0.201507901357902,0.2027035851588296,0.20481322686313563,0.20469342838253612,0.18513409182655077,0.2081907836896206,0.2031950107141062,0.20401488741232832,0.21063090802893056,0.20549724316425141,0.19980632546759014,0.2011618495419295,0.1977013659803685,0.2016848005626101,0.20310185033008185,0.2052122111990073,0.18558390125017113,0.19339760875928763,0.19376458387757828,0.20560998433782907,0.19657186585713798,0.21002200489975315,0.19991199537848858,0.203301348814812,0.1908807356102164,0.19057647949645573,0.19996596393577545,0.18802158092428278,0.19707263797246463,0.20530271845966988,0.18454135283029446,0.18998219452697607,0.19161583675558172,0.1852916718985334,0.20035496538684877,0.20898508876705363,0.19066632682846413,0.19223709722041707,0.18805942331122172,0.20328778318880006,0.21930670003347807,0.21627872466582498,0.2029059254989819,0.19708962355949686,0.20220783998045513,0.2146994342314971,0.207467178169191,0.2095486175408868,0.20886424478441568,0.20473038352254333,0.209171687448889,0.20802038700005218,0.23029027585157716,0.24119927607637143,0.2287776001587463,0.2267680679945902,0.24116356766642333,0.24735956015863217,0.24536482314482214,0.23866217820825886,0.22850404900110843,0.23689603943656576,0.23470227538235378,0.2224244370220551,0.21568751160368727,0.21951530225921267,0.21197405118503854,0.20700627001210203,0.20218620932626102,0.20092621815304834,0.19720150724263116,0.20687494706839396,0.18974166183943902,0.19260972004394486,0.18237520790878697,0.1945685310132988,0.20035204977492949,0.2010040370213331,0.20255050485715562,0.19554763596434105,0.20540584610667192,0.19712650860674322,0.19889382961793314,0.18550464981129297,0.19985816563808467,0.19248797336341697,0.19666321290818456,0.20862415949247914,0.1962049861980461,0.20742175284279873,0.22423670337437948,0.19817316249021918,0.18905492696283227,0.18950047373300943,0.1856252279583633,0.1883155573700307,0.19286969779883756,0.19305448699473732,0.19524315187453525,0.20159183125872734,0.19893628796508778,0.19612208425887756,0.20165101855294304,0.1955770404840716,0.18757070035834406,0.19925190992098935,0.18763973027771624,0.18607258882320438,0.18314817691993418,0.18519139366542606,0.18848404783330494,0.18461211593500537,0.19197841422247,0.1965533182233285,0.1824624491507145,0.18151214958000625,0.17840655206367162,0.18379216770308657,0.17764287776175902,0.17348686533487606,0.18649242662676638,0.20382162042481183,0.19162792633942732,0.18560261892935834,0.18589024508112512,0.19771300185379084,0.193134606909476,0.1941306461220795,0.18848665185464566,0.19839867618579377,0.1790826036964974,0.18033881017706976,0.16961571990736515,0.1768943248364952,0.18352181682633,0.17654369012862878,0.18223466803836705,0.18898903174984383,0.18592667384204378,0.19395500900605323,0.18588866138387447,0.20217092121103755,0.21206002096153057,0.2039846041272909,0.20865682754174383,0.2138138334425284,0.20600406963819712,0.19863157671721304,0.20221964796043027,0.1898686226783811,0.19181550079176435,0.19547880705360574,0.20079278803379488,0.19268544042007793,0.19809705537893096,0.20696309006686903,0.19502814948640532,0.1978762448277959,0.2077900272335843,0.2004487581550679,0.20821245265739502,0.2133549385630917,0.20837662517155384,0.19628809492888427,0.19810363295953964,0.18923593049259352,0.19071014660222002,0.20647063811236777,0.2088889178324399,0.2099235199944444,0.2049258286968861,0.21487634097623845,0.20450183062270946,0.2099776157045935,0.19499275259684307,0.20823234982396052,0.21754154068873718,0.2070737745927954,0.2085316598029512,0.19745286970979609,0.20004052699481564,0.19354724774416557,0.19099957461096576,0.18746966356569303,0.1852337845592655,0.19599379401924022,0.19549044265516538,0.19747445322142482,0.187714490932199,0.19332824121112632,0.1996286270917502,0.19220894723302095,0.19214810246513397,0.1985287234233778,0.20874198067040545,0.204788092131767,0.20493918274615802,0.20788554864467995,0.19237755463724995,0.18178908344610442,0.18371495045664213,0.1850040773369902,0.1913260916657642,0.18657553688115902,0.1910149239954845,0.1876269418427334,0.19197682286118045,0.19297768846077215,0.18470536063907902,0.1791235962690545,0.18005471562109018,0.18094150571421946,0.1805267650997033,0.19866456012542527,0.19761581144888182,0.1963169327356763,0.19443260729610728,0.1981550432258791,0.20026760770985347,0.19995600167292304,0.19988992314158688,0.20324439143581122,0.22158884816540453,0.205983911093826,0.22050670515202322,0.21130832136754268,0.2314308231256571,0.23741436891016393,0.22844291854755108,0.2496285763939121,0.24355665453133743,0.2713538576353347,0.2787712612681908,0.27025205187705514,0.26199077525639725,0.2530486355994711,0.26085910506371585,0.2539598138096948,0.23967812579994752,0.24197951392192535,0.24532313165150849,0.23106049532201445,0.21988054259743875,0.22641484594895547,0.22985856971684454,0.2402342364535904,0.23585701618429533,0.23832884044637734,0.23346404185929345,0.24432690858950365,0.2417953808288908
47,0.21234776777723557,0.20477823714092916,0.20203920921154003,0.18495398797363466,0.21098918764181523,0.19551146951604087,0.19734599176650183,0.1965024321072028,0.2041906257264368,0.19861432104354274,0.21227903270217283,0.20574969495560366,0.19547695712428617,0.19367363331945794,0.194882884913458,0.2012608163806953,0.21301064135783648,0.2002146397327837,0.1986429563119246,0.20445366497848666,0.20778997938816793,0.19641266574600047,0.20019313010360218,0.19580379279488963,0.20168185631082813,0.19716421319270677,0.22000928011817797,0.21075437557926566,0.20952454199824305,0.2120295540887745,0.21233158418853143,0.21173053749076853,0.19874403827859669,0.1969693537471998,0.19809776238994894,0.20319380828199116,0.18326688576765085,0.1854061347258542,0.1894454155030781,0.18737277984948272,0.19821362311515694,0.20435717950025217,0.18779542156505327,0.19254116710463115,0.20414940570715678,0.20412521256695632,0.21292031499605493,0.20673556722591838,0.2061955080568457,0.21352940996625774,0.2030631926157911,0.21566799457999958,0.21559575226839509,0.21288952844541267,0.20414339358275718,0.21907816771450309,0.22682598213117464,0.22386757763838175,0.24669162172792533,0.22656493716844206,0.22335480509078373,0.23277846499223057,0.23893639120234256,0.24325725404617163,0.25297406533902544,0.2404816261633081,0.24195700496065198,0.23464402512470234,0.2171134857572158,0.21622853207404646,0.21696665826255093,0.22149942339006692,0.20976701586656718,0.20800137217886963,0.20801598038801897,0.21143564260029882,0.20527067007217487,0.20837763276430274,0.1959806844138127,0.1980723070221458,0.20049107293882806,0.19803687290488123,0.1999421026661776,0.19659627735534915,0.19451862903296327,0.19901703878716828,0.20535614355839885,0.20679060318309603,0.19912309181023866,0.2009248070763734,0.1997942370059427,0.19677925861916845,0.1998497636577739,0.20470676728737625,0.21092137799086472,0.22102703611081795,0.2100248581210063,0.1862499650823675,0.19144644223423707,0.1856210820512001,0.190925967487666,0.188993992676885,0.1866979717994468,0.19966445635523056,0.20141851513132666,0.19968606183298163,0.1922086816867304,0.19990915065585751,0.19688918895843915,0.19463166594772216,0.18203424631548398,0.17447881379387437,0.18560394376813977,0.18338503816681,0.19634864113221237,0.19006786658108366,0.19646903408492386,0.20284771037092694,0.19532418011130412,0.19190730209277182,0.18576076888816906,0.18582185877183421,0.17858858653540746,0.18370242951187307,0.19103784041490882,0.19073864803127016,0.19319745449569878,0.1913162237210632,0.1928591285348393,0.18663784015856988,0.1834317460318689,0.18330908938625637,0.19882461034567947,0.18809939556541597,0.174263527130974,0.1749184821050766,0.18669350101812343,0.17614945344735605,0.17085421603103446,0.1752509577204462,0.1788158864580298,0.182015846589341,0.18425645020440282,0.18656196182385895,0.19744593184164194,0.20122425121820728,0.19248411738857849,0.204954189394609,0.2080012284966616,0.2104537167132768,0.21946137708470306,0.21503507265466335,0.20591880061671494,0.20153371008369966,0.19058477334772234,0.18342089151589522,0.1873346011430003,0.20227622967037534,0.1929654692900518,0.19320141373311764,0.20411895675423058,0.19675104604331214,0.19097292502824584,0.19629311186045573,0.2070226197373493,0.20913210074825164,0.2059966700374583,0.21115477164707744,0.20778844834065963,0.19881616391982126,0.19496847735900902,0.20018777380010658,0.1930176838841937,0.2151502227232853,0.20045799860550348,0.2075592534722373,0.22241260664412674,0.2114090623398749,0.22025278064747195,0.2079240376101543,0.2094943429245226,0.19997296318615035,0.22293599764366626,0.2086012468690258,0.19943374473170689,0.1982935966144495,0.1861346812917789,0.20107102415102093,0.19893464808936934,0.18508051530447805,0.1952505293586794,0.18984125664059487,0.2032569760094388,0.1951694013508232,0.1957439148966266,0.17935215529131415,0.18883626416675908,0.18755614597733997,0.19391718585129394,0.20021587063659116,0.19783573463188406,0.1903380869541642,0.2050566225915034,0.19668066136780984,0.18423727437207027,0.18450107460498913,0.1876546368171699,0.18422755994435422,0.1921279283808195,0.19529176478205568,0.18904691733546655,0.18806440313963785,0.1823192812189542,0.17710168776431884,0.17894987526251144,0.1812126869664699,0.17986033583817831,0.1825035430114126,0.18983002284384343,0.1913282503465142,0.20451463903777656,0.19051264209006133,0.1912947274608342,0.1976241158701594,0.20138322431648698,0.19383995486258498,0.20208923504874907,0.20956791857063867,0.22429484900438337,0.2204831982536407,0.21545635085231585,0.22037671243432033,0.23055396739434475,0.23395223582743543,0.2485471570929263,0.2506992876886576,0.25750934844727236,0.26465371825822026,0.2656348183429636,0.24777620676791318,0.24469759447726983,0.2681149310019336,0.24912579636899887,0.23140183577069381,0.24079130475142455,0.25706976467983783,0.23854636329146295,0.24404589109042008,0.22282140071806741,0.24077849747100508,0.24687936973591243,0.25846098791776556,0.23214049170479067,0.24430935661486078,0.2518361086212111,0.24531398080852973
48,0.20347083624685494,0.1985884014760389,0.20929511889591834,0.20122882439611034,0.1957736915275858,0.19973385257748402,0.20512637253114133,0.1982847846641757,0.19710590713691115,0.2048819504933777,0.20851519090043485,0.20182853136012863,0.2072095177644203,0.20356881098628818,0.2034930963229355,0.19076385931624187,0.19956443253066175,0.19856207837726098,0.1983618591176681,0.19598688034179235,0.20306470287341244,0.2125524914752639,0.19565960390456175,0.1871193499195073,0.19500005775876453,0.19844158628350275,0.2029468617347051,0.20369682042573925,0.20182637038943788,0.2083071610012811,0.21592941094232923,0.20513898388757043,0.2058075487175272,0.20130352507890822,0.19626635185453908,0.19465456806525303,0.192156641695852,0.1899660533014705,0.19297026799937944,0.193113706723681,0.18923854490164882,0.1872659853130484,0.18353893189563428,0.19675472473023048,0.19614158478895719,0.20236204053300416,0.21904180016790964,0.20721667465121557,0.2093699262179288,0.19854187089676775,0.21489197631054058,0.20339843639291263,0.22884582832652092,0.23231625599842534,0.2164848454927025,0.21518217850557686,0.2230621582887538,0.2210600174658804,0.23593653662302416,0.2535712432647375,0.24967732343300092,0.23107289210389068,0.22809790686395856,0.25435952189855976,0.24013192368888167,0.22713481105082123,0.2367888781800885,0.26180925809431366,0.23872142597033114,0.2241397586723754,0.22632175386632866,0.21306494387490185,0.2159024148957646,0.21185977172368697,0.20402304263736556,0.21366987699616882,0.22760725441509713,0.21140151727050793,0.2031868839086748,0.18955681372521477,0.19658108148655537,0.19950190526392475,0.1884210848709309,0.2014669120912535,0.19368326607945596,0.19791729195497712,0.20611998396342493,0.20296670436536363,0.19901387227952191,0.19213275050218426,0.20155911834151397,0.20103302608551418,0.19221908252398853,0.20138495856947286,0.2085003075885505,0.2159593442066254,0.19865456526796132,0.18597634146541553,0.19849008604568028,0.1949057717129609,0.19399922723909832,0.19503059243657445,0.188495592601717,0.19330015398838832,0.19605727857312696,0.20929637189120315,0.20328467511209689,0.20788439982985735,0.19578366315863877,0.1925333644361233,0.18926660850002522,0.19289683414991426,0.1808743985508343,0.18494457643536705,0.18125253945185235,0.1879089647972691,0.18833507094775892,0.19735107663446494,0.1957151883018472,0.19252205999440308,0.18892829271188805,0.18867341053606523,0.18712232286488167,0.17857222091171338,0.19275937079156108,0.19880483391206868,0.18671525409555667,0.1876488036824451,0.19272240206075955,0.19525986737847548,0.18637630612195843,0.19424591753277232,0.19807862380789854,0.18804539389503105,0.18199262954377543,0.17103358540286723,0.17791788202816106,0.17184879847402043,0.1609406681569608,0.16383704260893228,0.17121203923524375,0.18622920958950878,0.18746374985048664,0.18459162796983491,0.1856153548678468,0.198804756092026,0.1858717123879689,0.19435646884194613,0.20614808271959936,0.19800635995319196,0.21136301727110288,0.19600171436068803,0.20600492345538618,0.2041028128491582,0.18616361342871618,0.19331519861761579,0.1925732677715545,0.17912800950977179,0.19471602717927486,0.20021588907715515,0.1953251830575953,0.1945123138061735,0.17444205732917126,0.18873819615083712,0.195567588227484,0.1991675550189814,0.19461701179911253,0.206665508037704,0.2110347139391463,0.20463786682071683,0.20934264158469995,0.19831871967094936,0.18843544603793488,0.2071336699596962,0.19867701666307805,0.20376911535155615,0.20699926338227612,0.21195975068053347,0.21053882749966385,0.2160457861184814,0.2111489373057281,0.22005350987821193,0.21363898206494075,0.20961280033673735,0.20074312472389216,0.20095750958960212,0.19244627088531577,0.19608149071839556,0.19672548288119382,0.19458170297075103,0.19148589984413406,0.1923603683362221,0.18895313418506335,0.19477198932725395,0.18812512434781967,0.20073887689235334,0.18707243534092136,0.1890536210221731,0.1923695371253426,0.18772577243735197,0.20341028579590686,0.20220501380360423,0.20444688597463267,0.19814634693245387,0.19286983102855088,0.19655556303662022,0.18812802663672337,0.185187385370746,0.1810578671068023,0.19494993736922422,0.19230447918100843,0.18770818050087787,0.1804464323752185,0.17809277457375136,0.1786524597092588,0.16971674740956924,0.18096825554365387,0.17536543627122908,0.18906607135673725,0.19445244131237538,0.1949294242294642,0.1897490018396171,0.1814120788283356,0.19140364322953782,0.19501630340834888,0.19610189932356156,0.1978751422137902,0.20144533750362734,0.21238913687529837,0.219877656742517,0.2196337111968628,0.2248116949716666,0.21872115973050157,0.2414895265190025,0.22969307400606273,0.24965076431402355,0.24360068208915148,0.2522307318501219,0.2576054221891143,0.2480643756351752,0.24455120100066777,0.24887031643816157,0.243241963236386,0.2322957691613901,0.2312227169517941,0.23999373242038255,0.24190542053775643,0.25011025557473865,0.2346431606657597,0.23648211451778495,0.2345315101536432,0.2458345956722296,0.24954742909145872,0.2395052292249212,0.24672610346453316,0.2532806429667793
49,0.20387529384667213,0.20266563323206463,0.216826919624424,0.2058271212801161,0.2046553018191586,0.1990669626197897,0.19895352580059628,0.20115673133239234,0.19807519857993677,0.20650182777150378,0.21498432714659027,0.2014489879970986,0.20473245773321905,0.19482007221861677,0.1979194247426492,0.1980043675644427,0.20120730310251414,0.21284943416780847,0.2034752637042653,0.21155373634314253,0.19863041958433142,0.20461426125761584,0.1973593562976735,0.19196647933432992,0.19608583865687865,0.19622984463542362,0.19413373046267096,0.21074462167932403,0.20965136772399348,0.20398396534729532,0.19918795735431646,0.20576101803987937,0.2214751987045076,0.21653036102404902,0.2097967228637361,0.1976867083039339,0.19614240676217398,0.18623718560030111,0.19570975352775397,0.19945693772281398,0.19207316819226578,0.18545451032420598,0.18305984908806222,0.19198875839239543,0.196890685032691,0.20597224375538528,0.20382177529935683,0.22791331605760148,0.21485971731170556,0.2071234636330832,0.20818718839320233,0.22992076722799495,0.22646177136144685,0.23254820948968238,0.22338571626558498,0.22057465062150863,0.21403312871199182,0.22123971992036587,0.23279315164244502,0.22384345474807518,0.24303274937751432,0.24546670899378076,0.23540387092456022,0.2421795121442264,0.2352288579198549,0.2460776666005758,0.24843558345243988,0.25362905292062454,0.24360225264585217,0.22769086133582953,0.22997064325970068,0.21312235182661815,0.21683186237884586,0.21410420652410594,0.20602954337308493,0.19928414880520276,0.2084542720692279,0.21341031163992338,0.208250186972491,0.1949207617793269,0.19036745328531546,0.18960129530711722,0.19140575871247145,0.19488194257344238,0.1956052828915606,0.20665936947142968,0.2062992741784209,0.20941177599169458,0.20779667785366002,0.20600772210320473,0.19855695316323133,0.19468437622633225,0.1989482759587978,0.19335535303482226,0.1951490583377406,0.1983783848422816,0.20704082998918125,0.18915577281702,0.19052725041337987,0.1913152105234111,0.1883997403853856,0.19105908784307662,0.1936403683049872,0.1915265562993681,0.2111413042858896,0.19776186542943988,0.198852749375193,0.20665970256724653,0.1987097376643681,0.19609748329927193,0.18547048173907843,0.19081842197014107,0.19639531341621191,0.19547345986048653,0.18753632446786334,0.19191468167896883,0.19504402920950314,0.1984149262884548,0.19257876621261247,0.18695944062724437,0.18984628365209863,0.17989409171924706,0.18656677312357067,0.1768184991818211,0.19870297982368473,0.1977048757902452,0.19870559691548959,0.1835530477463127,0.19565196318558703,0.19460683969033044,0.19568663263929267,0.1918648418446928,0.1954294770959576,0.18892911925828992,0.18534078580327934,0.1727050353713226,0.17451610039232632,0.16715566512949537,0.16991068861418593,0.16645440780361717,0.16155585423701518,0.17037014773578912,0.1885118259157831,0.19075050658301376,0.18515741119397597,0.1978413605520014,0.1792974446357545,0.19603283469864677,0.19861963067372612,0.20089137439811222,0.19783616738929014,0.19835676190829185,0.21755691910507297,0.2051549499377209,0.19721062524429706,0.18598897457184,0.18425008632197087,0.2047805475986126,0.19053527888780877,0.19476947786060275,0.18859926678352762,0.178866496316526,0.18831932983739458,0.1849542860844818,0.18928739741954484,0.1805826409003425,0.19360073421414767,0.19023117919644741,0.19974473650670974,0.20543867246150269,0.20925897803010096,0.20533500825132645,0.19341524401554522,0.19043694242064238,0.19190716952794967,0.19461082781058636,0.19750667146709475,0.19378863336387492,0.20427381508480005,0.20902344440060205,0.21303806068205489,0.21602603770800335,0.21382614191043023,0.20100786002439652,0.2071726398601013,0.20054434493302783,0.19819175345480264,0.19970620735038028,0.18810961735394044,0.19413596552270604,0.1849235831911401,0.17850981503878144,0.18703806463272926,0.18912149835303288,0.2001209012163818,0.1971010418914735,0.1923034164701198,0.1906506542643577,0.1949012838933842,0.1993122330901197,0.20343119020042308,0.19556862844869122,0.19984178905195213,0.18925562659636394,0.19284753853723738,0.20723976922494228,0.1892985991047069,0.1876023179197192,0.17852601051455114,0.1972228407578186,0.1829063570606041,0.1862578133197131,0.1798830323463909,0.17890414385495162,0.17685791469151302,0.17616624605071157,0.18293748324440318,0.18672097222233078,0.19495505476893263,0.19073412440764648,0.1886893550323289,0.18720480861451802,0.18429272853165907,0.1851791558461467,0.18364406609939585,0.2021558949210862,0.20358287350727217,0.20504864323730893,0.208953716494106,0.2259221955816075,0.2193362934089961,0.23053039796546967,0.2251729408914916,0.2399824595229341,0.2288565253974786,0.2409535892801663,0.24752900722775473,0.245130696952041,0.24540290530590123,0.24850503930984122,0.23311638513206445,0.23224314285521816,0.2353420867653034,0.23566261908870642,0.22535349608025015,0.23251089078017775,0.2234376731335702,0.24303224573480894,0.2393767134564615,0.23126281089911688,0.23766312319172328,0.23864069216250358,0.24827997901149368,0.26125403094837896,0.24535600971832142,0.2385547673209887
50,0.21147250024835396,0.210691541202946,0.19925509765051844,0.20940680950972188,0.213723363336564,0.19750037746868515,0.19461548818949384,0.20360914489872506,0.20651076713995847,0.2118699187298395,0.19890146870368222,0.21416855179772712,0.2133452608049387,0.20269164157644318,0.20101371037808655,0.1972026651328203,0.20141485591456257,0.2046391861740544,0.20967227141298356,0.2020788631613748,0.20907851171724592,0.20437233176536854,0.19715573743054104,0.2038989972608217,0.2027792301846979,0.20325660627675352,0.19682089847392997,0.21087728427106198,0.2086170020295535,0.2044764986935624,0.21242337271854106,0.2048332708388985,0.21402534214766664,0.2022801979694293,0.21664880605835762,0.19903920116839402,0.19395478570722552,0.18994409643776353,0.18044452111632026,0.18829552553363998,0.19242123601264852,0.19884854612366135,0.18566682037739846,0.1924496386565336,0.1975879475464271,0.19716836722097678,0.19961899832647206,0.20318838105047846,0.1997930887413358,0.20883125574993439,0.20946955013417481,0.2255429206523346,0.2273838942087481,0.22469168443095022,0.22303596522710878,0.21516999015897395,0.2181222153838501,0.22715384894780513,0.21797962444238303,0.22062336283301653,0.24330374849264813,0.2568573514074416,0.26104356989255434,0.2410367150737062,0.23709265500955826,0.24786705112475038,0.2421120472318832,0.24184443587043578,0.25589924231585404,0.22669805811700447,0.2294332726676761,0.2336330077254207,0.21527807433319748,0.2267174248314207,0.20191705809657576,0.20220111216142742,0.19199578744126955,0.2091364346932771,0.20397722070411511,0.20697285957502504,0.2032510697272379,0.19894356221364878,0.1867631541912161,0.1929892862802903,0.1930093730418227,0.2079630604389075,0.21514100844906348,0.20737366347029218,0.20319779458230186,0.20420162791404345,0.20421333602112626,0.1932259717145529,0.1933152876425752,0.20842797062191382,0.21538308836889597,0.21136608338573823,0.20448553872451414,0.20014808077484417,0.187796545847258,0.18672914127864054,0.19480302655218446,0.18382001618224222,0.18844191108970812,0.18839800516764163,0.18717877470280816,0.19860170380963957,0.19137614407898187,0.2021669085051004,0.19634855523143485,0.19407830920520894,0.19488634019916662,0.19070492107035844,0.1915403602906502,0.20266427993747174,0.19404546617057378,0.19079293988381835,0.19058587044502515,0.18740492501838035,0.20167484879296518,0.19309365356544486,0.19156850058058955,0.18698639124486688,0.18160625387351384,0.18984707050073013,0.18592616010836843,0.17847734630288523,0.18827207104849497,0.19252573940649337,0.19736271461354615,0.18969609902444026,0.2004962065275947,0.19137341200737307,0.19004817346673425,0.18299536928211818,0.18753394948200391,0.17320116145911657,0.16556979078190817,0.17044650481864534,0.1626650308922475,0.16214781471086495,0.16573956703788478,0.17023772230015904,0.18356826365136497,0.18258500174707282,0.18322135896147368,0.1823317918568119,0.18719312738843163,0.19066220003397127,0.19078441732477483,0.20097042456907566,0.20565738059171051,0.1887913534732737,0.2004185981107038,0.21182601691245487,0.20148378464828856,0.1983682810571617,0.19141721798470027,0.19699843679538065,0.2001110450454131,0.1951235999797481,0.1813506013421655,0.1959779633216226,0.1789241653571054,0.17906338908067468,0.18752868143890458,0.18767105698476316,0.19429270737429957,0.18379483386418963,0.1872166630023759,0.19154878430127592,0.2056555811338315,0.20267471920597122,0.2044846912046347,0.2030707954508723,0.20373738611507383,0.19819693313331574,0.20440301619004714,0.20081561980346269,0.20274496608288056,0.20991636628817448,0.2028283090401068,0.21583739960123235,0.20832529236995348,0.20266170403618267,0.19303279542352555,0.19141426495278008,0.19578604795036197,0.18366343392950504,0.19752037434081454,0.19009797910981555,0.1743297871894129,0.19106920649658707,0.18435600993247753,0.20111624879975623,0.1905430883295795,0.18937066314293685,0.18787409431682353,0.19434872686022067,0.1956875878820854,0.1902423491230452,0.2048322803846176,0.19278911069073607,0.19412559506144214,0.19190977665292683,0.18225279612782605,0.18950051736711107,0.19711134891098,0.18121477326663793,0.17611948222348836,0.178220189042958,0.18484750797511443,0.1883130424337722,0.18197901081408968,0.19464708312376178,0.18219451570602524,0.18490203885056722,0.18011994264501824,0.19105680022177274,0.19417226650010996,0.18117067399392958,0.18664587664739724,0.19339328925735175,0.18219124349207813,0.1811356358674951,0.1914562728110685,0.19145446535772537,0.18941457767002437,0.19581983036023792,0.20605924298827288,0.21366249722750974,0.21830611451905285,0.21924484964541419,0.2314917936758973,0.22446813591445555,0.22678477749891734,0.23821779478353353,0.2509307588640539,0.24906562949778932,0.24593922490937065,0.23892709348705168,0.2281994009446897,0.2302629159084313,0.24788109160283153,0.23812933546108425,0.23726195248881288,0.23536620233632669,0.22995740546634377,0.21668592384959115,0.22923139640747583,0.2284812152313075,0.23440064370716343,0.23828647897956623,0.22921936231801338,0.24899573029127217,0.24611806954992357,0.24693838301449117
51,0.21149670222445072,0.21376800293987003,0.2138323948835201,0.22439335916682934,0.2087169885656483,0.203124121486595,0.19600078014991926,0.20582366158762624,0.20832457284112696,0.22032729369679788,0.20544505860109233,0.21158993249094976,0.21206998223484183,0.1974568752348463,0.19800361985393014,0.20488067675039953,0.20187464687717932,0.20351869068885964,0.1965463350265556,0.2134513471007458,0.20353894072768342,0.20547623527307726,0.20051493693145225,0.20511635957186916,0.1987401942652689,0.21027749756569117,0.20230835556645263,0.21729278188529927,0.21233373541020714,0.21185284471977184,0.21101552075922606,0.21062785257888184,0.20985474817081481,0.2187581792330246,0.20915964690521216,0.22129831135477257,0.19968260696963158,0.19654500901657157,0.20111169207257812,0.18296655036281917,0.19271685514396059,0.18763026848011868,0.19311468497979192,0.18686600459955985,0.18862241457428813,0.20119390500120393,0.19956677868552897,0.21298778644309121,0.21286350061549886,0.21196360635296319,0.20681084067411,0.22211700046684466,0.22396043378445563,0.22968725631340972,0.23726096912234787,0.22634447606109584,0.22564623939814524,0.22717775318221678,0.23946877909349198,0.2326385594828425,0.22272850397411512,0.23339561912207954,0.23514686875436383,0.24784285314296603,0.2546484282776943,0.24386647457804886,0.23665380958063256,0.2455678455315712,0.23788683049729695,0.23360568096173004,0.23533471710623702,0.23604668192839892,0.22365396403653032,0.2159441781637953,0.2204685775162532,0.21936518362691942,0.20079930716859604,0.19187319176523782,0.20405261275945547,0.19718497058822654,0.2024812624777889,0.20606816319743732,0.1990018161825686,0.19520338749553384,0.20166995435566273,0.20591590834910697,0.21173546157657736,0.21835789550487672,0.21088058612457167,0.21439132087855664,0.20449194232158194,0.21822163231126096,0.19467357304212668,0.19476862576320372,0.19845072963619437,0.19384343629117423,0.21224995165741814,0.20202637440714716,0.1893367857050196,0.18393458636028406,0.19818895146487464,0.19270758105569713,0.18841453376554276,0.1991235365536623,0.19471450279448865,0.2063921618131202,0.20694541081233886,0.20023130598291175,0.2055106344499079,0.194456068066867,0.1979550384008415,0.19296586917793787,0.19981431936227712,0.18650080040104733,0.18821723970771298,0.1853673323585213,0.19808198067998697,0.18792614283473483,0.19651215578991596,0.19512299793382884,0.18853969491781067,0.18233216970822275,0.1877645929106635,0.19431172176305347,0.18617407296702973,0.19211673621695752,0.19056730840921238,0.19168538434863236,0.19452194348934781,0.18856018690555887,0.19356333670300893,0.19421031828206486,0.1907204663504274,0.18519932522760038,0.1884173971345787,0.17027155412589406,0.16999302415233725,0.17210837336240936,0.16711133166521072,0.17034198351544153,0.16969935826773253,0.16463637684541269,0.1689518299250805,0.17666230801358696,0.1797505384485368,0.17717355524083808,0.18338149122000882,0.17969996809427258,0.18729716336931626,0.2057982606949996,0.19396738016275,0.17972926571461742,0.20173940704021298,0.2080168904415512,0.19991995989654895,0.19777643304506676,0.18608668529532507,0.19935356432551937,0.18879935227279127,0.2020748011002205,0.19553422302788867,0.17153427053884393,0.18514091254419293,0.18054958727744805,0.1795788971110492,0.17260874702388385,0.18337076634584198,0.19345541921365605,0.186914545909221,0.19945312400966475,0.19473239265006453,0.20787224192878137,0.198531041082351,0.19105068536852163,0.19574277909303017,0.18982136846546677,0.1904419413550702,0.20495112190856615,0.20289943608142455,0.19221850714381744,0.20616507673139906,0.19326001103445659,0.21597088105735837,0.2132704081070756,0.19481397149294,0.2041808935161521,0.1864567456805242,0.1863763490366938,0.18597407187960124,0.17993634726949873,0.18354315808437552,0.1798777307158628,0.18246677659577953,0.18291250606274856,0.1842248450867053,0.18826968674503944,0.20163426198985868,0.19789076618963794,0.19079047972459598,0.1848377613711178,0.18777717454119772,0.18560415745269981,0.18710060852529545,0.19587260083042643,0.1910079308564457,0.1977958020306806,0.1876343296498655,0.18001023546918246,0.17818506507647314,0.18178849742828188,0.18471186784079432,0.17462559544555778,0.17845663515711316,0.18164322332052632,0.19651711509862033,0.1891208886983355,0.17738377781185105,0.17863460746919044,0.17152001263305489,0.19792376330473907,0.18759424024900379,0.18953342033965867,0.1931877569310758,0.18852098489965022,0.1786832734168467,0.1816919976986058,0.18794167797888447,0.20691143847960403,0.20431883329009695,0.21056326200916345,0.2104540559248638,0.22166779436980322,0.22717984557628434,0.2268131864820342,0.21523629120859716,0.2220384055410104,0.24468919940948516,0.2400048400578349,0.23100942546726888,0.2480761424145102,0.24339564316620438,0.2293751681667844,0.22276379094079693,0.24645288136166493,0.23361493297262753,0.2341333612709862,0.23254467546706806,0.23328047986732103,0.232971663119914,0.2292101788326741,0.23300900213247755,0.2338860395872567,0.22740504745153084,0.2513222852147566,0.25034273926645806,0.24563932765814667
52,0.2020478902627498,0.2105526927661789,0.1963241202466877,0.209752719364222,0.22457039351072486,0.21312932033991544,0.200762742644114,0.19757961279891578,0.20020408746347643,0.20574775256443234,0.20805296050576264,0.2184729636238854,0.2049425331918859,0.1908081847920212,0.19378617919791394,0.19656170472336207,0.1933786838211333,0.18752980412420578,0.1962750289098823,0.19748004613193154,0.21790916673649613,0.19810940790868833,0.20042348986769065,0.20527549119127628,0.19262506576457605,0.19162872057236513,0.202193225300828,0.20304401378864903,0.21510841488273835,0.21043646610208533,0.21422023924363542,0.2116967545249502,0.21201095387162217,0.20623425396530684,0.21882291545763782,0.22103207461047467,0.2120252578307051,0.21297616374692807,0.19452445176415228,0.19100300502540254,0.19187774240401687,0.18835024957281687,0.1878058430542181,0.18598807523758967,0.19770356927786176,0.19432022291521567,0.19648883152295382,0.19936738615415683,0.21272439638474025,0.20509052650516701,0.20507541543343688,0.22203094123656658,0.2120746212227873,0.2212700836313376,0.2215725214971947,0.23868405090143935,0.2176169905008707,0.23168066975455998,0.22971327841042696,0.2419557235728817,0.22268624903297837,0.23627033659509836,0.23511032401137208,0.2656115767824061,0.2500977588537772,0.24612254658224775,0.2501483254714575,0.24143932040709287,0.24270392512015418,0.2350994428964754,0.2291612592240708,0.22235254261630114,0.23152996173811546,0.22057901853511647,0.234027611388014,0.2145979159325613,0.2071990691535931,0.2039129229518595,0.20242346749054824,0.21484888293694882,0.21083106374991364,0.20954094587530586,0.2050376426249866,0.20439256790858934,0.20213048590206828,0.21001064075908146,0.21387247733672585,0.21135148323823227,0.20233459759630737,0.20527341147895323,0.20686918334793894,0.19975847828566506,0.21368301361504288,0.20173733992722997,0.19884034133962736,0.1958704991195806,0.20223542870726505,0.20301324355124029,0.19428948629746007,0.19967160642817242,0.20345257927358798,0.19869017853213,0.1856798172473215,0.19600920626025467,0.19751006867241477,0.19806921483512746,0.20141467968019872,0.21104618208985845,0.19920344463844447,0.1895265250792,0.1994804323367998,0.20587139151903178,0.1913057395874811,0.18984204346839106,0.19796835300963875,0.19415313164148337,0.20166418241573641,0.1957442168772632,0.1831984943421303,0.1948322293813369,0.19528978621809048,0.1747150834572579,0.1838034674131491,0.185624886024372,0.1840318957925957,0.1941761562931179,0.1861216097270406,0.19395148091463374,0.19770838566243187,0.20032703815145234,0.1861485252940265,0.18568704287439802,0.184796652531697,0.1959282186689355,0.18326549321386412,0.16660890112915594,0.16738263484490876,0.1667049516876216,0.17363129325245455,0.17065456102221388,0.17797282740018838,0.16945016653631675,0.17261776929131423,0.16990826298182393,0.17651218865707732,0.186631995656765,0.18400770130954341,0.1884555361532668,0.1777946956378855,0.18944305996109823,0.18353453676257028,0.18819994839223414,0.18609611210349578,0.21039644625391282,0.20967087133174298,0.20588248426956465,0.20093912649471396,0.19498248452524358,0.18890354149787128,0.1918710711160717,0.18694501976773667,0.18291713900912854,0.17481258705895938,0.18778244956494858,0.18766021087087836,0.1782802358704505,0.18163544405611734,0.1960865700952559,0.18638544718369726,0.19141104752209948,0.19425803886709012,0.19881516135976277,0.1953242385788837,0.1891338660583493,0.1896509838375017,0.1986704246191229,0.1862944428002797,0.19740654610224032,0.1923683854659958,0.2029262220364799,0.1871456341171428,0.20364275321889397,0.20154518633025703,0.20189234386616753,0.20223320284423962,0.19812664252552062,0.19146663293381674,0.18401693805726962,0.19295933777956864,0.17952940849710142,0.18964670434800907,0.16914252127852036,0.18275614979279,0.184392477693759,0.1794452223814398,0.18192819052385495,0.1835527518939931,0.19360055590136394,0.19669743200547135,0.18195206968381014,0.1982717044341913,0.18978068069240733,0.17935079248361455,0.1892374991336924,0.19898209084884044,0.19724630211496905,0.19353062537701587,0.18818300531087678,0.17967704645076985,0.18261148997095847,0.17968118371528877,0.1845922655278322,0.18799569315240075,0.18020610505531753,0.1932333130215037,0.19531116926138073,0.1804357960611157,0.18484520960297518,0.17600041829894938,0.17816459296750353,0.18438182105951448,0.189899971693035,0.17466025906876154,0.18357308228424868,0.1878374137497079,0.17928101405323443,0.19041151127748712,0.18824688565901426,0.19798377920166468,0.20444519125878965,0.20762937659605063,0.2015526255888633,0.2061572441217566,0.22375384139584198,0.22829268712247966,0.22459604276041967,0.22917387072393955,0.23222153957226332,0.2345386926461186,0.23297005381423658,0.23911856734112824,0.22583809407786065,0.21901325511711206,0.22158221531135636,0.23070903359576747,0.23264439835997724,0.2484929088811361,0.23333849908189402,0.22647590302957013,0.2366576240201122,0.23398763076158421,0.23069299109267263,0.2325413556765651,0.22776212180825475,0.23684515224497604,0.2377301147543197
53,0.19652289357511443,0.21223836922473524,0.20988272780310993,0.20527265522515067,0.20865677949673928,0.21553236778755483,0.20748939291211413,0.2068625147808552,0.21289144021938977,0.2111703793026018,0.21379044930543178,0.2112284927106583,0.20808783897117417,0.20649122466065278,0.20577101508826373,0.1987950837556685,0.21356284611910406,0.19623876859765776,0.19204088557410307,0.20946525751713346,0.2018924554360307,0.21212502182051568,0.20446632913644464,0.1869310304446707,0.1992501013613669,0.19828346975387828,0.19868779039103657,0.1953355726248477,0.2170528036746772,0.2183473372198103,0.21426754813236723,0.20969462570037037,0.210938134078917,0.21518420996379958,0.22218646532614786,0.21152602100348047,0.22211827907876025,0.203919735900361,0.20276415868237388,0.19597617184374133,0.19179505249073792,0.20036337568868437,0.1829777571809843,0.17970278178268095,0.18658284032694994,0.19663599495316567,0.20276808052682643,0.20910061011185363,0.20760791172025128,0.21088592746764945,0.2036920598343586,0.2053858879770076,0.2118465032950551,0.20940994368366272,0.22331176287728452,0.24744466802212292,0.2314149435733982,0.23058242378921734,0.23075605199184998,0.2252887990875839,0.23176086333821247,0.2381866410698145,0.224851971598038,0.24905364374475475,0.24158195974505378,0.25346149957913006,0.23533726394761204,0.23658303563772393,0.23317237699896937,0.231012829773053,0.2290942557823784,0.2104375321100991,0.21860616223203433,0.21085995038829777,0.20940213244507327,0.21285203173450948,0.20456974320606264,0.20872881138070107,0.2078262972285152,0.21510980174241168,0.22320139263712355,0.23067965860286832,0.22142752206347552,0.207429346920965,0.20894977123490738,0.20862795448854482,0.2101280353591617,0.2171129858355155,0.21034480961158952,0.20932779561036965,0.21249783026880667,0.2107667020487637,0.20275136652653258,0.1902260105896307,0.1865961161458132,0.20271089914189067,0.19455271688185632,0.1930735135758933,0.2068654203443719,0.19628221036715535,0.20103676631715178,0.1968556662760341,0.2062479307300481,0.1974427721463119,0.19211788636974594,0.19910800321727096,0.19998887161008508,0.21366894221137378,0.21236116539711106,0.20525025247008896,0.1987517036461685,0.19506855190986958,0.1947318994239943,0.19814892931762915,0.1921343431560111,0.19561358389930342,0.19231891491892847,0.20053998586764668,0.19646190007667685,0.20451449776411762,0.19792792877841683,0.192571937527142,0.18976612961093667,0.18706394975442164,0.19606393289052823,0.183280474272087,0.18250703095322407,0.1826743202644402,0.1865934093488027,0.19925565693071895,0.19696310408309556,0.1796410562688372,0.18254969009185165,0.17852527058768955,0.192084357817981,0.1760117253028515,0.16326346144701787,0.16108136457233882,0.15842109106421884,0.16321425988542818,0.1686812458588189,0.1705211292369836,0.15807347474976394,0.16530070278417358,0.17864690640194883,0.18629791739901777,0.18681842225726775,0.1946487414392722,0.18863188296961372,0.1877852600889299,0.19253868440307928,0.19352033181184117,0.19336096285233423,0.20833368705655758,0.20615225988873925,0.21455468391612492,0.19816411405819884,0.19256001007950102,0.1908993721313212,0.19661769026919595,0.18775771876765243,0.1833308702546343,0.19023884476174444,0.1869423079094671,0.1786322629526858,0.17668517052864738,0.1865132114555137,0.17835985064165708,0.18739422373241682,0.18814071926201573,0.19616574410926937,0.1931817518025457,0.19366614150401082,0.1851876838577856,0.18924834925730097,0.1793215152677821,0.1920927172918184,0.18649131015193648,0.1938700846808385,0.19226480862393147,0.20003829765321454,0.18968819326466713,0.19110026971070224,0.1835159853895041,0.19239859665819414,0.18712895830462303,0.1892085685118565,0.1942447099135902,0.1820532766902852,0.18926717504408588,0.1811884876397782,0.1787652085950353,0.1789187271966196,0.17233115549341765,0.1730864218446609,0.18165936844856434,0.18138973235873632,0.18986433827785068,0.1859025298937149,0.1856748578080356,0.19235970394819454,0.18584261165674085,0.17328441319388607,0.18308775523512288,0.17756996128348074,0.1947123059079956,0.19411263276388607,0.18077176568211864,0.1857845949757677,0.1758998220089558,0.1838941441660041,0.17335026104936826,0.1883200669950161,0.18654194471248361,0.18850028015313108,0.18053175330747606,0.17435957429428897,0.16523699945270723,0.17398175204633298,0.1735139913508661,0.17819663552506526,0.1783372231278878,0.17454921499900508,0.17463902577777385,0.18075711454434548,0.18376999351250062,0.19479320354292137,0.18759713434772543,0.18649268427575327,0.1922430287184004,0.20121708353854814,0.2107552976130612,0.2051675158095432,0.20676793954421227,0.20397002541143897,0.21623829083230922,0.21636046193469985,0.2246648344428965,0.231038310467049,0.21452667421995614,0.2221510140499533,0.22138704322037406,0.2265356725274809,0.231845408774257,0.23282821038517368,0.24659621140338078,0.24752632844621986,0.2485776053698812,0.22722713882194248,0.2491932647846425,0.23137365118137757,0.22927536842989998,0.22310705315914,0.24006364726000257,0.23112679657447666,0.23241946651932227
54,0.20428806742457278,0.210500339202971,0.20255861087360744,0.21333135900691969,0.20700627001210203,0.20332804737465757,0.21693628566970521,0.20867609448025967,0.20463880921509,0.21664481527662421,0.21093633698546088,0.2179237180998938,0.22931132301247534,0.22132389265449245,0.2158648348603747,0.2085788650589784,0.20432264406378206,0.1974714203841604,0.19457650576538787,0.2085035242143533,0.208175635927673,0.20103389633121801,0.20019061787800713,0.19890119391133795,0.19365610827657964,0.1909720895403938,0.19862516454788537,0.1956797027628049,0.19883029643443687,0.21289555794472767,0.21892502098051403,0.20980329278397475,0.21127621115171588,0.20627210473024366,0.2108489778544835,0.21024375279997465,0.2001755728417432,0.21297155407686058,0.20791786166189374,0.2066024179814773,0.2077509412004483,0.1940813033365097,0.19617490907933408,0.19018711913785116,0.19482742923014845,0.21447520914511073,0.20911442881334874,0.21383106549598344,0.21721519376351206,0.19871083120250776,0.21047460347484204,0.20289342339381433,0.20673071181533662,0.2182403251400716,0.2191180730368038,0.2223023224961986,0.21982526228000387,0.21795071596136759,0.2186248879996142,0.23602064887241425,0.24139329341162208,0.21933775803127684,0.2154138387128983,0.23723851669701754,0.2467228652710504,0.24872423283394116,0.2447528738933617,0.24694935717347918,0.22886922552498892,0.23429995220232555,0.23321259421990276,0.22344605938430873,0.21381580274977963,0.20606678718253746,0.2124847665116059,0.21690831467468,0.20069600609712546,0.20171634947838996,0.19874797389307833,0.2087453932861288,0.21142386119342446,0.22242351515181816,0.2214909571987805,0.22303586251527474,0.20988625572449432,0.21180782471460136,0.20140992604829622,0.20820545314246053,0.21818470360625783,0.21593786343708735,0.20561202011619242,0.20670139136737498,0.2119459391637883,0.20710853659377948,0.19095353385759525,0.19005211192636356,0.18774773225357266,0.19267204191232953,0.18613823863059398,0.19332272137132236,0.20761584725096288,0.20415000739940778,0.200220978737748,0.19378796404280324,0.2100449284843856,0.19224865053093726,0.1954043915963052,0.2085041003316773,0.21886544523762091,0.20877101371810836,0.21008923515975306,0.19651960384996792,0.19432791901580967,0.20131235993530974,0.20090424349333644,0.19667311210380095,0.19574700683980678,0.19565859924110254,0.19635555400745403,0.19517156294867502,0.19575414193297813,0.1901631663115392,0.17625806579893574,0.1923110769758515,0.18672294996106983,0.18325325607504667,0.19260581728110815,0.18348949271644907,0.18482678109668388,0.1848133758320267,0.18518201268630072,0.18407050338472436,0.18162766512487222,0.18025756494790107,0.1871038396662359,0.17161332269706026,0.17726267549723948,0.1611402006176959,0.16131148899665698,0.16467284927223716,0.17482828607726533,0.1696332957761918,0.16574124621599906,0.17736111077127148,0.18054813222555247,0.18816177444684676,0.18362533453002094,0.17606490633052263,0.19101611153509054,0.20310064844925516,0.2104601133666861,0.1959339121560701,0.20188843895979985,0.20379062441882753,0.20742309014457067,0.20290995754545782,0.2092460170268733,0.19320857615527098,0.1928931920610245,0.19177699090209602,0.19582241849640136,0.1818937597798876,0.17568953767633336,0.17665104056700387,0.1830029539626656,0.1815842179754763,0.18005546188698404,0.191730895194248,0.18464825170515345,0.19029549191179898,0.19034755381384302,0.1893570155180753,0.19883580412954793,0.18612585252775496,0.18377921832786243,0.17046083048734464,0.17482325418711347,0.1899762015541859,0.1757164416534198,0.19400950160491828,0.19867576319721308,0.19728305295035395,0.19055353066756417,0.18082471946635797,0.17722708730938427,0.18900012874047042,0.20321461089295403,0.18851152207086386,0.18498039394077848,0.19204199105348582,0.1859158857329506,0.17993696874869833,0.1684297872208153,0.17480506008098365,0.17855178654759996,0.16528136847312372,0.16922647182308828,0.1913104089205523,0.18196380094542952,0.1924628887495517,0.18701601557421887,0.18354193247962236,0.18391353837033605,0.1872248968553146,0.18399062725812365,0.1818009297828638,0.19518072641207398,0.19268295585820916,0.1765285687207265,0.18382103201199876,0.1835474266337815,0.17907942860705514,0.17837422532654534,0.1894578480154129,0.18560552503970987,0.17440715589962102,0.1681521404781729,0.16515327872667804,0.17450271969422,0.1781430977335689,0.17877302958609947,0.1839192130439434,0.18647280340829703,0.1817063898968119,0.17501537383834806,0.18282163980685132,0.18910712844367603,0.1936102296071027,0.20130780340008955,0.2009069774727154,0.19668495465979854,0.19109415346619182,0.19099636415070312,0.20330709739316974,0.19994907621976662,0.1962282225511929,0.2050804680741406,0.2069729072322926,0.2124379979964443,0.2195497768376158,0.22267486618428045,0.2312616926469885,0.22711200951616523,0.22189407199262087,0.23865162727399003,0.23617683590458016,0.2558585886905646,0.25028648548686105,0.23482622685715795,0.24352569979089897,0.23775173779346176,0.24422791395432647,0.2360839701786724,0.23994378203768343,0.2439911084380529,0.25423304551344084
55,0.21433065935369913,0.20045453223276335,0.20837648123013033,0.20738908714869134,0.2137798165226947,0.20246301038280223,0.19966598363197122,0.21200900118756688,0.21834376762939,0.21506894266201176,0.21721419345288107,0.2210610354872262,0.2046401756946398,0.20459551067524584,0.2057338721076217,0.19913544320872514,0.1988846887474455,0.20026367428221656,0.19487373094616922,0.195500714968753,0.21113279646795713,0.20879250269614624,0.20772358056889398,0.19897935099199063,0.20870112974349933,0.1943432673822316,0.19046759584622902,0.18844542574112028,0.19386825443977326,0.18972283254229622,0.20717602681947553,0.19647756628276494,0.200651832322421,0.2194786599997366,0.20625263232740232,0.19741815098663767,0.2045625835348891,0.2048670434789631,0.21083208321095387,0.20836789290514945,0.19462503335234146,0.1942239579274129,0.19889159015740152,0.20857761635919414,0.20336093032393698,0.20846473597649842,0.20806033815510624,0.2017836483350149,0.20200650742162454,0.2023603351418966,0.214502816992582,0.21640141689477407,0.21004734672991204,0.21139290161739108,0.23119636415957134,0.22852451715342487,0.23607994754755846,0.2272053743357233,0.2275974542352593,0.2232989598053424,0.21812337055032058,0.23818181480263148,0.2251932143665097,0.22769243417401128,0.2310965169973688,0.22715651647290636,0.23978515908412293,0.23480427516405258,0.23045943880842507,0.22429045915454857,0.22757570668037344,0.23157058885097873,0.21277161989034502,0.20796411391739011,0.21635503174956347,0.22276481680832766,0.19823194400768046,0.20415965352040358,0.1995292674124213,0.2083553229224461,0.2123787693942615,0.2211402010009555,0.2194856847313939,0.22203630937538202,0.22138276125673823,0.2239777615700752,0.2196451408862424,0.20564061783079277,0.2123173084514715,0.22270896519539274,0.21472543933778251,0.21162652466190446,0.2063085848125319,0.19534893594999794,0.18633077915442958,0.1851566864162132,0.18338782510171062,0.18570743861678884,0.18567250639604652,0.19238109839540535,0.1889488704426034,0.18499423728442,0.19519811525536288,0.19266512119379142,0.1874757501389205,0.18767589688724678,0.1939240175872004,0.1940117799075656,0.19250778631425966,0.19953062172936478,0.19527616614785553,0.20334595137108158,0.19506746943259826,0.19095700741459598,0.19645641742584175,0.19927009552874544,0.19293459156158696,0.19586956553422827,0.20856157603448403,0.2136190109678772,0.19347185692709237,0.19510611444734074,0.18412620412352432,0.17405030954297301,0.18826366109452733,0.18543794250241716,0.19112368045499065,0.19045417614288976,0.18073663823925865,0.17923878858506873,0.17989185493730198,0.18126990201824683,0.18424346811740214,0.17661764921556686,0.1824362765978472,0.17466649281668978,0.17775494856332355,0.16137297294364475,0.1664961900694413,0.15734429468978015,0.154492713086278,0.16574189499391764,0.17861877229779732,0.17638713249008864,0.18851443032089493,0.19264302979417924,0.18253035565083492,0.1818863048323589,0.19760960952517345,0.19436470342684958,0.1890899730728269,0.20698534615433786,0.19861492014199741,0.2054990412366951,0.21332703637097142,0.19961834426020808,0.2018473397530197,0.2004665794051851,0.2027728708826042,0.1921614645378777,0.1899365739526732,0.18334914960828544,0.18681794907602137,0.19176162443491446,0.18455822301142882,0.18866663344709583,0.19043422375700667,0.17953131006317483,0.17898865311577936,0.1824635415058044,0.18820510528499368,0.17404277531186144,0.19711889684131217,0.1823458568538759,0.18139303194456727,0.17576694324618858,0.16757576088378645,0.1729339255708946,0.18435439685701357,0.19855597476988168,0.20281139393912628,0.19080792118095416,0.1892703128572822,0.1841219645098064,0.18833303276841154,0.19212200043416083,0.18768121228110374,0.19288737374462603,0.18007038785441343,0.1869813538534197,0.18123555412736328,0.16991827871979384,0.1770860700306381,0.17449504534238164,0.16994805555216183,0.17237588146216198,0.1717534225288862,0.1698088027642174,0.17610873600385044,0.18641240090495637,0.18918656851508636,0.19221850714381744,0.18435184992449102,0.1907272732984895,0.1876851016890589,0.18726128533708744,0.17733681328727396,0.16880247110983307,0.18028828188504034,0.1751210691400222,0.17669981711072233,0.1763399445936031,0.17920267987347913,0.17240076952415687,0.1751520400317043,0.17152617379872784,0.17114735826553026,0.16551040447144758,0.1641036723861335,0.1770987109098825,0.17420118301006687,0.1775295286497886,0.17750067135006542,0.17884611063956835,0.18353398737833757,0.17866122194517808,0.19092403315500367,0.19028186526410218,0.20030574244515917,0.1954212468972806,0.2029663632015316,0.20898869784284224,0.1892599844183807,0.1959607351272514,0.208110072252815,0.20409806626699947,0.20069813647993523,0.19278174187024852,0.20876399542592766,0.2181980173168652,0.21528546033156173,0.21301250517147477,0.22071898991665304,0.23323842495795535,0.23013437830825562,0.2430371702860513,0.24992914299506505,0.25455521574349377,0.23863146090064719,0.22964785854599723,0.2339667810426959,0.23272165674953374,0.23688949384752886,0.22975363964827186,0.2289887782676868,0.23643066295766005
56,0.2066597501524071,0.21530261268778475,0.20458265008841975,0.21473839362673747,0.21572933264872227,0.22067894547830183,0.20549908855460347,0.2184197471423314,0.21159548668744474,0.2137400959433708,0.22040913998877093,0.21371731039264505,0.2180384570098752,0.20986102997422568,0.22591574513070614,0.2091287299642135,0.19985831842136675,0.20304382677828742,0.20259812418582782,0.1890703812789639,0.20942836393076153,0.2151167857073655,0.20433925233942937,0.20777309064449823,0.19991918745973794,0.19654661109119279,0.18642652312053326,0.1928347947845264,0.18876240412985018,0.19714053009369253,0.19009592185211488,0.19880904539510835,0.19381456017903106,0.1948898852962259,0.20410423214565776,0.2044151594584608,0.20741850514581914,0.20814606261989732,0.21146003512002118,0.21443412497529435,0.20938699297280233,0.2033435915491385,0.19470558089933795,0.2160471292749342,0.2107100741827191,0.2001562611712856,0.20808688069346856,0.19888424911696867,0.21051226303627296,0.20722836476459036,0.22223266790211665,0.2127101921942908,0.20877783995464677,0.2089419290506318,0.21940145330771543,0.23415805390201047,0.22118521834352414,0.22932146100618545,0.2243166962406937,0.21259385150557222,0.21660815340956238,0.22663005281775123,0.2434191827499713,0.2388611396110854,0.2360718481333958,0.22880357188150283,0.23701034365809068,0.24344558341981587,0.22131528029314138,0.21569585529773014,0.2282501649190412,0.24095114810150434,0.22443542125159152,0.21189567869738335,0.21102591887292843,0.2059634699728249,0.2088446238560616,0.20629020146473018,0.19350005820894778,0.19733231462171583,0.19776874153817883,0.20702042698785064,0.20876164002458258,0.21050145400429215,0.22140998372160633,0.22140600719775788,0.20713805788085896,0.21551167383763034,0.19958722504160942,0.21825741138414406,0.21589978010332672,0.2183488455149911,0.20850918943717542,0.19756445465062056,0.18787820402461725,0.20360091714441814,0.18899146868018782,0.1826257026971389,0.18693395735489282,0.1886986529899436,0.18536639334797603,0.1953889459300242,0.19604006146220052,0.19662019387629884,0.19234012767765493,0.1946855865789195,0.19210059056809048,0.17973791521903562,0.18899690837020197,0.19443753203232964,0.2045593806052273,0.2072594779935435,0.19793386267896032,0.18407868363983287,0.1820765433973578,0.19786488181939133,0.20227135324047651,0.20783208761575916,0.20300853165681793,0.2001762596156434,0.199614598703463,0.18520729977502742,0.18787041728605108,0.17730431295081356,0.1910339255151595,0.194609797164936,0.1865078861960374,0.18829769337846997,0.17801500056707492,0.18309441624343614,0.1854133070097307,0.18117517938759609,0.1748839685766123,0.17111323422246005,0.1744078787582901,0.17994351512665333,0.16654864357134358,0.16574708530869206,0.1591970442138242,0.16829139097258392,0.1565903518687304,0.16401969500900948,0.16867390520331926,0.16766545815221987,0.1857452857082888,0.17950241669877323,0.1787511728323116,0.18850531506041915,0.18930736041771243,0.188994036194365,0.19239859665819414,0.19406740559506278,0.20554963030079387,0.20464234323264166,0.20421404135021934,0.21125115884223936,0.21510242177052988,0.20665108983366015,0.19984338808906682,0.1860007947975842,0.1883748849164606,0.192399571291772,0.18680667911328475,0.19958521260974887,0.1862256076320871,0.18364279753551022,0.17331725417889512,0.18208497045173225,0.17549566773795416,0.17720138010570285,0.182057217148643,0.188025044441698,0.17894670252631087,0.1843385639970482,0.1754992642088102,0.17234718724792633,0.1672623522200816,0.17121389212762955,0.17285342926619987,0.18320207993325685,0.2008234668008145,0.205264714728435,0.20360718052147112,0.19538902691198234,0.19678608243835416,0.17982174178402544,0.18832995385845938,0.1868460409117653,0.1926805600610339,0.18580299063451305,0.1792522847939574,0.1805556154745097,0.1821114280670874,0.16376881252450085,0.16926770269865724,0.17294834083353128,0.1646643939258907,0.17067719625016323,0.16986636760407028,0.17860100567280132,0.17431798615928276,0.18942949435420575,0.18662434651181095,0.18811529155256795,0.17872948336658778,0.18446178206785666,0.17562506581507173,0.18232625012608036,0.18082434473887313,0.1670421995541599,0.17240307195069446,0.16770464822607628,0.17298510120916444,0.1771989727966428,0.17791964362245258,0.17280722651257396,0.17887699893572387,0.17149576506649197,0.16766522651398913,0.1688552235056104,0.1798956243451552,0.17530168881328506,0.18294047399561528,0.17985963179521847,0.183214946455589,0.18231546102747975,0.18870786450252622,0.19354751513975474,0.1906408650530815,0.19553181879211048,0.20457921131391008,0.20834308950715225,0.2036353118361905,0.1927559532164842,0.2057812969195336,0.2038774157274743,0.1936307376784929,0.20301115871144892,0.2011651938179611,0.19918236789905533,0.21103942746803295,0.22397394521646233,0.20749493502513233,0.21823298851637005,0.23460669420525895,0.246387573214367,0.24332918415444296,0.25930446797853857,0.23812736154225653,0.2384985813004751,0.2401501155837168,0.2317592623964147,0.23187797553203873,0.2364773227886454,0.24409433481822293,0.23306765148227818
57,0.21760155773366024,0.2236455184865427,0.2075570072470299,0.2182647990862226,0.21601847708163371,0.22399302763481688,0.2137417200602449,0.2135846807854057,0.213921581192779,0.2219586118335676,0.22416169403250388,0.20874063486545946,0.21015126085135444,0.2056862214201867,0.21360676360781702,0.1988181736330626,0.2030638659181109,0.1886026975150267,0.20135380457308424,0.20602418271655054,0.2126300787339539,0.20185738369720443,0.21519971904523338,0.21420780944395598,0.2071083458398557,0.19523364382806951,0.19384124923257898,0.1884768435617137,0.18785718057113904,0.19273101119180713,0.19247693750332967,0.1895091571171726,0.1884633905387776,0.19354591077176098,0.20625040024256833,0.19505803282087253,0.19051079967837747,0.20134666936811213,0.20868777082240395,0.20830054200594436,0.20312402326739815,0.19970788393601227,0.20341227169224632,0.2031997456521558,0.21157117597510153,0.20628744647881886,0.20861969205393122,0.21605369593779777,0.20893134497414725,0.20862420752997268,0.21499497033373535,0.21917807081866664,0.22486098046839095,0.21758993377454805,0.2148653573394458,0.23290472539066717,0.24020353804783162,0.251095193808981,0.232530539913666,0.22064058484301433,0.2173279082496124,0.2283215478638797,0.21612688793761517,0.22463607385358664,0.22491115715929005,0.23779761799405363,0.23477178393715134,0.2355142556206636,0.24467590311296528,0.24006834582527467,0.23917407333990698,0.2240841299032409,0.2263041926319302,0.23172991375659013,0.21944818840728111,0.2177354283101381,0.21048943384924643,0.2031620844238988,0.19859231114474793,0.2029031783336023,0.1996051195276844,0.1957515682212478,0.2019720855525478,0.208565754084083,0.22254374902389354,0.2314807602270932,0.21649586206559682,0.19679131147454362,0.21902097099186763,0.21699083948490636,0.22258361933149406,0.21572312354876036,0.21410859420813738,0.19520839468240175,0.1991117099260997,0.1998161666300506,0.18996141678022688,0.1811692973682121,0.19447111310407716,0.20060152025972888,0.1905712576271246,0.1909110208809983,0.18741260615679223,0.17873010067741996,0.18591639943823676,0.18484759310055732,0.19016281601836424,0.19362471878016513,0.18763502092155554,0.18673653673256485,0.18943054118316993,0.19073372914465958,0.1902921618370583,0.18766803210909344,0.18186993014954478,0.19351142007641867,0.1931116168295005,0.19479759916619718,0.19714384383131703,0.19903585557221995,0.20176233251089612,0.20092081447704463,0.1922499342749663,0.18628753669149978,0.18899864910407363,0.1972963768758868,0.1876332927471057,0.18553826879430005,0.1811603704128718,0.18251497362366184,0.17913885747007444,0.17712497420153128,0.17665156934806375,0.18291705477269243,0.18029504861652254,0.17620535387214215,0.17094826603000396,0.16722884876148303,0.16951365964545448,0.16480405754311298,0.16073305526775003,0.16213975035396447,0.1679216913805866,0.17267509356371583,0.18103585606434547,0.18406995239615273,0.1815559557286418,0.17878640839035906,0.18346127187546699,0.1895235575759627,0.19439245296622876,0.18714722852329976,0.19122210735174788,0.19820319912798326,0.19091849403806485,0.21016703629526576,0.20119527627349285,0.20808065199594883,0.19776747558762062,0.19708720473703611,0.199894611441161,0.18947638924232424,0.1933273509037238,0.19404260663197798,0.19034821125213816,0.18312287581199393,0.17976196220065438,0.1675556974976036,0.17073556654600383,0.17444760043123372,0.17503770078597922,0.18044614153016725,0.1743639103079738,0.17567695692935992,0.17208467660224658,0.16149601115045498,0.1651373077608936,0.16363824006533972,0.16506636971328278,0.18020813827225426,0.17582211501355413,0.19082989001930467,0.18980301199925378,0.18538346700999775,0.19922786503576748,0.18636566357268475,0.18943717123428513,0.18163611322705536,0.18881109025516246,0.182352700811993,0.17683889805438358,0.1737373528110169,0.17972293404465045,0.16381316450439978,0.1543753659112479,0.16624006499133787,0.16509848954404482,0.1704232723213235,0.16929030989897834,0.16728180270875787,0.1767510897100791,0.16974664526753747,0.18140025782950686,0.18765688370262207,0.18519326991827714,0.1783645736246211,0.1873011742014641,0.18101159699289232,0.17303653105027128,0.16690970901323685,0.16560559295037577,0.15856476929394175,0.16375372955405124,0.17736323440704369,0.18725744782951598,0.17920003906465382,0.18231189278906496,0.16665555721109812,0.167642990733787,0.16471137778078432,0.16876854257674825,0.1806176136464609,0.18668688101934103,0.18889884391831144,0.18763584180999518,0.18275063724415155,0.18240607570172312,0.19228163219106223,0.19430899252464964,0.1927864916198655,0.19419717146502014,0.2096602986063201,0.20281384565403004,0.18670923520392027,0.19327042425930815,0.201915928316901,0.1882326688891751,0.19348709312814552,0.20652969325000245,0.20153151978660377,0.19740902793556317,0.2142213737453974,0.21333086779387808,0.21671431526900606,0.2248306416889262,0.22583606604239406,0.2455518440765791,0.2381585075024868,0.24726730760306537,0.24999072727494567,0.24118006062955283,0.2255121783070715,0.22628475700873593,0.23377453402249015,0.24400830043855912,0.22736138178035403
58,0.2129630215466033,0.2159918677711503,0.2216951029311182,0.22589904764150737,0.2170180215963489,0.21789561978883418,0.2229211115966383,0.21477221690440249,0.2166083030372256,0.2120481071118808,0.2132952578617617,0.20386830400173472,0.2123330509282189,0.20754601543166362,0.20045811399843655,0.20099813603948818,0.19276483016057108,0.19811044340315112,0.20430185033580547,0.19067809307334632,0.20982527452745844,0.20902219303925323,0.21321320574463937,0.21118496693945896,0.2046727383030497,0.20417132161109122,0.1878669998749174,0.18735759371462282,0.17820976602213534,0.189573313035452,0.18855224165443416,0.19101769493271661,0.1886712383656565,0.19763693494139037,0.18856405111044533,0.18993587420176408,0.19231909205127667,0.19990777848292485,0.20510856680501802,0.20403618751685573,0.19763354465531072,0.20044218117087526,0.19910833972948555,0.2054437340521199,0.21704715620533238,0.22088081699263984,0.2154378468714516,0.21031226469504682,0.20097979087776502,0.2097015304220303,0.2226576904645074,0.20848139291236528,0.2125780896929419,0.2229091008212281,0.22406524609532336,0.2312860824204731,0.23940454993007712,0.2349961785828897,0.24034605605919357,0.2209700429015581,0.21689058492957722,0.2254053397132844,0.21332674164898266,0.22674937569575673,0.21531198261555162,0.22620598948689308,0.23154318342809263,0.23321012407050698,0.2276746093107955,0.24084248522976398,0.2337502585953241,0.22767020573602578,0.23087940790835054,0.21603678221121164,0.23191823650213708,0.21971727290985216,0.22378181917054296,0.21104900062907755,0.2107053680098808,0.20192838413844383,0.20295156285148339,0.2165977296034464,0.20829243642133766,0.20574983708250694,0.2108301899300883,0.2107602475476558,0.2102743504073393,0.2063229791197394,0.21774891515987221,0.21469913761347195,0.21572784244843282,0.2264385681365271,0.21350310726084154,0.204019707223672,0.20291825549692047,0.2034132740152139,0.19724216915307569,0.1930818716388476,0.19527058619531384,0.19833736539247704,0.19253580273606452,0.18316074443610925,0.17802237882433491,0.17673192178310937,0.1859567725507699,0.17868886899926714,0.1814010932104895,0.18310116181526867,0.17923689011733457,0.19039739407446285,0.18065904078417852,0.19027520564981004,0.19003697118336932,0.18196949925969397,0.1944839202135529,0.20296981692762775,0.20126842124912436,0.20248156086542418,0.19480244343734868,0.19906020179744535,0.1871297769790786,0.19983213988227883,0.1907227938601741,0.18940650919299098,0.191811084127486,0.18826504827755663,0.18803582504798927,0.18590205903227766,0.18021506797985415,0.18558244835859497,0.19746866495320647,0.18289923963816257,0.1822855739408216,0.17915127362246755,0.1778143882630867,0.17408826618802017,0.16679256980830418,0.16815051431066558,0.17015601265919741,0.16789756590525617,0.16248489720886572,0.16912456789268893,0.1706149958819021,0.17276624732780202,0.17860795583185268,0.1801750702241517,0.17957343905086828,0.18633120819739799,0.1822827198124585,0.17847911343652473,0.19345568648237935,0.20422734901566855,0.19301323953894534,0.19853573133891037,0.19858929314809184,0.19801429323308806,0.19865087393059946,0.194567769396771,0.2024337079063401,0.19102077379900723,0.18731135261265627,0.18007768544435906,0.18969592430795676,0.1983882607389751,0.192246569998474,0.18591447305073255,0.1778104986944107,0.17652836548481804,0.1657414370327703,0.1633132042993272,0.16841411986329247,0.17161743235076424,0.17231453007585434,0.1716449379511315,0.16845639404285614,0.1738527641162661,0.16477685140522427,0.16803617997094894,0.16493468675981596,0.1827551819287047,0.1840331246690883,0.18509585783124338,0.1750551532533706,0.1835423973632205,0.19611403712959846,0.17915053110411258,0.1773782230979265,0.18218406999791747,0.18506010319202118,0.17917317929847681,0.16709640255533312,0.17441522799149314,0.16675770134258308,0.16686978254576762,0.16397747701504709,0.17319553832358295,0.1754382554150798,0.16675071316590104,0.16240417886670844,0.16742310807712837,0.17259241275272977,0.17274810819035763,0.16605765473349138,0.17850529372161097,0.18318073615473146,0.18399910053473806,0.18275690725521485,0.1735301331431334,0.17972839664866969,0.16605249292833396,0.15621869301067037,0.15662208459325588,0.16656306351069397,0.1725293555112769,0.1713978224258551,0.1707601784562294,0.17094570750011176,0.1660098281508929,0.1611036945135816,0.15667330323236905,0.16807386997173338,0.1752647993543633,0.17586070101179874,0.18020805528335884,0.17282863503847345,0.19011268696232803,0.18250282862191697,0.18666766715756727,0.191219377479156,0.19735445753071906,0.19467693496466038,0.19528120218067116,0.19428724946996193,0.19434648935069426,0.19075902762722557,0.19620850558549893,0.19433677885784917,0.1860782872684505,0.19092223072629785,0.19517438968968182,0.1956068637942569,0.2095267130258823,0.22715395355604243,0.2081112223147529,0.21909627807884166,0.21580718509034172,0.2203623017193342,0.2348678109353778,0.2343400401527808,0.23933493726018892,0.24539403400743037,0.23652807648789825,0.23980674817210634,0.23782899463594043,0.2521204072674978,0.24898661444982073
59,0.236500356647764,0.2209523881661322,0.2315284157027057,0.2291026960821456,0.22246700085824875,0.19427476844527955,0.21084247228548952,0.2145945558751235,0.2242271515821496,0.21547832949482496,0.20467914776239357,0.21588889328304786,0.20943844270981798,0.1993538567269173,0.20927671036837098,0.20466345436861086,0.20441760702626827,0.21069629558156744,0.2053999341362617,0.20615719665230237,0.2048766668705072,0.20371937260099932,0.21567087484390676,0.21065481966863425,0.20431784532333602,0.19483052464120437,0.1950697017678243,0.19911597284118215,0.19324047662623722,0.18835666833084488,0.1891360435549868,0.18166409514359438,0.18122779232227038,0.19117077465972368,0.19086355118556259,0.1926600639028369,0.1827710050455003,0.18891354599179455,0.20112450581539038,0.19361736260295323,0.20685251233328827,0.20346445057055695,0.1967998123533131,0.20049383822795552,0.20374842487049172,0.2102022691690891,0.2211834867378281,0.21023097283935352,0.21193778932703014,0.21544623051574177,0.21140049505601652,0.22034180359354205,0.22678759734918744,0.22120757764641272,0.22594160006436,0.22461621257453923,0.23108422536623954,0.22950069232870385,0.24526619861835955,0.23246886755348392,0.2261157427091699,0.2113232104870322,0.21850038171032427,0.22071009617136336,0.21606349655586388,0.23737807301026675,0.2368413347829229,0.23452870202090734,0.22398591021841,0.23310033625216295,0.23077820974367683,0.22449997656271917,0.22439625262038532,0.21546265149802693,0.21972572189817474,0.2395589495146762,0.22254026455492326,0.22011822395166594,0.21493958202217817,0.2068959074056074,0.2060520311865717,0.21028572881792387,0.21936695150854926,0.21063861959995855,0.21772389746539123,0.22100596726572727,0.21614336079856836,0.20910826565596147,0.20243612708794514,0.21464056358548353,0.22839153322306555,0.21699923359711673,0.2175089841110721,0.2049441376500807,0.220600148268615,0.19700554038814905,0.1993716972367149,0.18401647197173562,0.20402853444434743,0.17550552790142415,0.18152326731519375,0.1842369774169086,0.17873368112229224,0.18039520932729017,0.18933185937522784,0.17939527491762083,0.18326806733673753,0.18523723937554665,0.17936326462518176,0.1877350661405466,0.19074207375938076,0.1820783042421576,0.17885360570928238,0.1875019548774169,0.19181139329067529,0.19848494440875133,0.19698193531248584,0.19593019016675317,0.19264236442987528,0.18742740833944277,0.19667723314181865,0.20181460860843298,0.20016764515254204,0.188216372937288,0.18635793952237517,0.18344762772622553,0.19452292887916375,0.17995358375504367,0.1744330602051498,0.1799201481355618,0.18280993742716753,0.1846604544389022,0.18284513101688757,0.17174491998663632,0.17134585383806625,0.17077700781069913,0.16993580768192867,0.17107572926838932,0.17510034428467736,0.1688059304155561,0.1667795508829472,0.16819729226487112,0.17054217600812582,0.17857571595665386,0.17598712640607267,0.17641641807509756,0.1771182856644865,0.176421048973361,0.1837655928462969,0.17326717716014078,0.18919301577389377,0.19634524581956875,0.20266633788213723,0.18970169003687767,0.19426859533159394,0.20383516535264706,0.1920003851973563,0.20305568357593137,0.19756586487345498,0.1921775268020313,0.18750640184397416,0.19471082638616174,0.1895074989527783,0.17533115752494155,0.17937173130818343,0.18400765894020926,0.18207788499185118,0.1701679629391158,0.17303103278517754,0.17294682757272012,0.17414323181614721,0.1805765702216883,0.17308191833102352,0.17148668298436567,0.1674288907662845,0.1659903726766618,0.1616398355775444,0.15750487486732317,0.16325011654799731,0.16314290827053568,0.179887961346186,0.1729364342180884,0.174798579894339,0.16660686789635035,0.1789024137068559,0.18471463240763966,0.17815954709758677,0.17497910869496286,0.18043110132504356,0.18367713642282446,0.18285132006378357,0.1727997063030141,0.17497890724293516,0.1640745417601429,0.17186177780874198,0.16639738618749592,0.17867031373342987,0.17104717271129558,0.17455982586220958,0.16494023158482304,0.16151553489166426,0.16714157874384192,0.17424021568186404,0.17906367769699058,0.18252880057825824,0.18164627656372836,0.1844627164959126,0.18270923532355932,0.17262194274633988,0.1654398013728958,0.16127843480841086,0.15421513557277788,0.16041201714142772,0.16319137437349776,0.16381018470087189,0.17370739202126728,0.17225371614222423,0.16529270997980236,0.15853001473847658,0.16016396071808367,0.1603580254586648,0.16644095537936562,0.16840566630051096,0.1808796462585006,0.17865159585011725,0.17972682406382737,0.1794442307332341,0.1785752225343977,0.17586632968765123,0.19018120728239338,0.19804630314222066,0.19496968947785268,0.18945653929148326,0.18473785640276624,0.18491889942531062,0.18269190315895498,0.17821546988320786,0.18435987288109107,0.1889060643202936,0.18679072166489655,0.18918996636734442,0.19767655326543904,0.20986987313922767,0.2129433587986852,0.2211265041030449,0.20940753277646784,0.21044145700432842,0.21023319959478534,0.2383116096148229,0.2367500612323542,0.22915698519120334,0.2319684390135035,0.2383066710711564,0.24947946267305984,0.23883298136825137,0.24446939626323677
60,0.21852111106130498,0.22497144613012837,0.22690000214994221,0.22895034379141457,0.23082285052378954,0.21234478521047376,0.2218043708235482,0.20254999182905498,0.22075848247405666,0.20273611036822203,0.1979862090276528,0.2013752163419914,0.20706795765366354,0.20155963814204805,0.20314118428495345,0.20694159877210516,0.19859165266883844,0.19965977943021795,0.20980860684055144,0.21379428905138534,0.20194688098644087,0.20439327385672848,0.19608554517928437,0.20934264158469995,0.19777378265189896,0.19521960063864374,0.19129318581368893,0.20079865062203162,0.18231189278906496,0.18898711704090326,0.1810825493368485,0.1809191755519684,0.19128226249839148,0.18929345583621726,0.19364647686726408,0.18478205811443316,0.18930709888010944,0.19768114595467545,0.2080914804667025,0.20179183982276308,0.20044578117759482,0.20915988770929334,0.19629009716637918,0.1893003862052855,0.2020675984708925,0.20541355557170732,0.20460083415837652,0.20594805747601264,0.20149304033537646,0.20648081227000112,0.20680136451999698,0.21190929176313075,0.2230114184439854,0.21802645829482423,0.22855151266140306,0.21877424815055507,0.2281517477384439,0.23050046189496554,0.2281914668096851,0.23377286534259847,0.22446012477416952,0.21271073095662255,0.2139460634540117,0.22119769649125823,0.20977571016200736,0.2153061325599206,0.23046697419666606,0.23295278129995314,0.2286949633219681,0.23665468144709326,0.22378774493082926,0.22255963479434132,0.22299170080942887,0.21256002867995163,0.21536166491764108,0.22958092428144078,0.22303796811732793,0.22354007896051117,0.23146802177847345,0.21665489214203815,0.21865846751877813,0.2146101707055198,0.2011971015625936,0.2028710747635863,0.2127994984354418,0.2122835785028318,0.2073421989037172,0.21412826594174203,0.20109858742656012,0.20665399242752994,0.21386198820493418,0.22366004091003205,0.21653190662626787,0.21565731807522387,0.20419269446859645,0.2164083929646875,0.2037535104992106,0.20363186085245039,0.19359814869485784,0.18214053169032773,0.18064057209131437,0.18178108865158676,0.1850658558560026,0.18577218962962747,0.19218584607813322,0.18007586101914708,0.18334133949978745,0.1814840657030117,0.1817595337587521,0.18735837024847624,0.1855598445401168,0.18599077325338664,0.1844912188256018,0.1832741862985235,0.19438041276019288,0.18986617443766834,0.186236199300888,0.1913115982971879,0.19795307843476623,0.19711772582656423,0.18672191809476638,0.19368879621369928,0.197121361441591,0.2074602037082811,0.18937502361379852,0.18970540290962218,0.17935442666049212,0.1833417194433129,0.1782601222398878,0.1828698463540994,0.1789358250006716,0.1851875985757252,0.17732872847613967,0.17261049579658497,0.178891003387288,0.17447106014646852,0.17127855880384324,0.16396297888759764,0.1593445815326414,0.1660230928167263,0.18126973506257404,0.1662220752157068,0.18193778370446756,0.17249249339491252,0.1671849578357152,0.16774840520702136,0.17548625260711226,0.16717595007074332,0.16826554635722363,0.16541607056160867,0.16809504044492807,0.195070213816126,0.18365197367850283,0.19349471167861884,0.19024690488924345,0.18939024244379646,0.19502626789675023,0.19859185844232563,0.1919148584390043,0.19530892966569888,0.18965390966650983,0.1871080186912721,0.19026136140815517,0.1799362229739164,0.1808455805212002,0.18053990100992026,0.18091730094359545,0.1660492047509348,0.173645806629027,0.17864990928002245,0.17175599314778064,0.1760724470143721,0.17857353668530937,0.1695493386135485,0.16070422694358233,0.17184931288021643,0.17089214461452296,0.15946519196051614,0.16062576164864337,0.16685668075324334,0.16334456925947088,0.16691801061392825,0.17205650627189784,0.17189605112918224,0.17485087098393728,0.18825542490579947,0.1809322983544653,0.1786423404785887,0.18703268132195863,0.1826652350299719,0.18047360768086781,0.18352177456887492,0.1681902050332159,0.1690122953773256,0.1687694363681547,0.16899174870421643,0.16454875473208336,0.18373931798456747,0.1720035458607901,0.16311304679469837,0.16196549401311505,0.16914945389844557,0.1780497220327685,0.17605858213501888,0.17463182795631688,0.1663172134392159,0.1725164449298899,0.17362745520693018,0.17162663991293123,0.17666299954093517,0.15490805462696336,0.15400860958602125,0.1497407486106988,0.15412141938319487,0.16106085491189445,0.165492912823634,0.15380590165129937,0.16421620066642872,0.15890625770617037,0.16176769598699087,0.16295196429111525,0.16801973677739532,0.16483540518932333,0.16931155562326874,0.16790719248218725,0.1738333901539543,0.17518757458398146,0.17258235860505258,0.17451316699832975,0.17114917104936755,0.18673167805832103,0.18269123009835025,0.18557420127782917,0.18338220904894334,0.1888277420523539,0.17708240026695773,0.1794902655141591,0.18206820057848053,0.1837446065033574,0.1894919652751918,0.18462550660146498,0.19123161818001538,0.20670319997594883,0.21218574309365695,0.2051685078848351,0.19757460847970956,0.20389971089415368,0.2042576354158479,0.23054701310054673,0.21857405026806795,0.22981083461790855,0.22668782731311077,0.22841062386200237,0.24127131986052647,0.24800229512405092,0.25078970234767495
61,0.22147295486771382,0.2152066563763606,0.223538380390788,0.22334025106049857,0.22369217898642574,0.2289363740099373,0.20366876033785636,0.20407666572191738,0.20924924515706303,0.20491596707776935,0.2068323660142934,0.20601569134254977,0.20164950023674125,0.2126600442948473,0.209745040226385,0.20123414368413473,0.19728374342830782,0.19932673820727786,0.20871881481041873,0.21322439950578834,0.20976947921368996,0.19785894087509823,0.21418788380971912,0.20898200907166534,0.20111729537972414,0.19261051834608547,0.19722138757157837,0.1976386915420171,0.1900360085179543,0.1829214351188092,0.18448739560464442,0.19005377485604602,0.1906970171766025,0.195005966743907,0.19290225299479832,0.1861386672302209,0.20094814431929295,0.18777847166444653,0.20484893008582755,0.20763229293080693,0.21170465135885017,0.19590863559968358,0.19468213485252203,0.19350388997989232,0.19612387707058873,0.19531119174741132,0.2054707943901766,0.19396742482539497,0.19581661552793464,0.20276110063010852,0.20773022906224817,0.19427163713121468,0.20815373114549118,0.21643505358936305,0.23060275952135917,0.23108385290277492,0.21847900033835652,0.22652294541404117,0.2078950744788126,0.22711404900976007,0.22751325296991867,0.22741735284205467,0.21739217116350606,0.20685008324044304,0.21573658510375116,0.22424279608141784,0.2351162249260702,0.22013180770800683,0.2291765619706674,0.2331286238164647,0.23694901081440373,0.2203618450571515,0.2293148606989517,0.22039904075523145,0.22860177595129713,0.22019304638849704,0.22806161740556805,0.24012014669248485,0.22533045829322937,0.2179007875991368,0.2083603604198784,0.211351288576412,0.21422625710418042,0.21375791268816996,0.21613415375777997,0.21417101751849474,0.20205225884277792,0.2048311012786229,0.1967059107116044,0.23497935101591233,0.21591872149630537,0.21718513643963228,0.21749280780851935,0.22946909350084294,0.21854627068222304,0.21347203982805935,0.20773706910122025,0.19828935952419605,0.19566497871642893,0.18425920795505107,0.18544848937239428,0.1812172351317302,0.1825682278592408,0.17537181632994664,0.1894465060416911,0.19928537444729696,0.18429854221410177,0.18726154404829257,0.18522329254926512,0.1851638916859437,0.17545247543655587,0.18371820773417605,0.1869115332269709,0.1908419739585363,0.1922123108511224,0.1925303055216846,0.19068156161991726,0.17610683013901698,0.19230607325835275,0.1927635873637891,0.18562753602927948,0.1935755937325442,0.1787450814072732,0.20186815790507728,0.19431042425149112,0.18149940263893347,0.1852049116392459,0.17974081227529268,0.171969884666923,0.176702583823663,0.18403520106525637,0.18951304076951178,0.1778462449851333,0.17846218254976887,0.16100545850605102,0.1858561343710035,0.17195464029386037,0.16368270744079297,0.16913037040548862,0.1646517685890935,0.17009529469675727,0.1763793752647752,0.1686099889775428,0.17537407767229404,0.16823583189305222,0.17578722080477305,0.17688414227369062,0.1783651896750975,0.1675240639614859,0.17160834382537518,0.16748364345301797,0.1842369774169086,0.18922673677426355,0.1860095319689977,0.17630486642332813,0.19188953922258492,0.17892367097204928,0.2047038920435889,0.19366070120062504,0.19461029008173994,0.1869618513869046,0.1836748948956498,0.19231856065472147,0.18924577828824019,0.17796860653517382,0.17221096485943269,0.1831320259758785,0.16359958587770368,0.16973671781303468,0.17999979065231997,0.17440350149332015,0.16502646620420452,0.17556575157718898,0.16514959005693827,0.16208465464850214,0.16970811123102345,0.15832445436903494,0.16038313560836365,0.1563748838059733,0.16042069739077908,0.16376956670949022,0.1605006516400123,0.1582049252984134,0.16571922743600237,0.17393308500796636,0.18011218714603458,0.1759284595584624,0.17942216797804658,0.19203522561936293,0.19413368576173273,0.19179355097355763,0.18137924926280075,0.19185353247882564,0.1745533547666262,0.1753174317553011,0.1672603495259172,0.16465036583364978,0.18296503370332023,0.17809576813741618,0.17239672050379778,0.17718885429586076,0.17273287437761634,0.17858324081499344,0.1789238357669162,0.18331563181704333,0.17714553079869752,0.1673183218138819,0.17160838333966114,0.17344117218320554,0.18038137785941757,0.17712244557856446,0.15362963544590422,0.15267502507659947,0.16147057804506704,0.16049795382790838,0.16215203372404588,0.15632448262342874,0.16030039776430993,0.15727692157341677,0.16527474661095254,0.1588504319101298,0.16131661485942794,0.15947367409431143,0.17250619660240724,0.17182090413620313,0.16665751428945794,0.1681142393767081,0.16963286612212794,0.17403644360389894,0.16876652184840826,0.18455745808319046,0.18239754978911696,0.1751606305851116,0.17863292105947534,0.18153317354012252,0.17388407123802838,0.18168848349779373,0.18637823729483222,0.18274912237441518,0.17579284712878532,0.19346254650597589,0.18324211676952556,0.20304220447062848,0.20873760683605513,0.21583680322128174,0.19673526290126506,0.20597086838098502,0.19458165816666334,0.20903359995633872,0.2258072075112676,0.21313059628956416,0.22663099212266402,0.2262591232972625,0.2360259748172567,0.24274573043389727,0.25827477983195707
62,0.2257119745341393,0.22480646678707894,0.22089399004453855,0.22926280413429054,0.2212258640410244,0.22287661337683887,0.21791087270813037,0.2115287485383769,0.2091152473713539,0.21229584776256266,0.20648490109139167,0.20968352068088883,0.20435656778643402,0.2000472474124945,0.20974982154333058,0.19390682707692222,0.1906713317841901,0.1980997329113935,0.1990893281394676,0.20573860935963154,0.20626179837583603,0.19654517646443778,0.19275879379411484,0.20749880503665044,0.19838028050125237,0.19294418756380974,0.19448799537980443,0.19184147283487657,0.1860918271314926,0.18254670572926096,0.18809302888466214,0.1775665268091503,0.1958148796306124,0.1874820959256692,0.18989280075059048,0.1872890125879692,0.19166146348388352,0.19810483720044625,0.19557569399370067,0.20501276358866286,0.20623444391416185,0.2080555953504965,0.18538880285188164,0.1963238128508933,0.18005732756525084,0.1879950005519476,0.19931572743948153,0.1950219524339094,0.19430935045537104,0.2121332765480569,0.2055275759130577,0.20538721215303132,0.20781868861782632,0.21095610585557845,0.21779279080270314,0.21809097798421495,0.22503283938945504,0.21681304057300643,0.2052284192262824,0.20451619305446583,0.22618421864766602,0.22495782272451265,0.21365334666835412,0.20837129940510357,0.20448845798654164,0.22087695169019897,0.23028476118286215,0.24427898117687324,0.23743497914257108,0.23837516134072528,0.23797662443043094,0.22482634488900818,0.2283945308210935,0.22648174368131022,0.22743955659290616,0.22741625318431957,0.21544558560844465,0.22447082358686066,0.22846864184845725,0.22772651500265947,0.21014351873540218,0.21643121625039538,0.2141310270314411,0.20516633477378388,0.21322489047367735,0.21109556056764897,0.199604259603394,0.2041782607273889,0.207092609246276,0.2192401547774031,0.22158593988957195,0.21264133980568253,0.20953129638032852,0.21786351186951014,0.22027519785220767,0.22456139628249958,0.21671461467110395,0.21192051466136194,0.19403313471135997,0.1903093386369373,0.18681295923765504,0.19013365637431265,0.1887475834366273,0.18652837209931758,0.18685563526274612,0.1893054424836813,0.180345537278923,0.18709406025079298,0.19886538255810643,0.19021422844312283,0.1875198297325187,0.18325975431598068,0.1906828348996802,0.1893863613079385,0.1981270896054096,0.1931971875837359,0.1911754847183885,0.1951151984620754,0.19263983606647866,0.18604251420648193,0.18527409475881482,0.1826691466727527,0.1830284070769606,0.18670179784155438,0.1973583701724726,0.1853322507411976,0.18571398112188417,0.19073566154927094,0.17980253066470311,0.18760525534076003,0.18770632198962803,0.18595364685360508,0.18576893871038608,0.18026781718147444,0.17579151136649568,0.18057594653338727,0.16697351895957302,0.16378219982438194,0.1728693503885634,0.16685030312681412,0.1645724747996775,0.16132322672006466,0.17473640646470406,0.16993705981984583,0.1800087847639314,0.17331633630255622,0.18199392861431088,0.16481665660683636,0.1624483108959576,0.17330316730768036,0.15937199165290578,0.1778535752956109,0.18314480323691118,0.17686638528663307,0.18362956270827932,0.175257656450498,0.1852621074233644,0.18663457409088258,0.18237873539215518,0.18898581156865682,0.18176568605972931,0.18971549355441678,0.18859826797469387,0.18106758116407712,0.1831017942253694,0.17392623666583018,0.17579624729677748,0.17466958966450516,0.16744608580854783,0.16768441496544065,0.17409463986813395,0.17255529876962014,0.16809418893018926,0.16698736047973267,0.17059476502081808,0.16884908052173037,0.16631135426151808,0.16406226386274594,0.15580844742397723,0.15963245766687748,0.16451344620493463,0.16225481739521921,0.16924993088169857,0.1663499597028653,0.17296638151509772,0.18095667179875732,0.16251483078993775,0.17872763144688392,0.1779565182038534,0.19478329132794564,0.1819113932032522,0.19517301900729217,0.18397139436838783,0.17891497825799016,0.1768502589257365,0.15935668983977913,0.1700468142364297,0.17371915171521643,0.18141508641385476,0.1873234294111538,0.16971053400599312,0.17240442166330552,0.16557531883290708,0.1802647456009275,0.17801618926563498,0.17544629443334014,0.1840610096584235,0.1727198292559927,0.16978683002989575,0.1733971679574197,0.1635442953740113,0.16455724203117766,0.16095545496158137,0.15169944782878764,0.15920327593638506,0.16019638074077738,0.1545823837192876,0.15674763610439854,0.16494254831349586,0.1721911394806684,0.16899174870421643,0.16342199202196908,0.16067555177751108,0.16281926878070796,0.16667083070728866,0.1737978101329255,0.17964974289403665,0.15761044673039662,0.16487860335959909,0.16906861696279527,0.172030558782743,0.17617208733146883,0.18266477236808593,0.18055095919426142,0.18462100042750074,0.17742336018390706,0.16848133690646971,0.17026371301159796,0.17860828484016894,0.19012875308960242,0.18300324892881495,0.18572338904954905,0.1985075411826966,0.20951711242942925,0.20332387593248236,0.221100945618104,0.20482685655324184,0.19950979491786996,0.21243462284294148,0.2034767910822932,0.20807083019790756,0.21376219483437525,0.22606842050960338,0.22910549200000555,0.241601819151074,0.2534148145454662
63,0.22306970862466216,0.2226095029814002,0.23598315327479935,0.2305694162326534,0.21620602886142098,0.20912290345135776,0.21197078101871816,0.20365496855444518,0.19976663815858545,0.21194252302639885,0.19809162744290856,0.19826339106113589,0.21525512482781245,0.2059134902549101,0.21081460741804556,0.19660873549423982,0.19462754295644433,0.19652142292089037,0.19560410285286176,0.20221889364456314,0.2009294197145807,0.20040159326185283,0.1927979891618162,0.20376280007492958,0.2039436088405974,0.19610234634996807,0.20127246246614666,0.19179098958902713,0.18201400252799224,0.18178016780778428,0.1738369925868367,0.18035243074236532,0.17838934053035604,0.1896070581598289,0.1818154562034295,0.17773788174388405,0.17699940237416678,0.1973869334438504,0.20103927064480343,0.1988366099231717,0.20271837676049956,0.19898678259768102,0.21396645926741187,0.20131075609731555,0.19019933755482438,0.19350553855585317,0.19324781848427855,0.1950331297242007,0.1935551806370658,0.18816602042802236,0.19718769027767344,0.20031913675129515,0.21244034596094302,0.20733179134230192,0.20863074073213428,0.2225109049463649,0.21635617755710063,0.22218789781984577,0.21450820068992027,0.20627224721801496,0.2110762160475161,0.21579093660094031,0.20644991100590357,0.20564303272057974,0.2119385701361394,0.2136866546186437,0.21610797804400464,0.22777439407386396,0.23500218485519028,0.23689102113546046,0.23402006735075956,0.24104698293201818,0.227101603154506,0.2305781763431241,0.22290407085968783,0.2157078250891135,0.22545771440816528,0.22134045582984754,0.2195434577780134,0.22937902373684158,0.20011857882102174,0.21182821178725597,0.20656003570858572,0.20278296088131217,0.1979704863475528,0.205989887303605,0.20948922977428072,0.20372224808899062,0.2062351562239263,0.2073478325723165,0.2236470633803895,0.21400651757388992,0.22020744603493692,0.2198885928139895,0.21446019670899194,0.22060197689840053,0.20318418908122718,0.21379133539453093,0.1973567160380388,0.20411037471151292,0.19180613758422796,0.1813291809999924,0.1918669624250101,0.18095175518155857,0.19274756488000458,0.18758296664836518,0.18926381938475967,0.19073004006294805,0.18339977562091977,0.1948204310907826,0.18781518396749244,0.1755704814253647,0.19297035686549235,0.1851394631206685,0.20116690766517484,0.19308364999679467,0.182733174924429,0.19552171142013464,0.18398016330002256,0.18457743224882187,0.19216155303152285,0.19261836849337055,0.18626308855032692,0.18924673695058594,0.1984483215259296,0.2032750890543463,0.20744811838255933,0.19252307958348133,0.1883279157344895,0.18568798350925766,0.18632623135970058,0.17199724873653296,0.18473564446791038,0.17736421455520696,0.18988637336768371,0.18267196478989292,0.19189095312216994,0.17453800194685348,0.16586620188219803,0.16445837700115642,0.16958658703429164,0.1672709409688999,0.15971911679724882,0.18004621669994472,0.164014558786887,0.17579406146694723,0.1706859210458009,0.1740520729207577,0.17496158323617791,0.16513380956507728,0.15910440361269818,0.16608820825821258,0.17329375009471826,0.17197946753599913,0.1697737728479569,0.1568718434105099,0.18278767129867227,0.17912800950977179,0.17343166760287024,0.18350106958631823,0.18459800364890117,0.18318309818966144,0.1809995520295796,0.18678448529680286,0.17975956149684133,0.17720276738340462,0.17489564683786807,0.1682660887821321,0.16637987742147814,0.16331504691821558,0.16811338776471382,0.16720170432962447,0.17848252446489135,0.16605157529088177,0.1598583404199284,0.1689456834266413,0.18188643047501052,0.16678611782447175,0.16206439041091997,0.16728665605453566,0.16653587376320192,0.16122719563950372,0.16964364686209288,0.1687488803633273,0.16367249394934366,0.16874853066089893,0.1804542853688076,0.17845651188367936,0.17581122501006832,0.1810952253030458,0.18167932179385113,0.17946154404548897,0.1814440787532217,0.18696284152934195,0.18675838082980895,0.17179412192023413,0.16935885155015118,0.16364675576288165,0.16799374047008903,0.17000312317611488,0.17795426453798077,0.17251819276743924,0.168390621559552,0.17708419436414438,0.16833126998681738,0.18508004652507265,0.18181399094987685,0.18677657186048596,0.17662696236820924,0.16554672745718751,0.17195729311360575,0.159594859958637,0.16382942236176476,0.1573997361450902,0.14745109430277087,0.14595265514344322,0.15062914119798218,0.15544472897554104,0.16363507505178157,0.15773352174555338,0.16078902436242515,0.1635000161897164,0.16940854014532214,0.16369574847060167,0.17152755614193602,0.17787331539919082,0.1735365663055305,0.17173709011073168,0.16744165194034968,0.16357212660896076,0.17196145060001106,0.17677876681765994,0.18500424773212087,0.17903160290221762,0.17392151106650297,0.17744975333883597,0.1730106747885031,0.17948505811541712,0.18411950557857948,0.18361599060139433,0.1841465556283058,0.18330178746505657,0.2015013592179366,0.20097103540198893,0.20602636491388215,0.2015964684936937,0.21070570762708213,0.20700855794259274,0.200168401034948,0.21355960061603424,0.2097781253080255,0.20990109297449025,0.20797354757619935,0.22075172198553608,0.23118321550573098,0.24679496774434181
64,0.21757375145170943,0.21728852907839405,0.22081069261712802,0.2187957591759955,0.21343100038911447,0.20498510277792986,0.2084089665320765,0.20192004297699315,0.21528258521482854,0.204256459617766,0.19831894342748205,0.20067797961990233,0.214834635823698,0.2087489501562597,0.20235808460677723,0.19825101067061796,0.20120289256401755,0.20033844568461875,0.19623270025918474,0.19999422719671195,0.20019939467135284,0.19011710829519315,0.19920377213829152,0.19088438365390772,0.1987869589906164,0.19980995086048434,0.19347390617084795,0.1886380072765917,0.18881361184289086,0.18534633380441146,0.18166873830004585,0.17430963761368154,0.1687660555299196,0.1823427078796782,0.1795404047881302,0.17213361915276318,0.18379000941052084,0.17713321286869804,0.18674707146047365,0.19674408300281218,0.19149101449835051,0.20096169726521565,0.20666979086634335,0.19910830809547928,0.20176533833314242,0.19150935783005357,0.19151059254049282,0.205976275078089,0.20122174458626974,0.20221109921202754,0.2009280641338898,0.20181164387413617,0.20131558155601859,0.20148910603648076,0.20914332103509767,0.2167605278873984,0.2196053924053601,0.21810157409265113,0.2347877316480729,0.218005826065288,0.20465068375604062,0.2057250611090072,0.20436329673914433,0.21458956529867793,0.2051858463561019,0.21213713537702406,0.2187126990095713,0.23601124724271139,0.2391467592543504,0.23312830173759083,0.24566574285305107,0.22960339213936376,0.232867134989796,0.23482336112558636,0.22791310614177654,0.22584875456375358,0.21539429685681089,0.21025813118430825,0.21256815349861424,0.22329685173938296,0.23072651163205773,0.21580017871093488,0.20440174542458464,0.2034973696365557,0.2076822594538958,0.21756904227115195,0.2064978337106754,0.21361428901094415,0.20843099415961405,0.2160335985989942,0.2299389267811939,0.22957479225981317,0.21802972147831676,0.2204387806123537,0.20619303920156995,0.21000135647079146,0.2055524227632982,0.2113700742682352,0.20780208462972033,0.19363171855372754,0.18950422630247096,0.1855203692381586,0.19750152347080105,0.19999897965163194,0.18858793278515093,0.19056599202142838,0.18366030449109683,0.18467903645687744,0.17890389668991352,0.19216584502222997,0.1829786419590211,0.18127570382339378,0.18482946226629368,0.18126201353072477,0.19732089652223891,0.1773376707888629,0.19892700314885653,0.19293001585820843,0.1940376472196472,0.19236780963890787,0.19635187826258815,0.19098633730722,0.1835128162080769,0.1918502193143045,0.19851300794081242,0.207860180461876,0.20934085808408764,0.19491501694698932,0.19015891905031257,0.19710447750475676,0.18753507219884352,0.19099297783328972,0.19027919262773463,0.19356699144515166,0.18482656830711092,0.18532081437422104,0.18136329607228105,0.1745481298334431,0.16989324048180585,0.16722087823729256,0.17301760659669568,0.162789878864223,0.16712295266870428,0.18055445139319004,0.16998132099544774,0.17453828326910126,0.1666341843415907,0.1769692865344115,0.17801098364446769,0.17491944874300203,0.17481339210252714,0.16743606157822455,0.1707879792408376,0.1778726191341979,0.1733780044532165,0.1604593394333195,0.16405655967533234,0.1818046973308989,0.18229631929547502,0.176102004743681,0.17231980718260584,0.18332783090834012,0.17861437160333907,0.19062216598391768,0.18383923324647447,0.17283157991308867,0.1720338465686617,0.16793363941371803,0.15712778920295997,0.16853895623520787,0.16689472105770614,0.17335413288375845,0.16945122000784565,0.16170825848098597,0.16621468848872112,0.16273411259102238,0.17535162706565574,0.17699385969683104,0.1743594939987562,0.17352877461759886,0.1639489350490281,0.16328616907798466,0.16397732598627898,0.17330867422016943,0.17157602418698442,0.16614585079603353,0.1674612389573936,0.17326937146734112,0.18075682319853406,0.1836013626001838,0.1866919964523327,0.18053370705975066,0.17453084847634492,0.1780237725294878,0.1871641645406225,0.17656365074422586,0.17080858698603635,0.17153920776307446,0.1694686617660687,0.17955404773942418,0.17464135809640885,0.17191885102552018,0.1667364305509294,0.1798087823338493,0.1767913450530595,0.1731653519864055,0.17960701701946247,0.1868681559863271,0.17244785629185921,0.17179269787203322,0.17012177289839384,0.17622831956330265,0.17863419614827972,0.162617058103006,0.15021800847670677,0.14886993542975765,0.15641125474915593,0.1576507350513925,0.1704790827408392,0.17074283966456413,0.16367117491020228,0.16905857345329456,0.1756107913696569,0.1722077133408447,0.17195792662885234,0.181352522198218,0.1618097176261911,0.17288180968951788,0.17003741736184755,0.1800608516769435,0.17143275322408566,0.1690448327189212,0.17905159744039653,0.18215332365873468,0.16824388953423347,0.17708631468425412,0.17844270579793822,0.1713658186445865,0.186747673462876,0.1814705686000423,0.18975166702899496,0.19693855634217364,0.1866287726642116,0.1988382215202159,0.2068234127245751,0.20239975385114392,0.20252850644623796,0.19894402946036782,0.2066773574138483,0.21654855994352037,0.20089595388819967,0.21261402049809164,0.2130411510955255,0.22993342052609392,0.24303224573480894,0.23562355273430005
65,0.21619328471788973,0.21250839928929752,0.2213335755911239,0.22270009382234862,0.21374998848294183,0.20545934535064986,0.20106407952380845,0.20142719270323522,0.2085372297552764,0.2145861559616957,0.20075996902348292,0.2159459681986583,0.2170343624820199,0.20773333814295178,0.20053420932846575,0.2015884938152898,0.20258936818091933,0.20824850868103728,0.20106083415026324,0.1937569993155035,0.20394021837473245,0.20408741270680952,0.19873165075429353,0.19136058941820677,0.20205480373538465,0.18986783574042349,0.19402777345178643,0.18091246870935968,0.17599146237055835,0.17582166968419896,0.17788543903829523,0.1699863309439111,0.17769818828692532,0.18014370890047832,0.17330137161318024,0.171137506515193,0.17360211024478137,0.18622346364288855,0.18283258515642675,0.18927240476164695,0.20326027555242504,0.18939325146902805,0.19620465639988952,0.20230891456586939,0.20282729091848112,0.19670819350262272,0.1986812162888278,0.1960438306794433,0.18940345634536204,0.2108480068612927,0.20898460756165757,0.19705231890753416,0.21050392597610776,0.2083503335212363,0.20618060041889485,0.21400158994844978,0.21320157074739504,0.21092089232700315,0.21053136196511604,0.21763738547919484,0.21140872158900065,0.2108852476528351,0.197336149579304,0.20640679958603186,0.2147914055761859,0.21573062416396646,0.21766264382619965,0.21793244938434392,0.23389336388004847,0.22922310970796067,0.24214661368181153,0.23123144864034975,0.22506087344336015,0.2134896867549883,0.22816073120900837,0.21889981775686632,0.23637612019757895,0.21570961316476545,0.23068257999885416,0.22803431221369921,0.22491892544960881,0.22514904023862167,0.21740513615699028,0.20864529705793022,0.21078097059474737,0.2239968958907657,0.20995726170625614,0.2148966770290354,0.20484822256391025,0.21457874454642886,0.23067301920412792,0.2243207250414634,0.21037658450691024,0.2142783038522308,0.20294520749088568,0.20553812954154202,0.1978473465244547,0.21065186088046362,0.2076540472118841,0.20559772275029545,0.2041216216788107,0.1970395422925069,0.20697629092634048,0.2130953141893184,0.20289559578952482,0.19483025547307328,0.1815315015655052,0.17689522093008272,0.17668248545362736,0.19161866053171153,0.18021975709483584,0.19209630003483025,0.19578002967548888,0.18949772480486246,0.18412828156988278,0.1891153148036555,0.18225304791954292,0.19514076356263824,0.19309445387332616,0.1909860734500263,0.1923997484984075,0.19573984045716697,0.18949837930794722,0.18907220976049946,0.19802752519209896,0.19860999935631887,0.19869355491851642,0.20951088916221614,0.19476270603155432,0.19651211959104242,0.19395094500762766,0.194821597429887,0.1895530601144152,0.1785813081708428,0.1832906874137226,0.17598356045926308,0.1710249609758065,0.17991969242654277,0.17121389212762955,0.17921526551270006,0.18102576856418273,0.17703828750497785,0.16240455281658028,0.1707313600728999,0.17331070942776503,0.17307940757341087,0.16750284969214319,0.15851866274774626,0.18122775059303384,0.1781332944708907,0.17647857973769837,0.16299504418035385,0.16965489706036685,0.1647407352726998,0.16642244570111092,0.16034783481371145,0.15661883890579167,0.1752388522312764,0.17440374244082824,0.1732911564606906,0.17181073668815272,0.1745849488482145,0.1801109844515022,0.1889448243269979,0.17687811447271973,0.17482184528382422,0.1878647937311288,0.1750912728922086,0.15924939826559234,0.16074090161184196,0.17025265765394376,0.16352799050420871,0.16861410435954527,0.17444752009516334,0.1635017103256433,0.15650852554291245,0.16019106916134174,0.17586584375169564,0.1843114008638615,0.1716738314819407,0.16422905731005508,0.15827451813834215,0.15566429174456725,0.16676319225828298,0.1773684210859127,0.18030733731815735,0.17494510687715034,0.17794406193502815,0.17131729163809736,0.17321958748022995,0.17329594473844617,0.18508972066792212,0.18288567939864955,0.1666932829849875,0.16612729743150345,0.1789027844514678,0.17399477228663857,0.1777763560275931,0.1684381256414341,0.1672140631628343,0.18459243554367005,0.17603859754891077,0.17258156383575016,0.18264769675827078,0.1822143600058291,0.17955413042713794,0.1808213885826088,0.18386759690131882,0.18038548980665448,0.17847537370925642,0.17900097642446167,0.18286630937189488,0.17113947681989172,0.16886638253536296,0.16346128173786253,0.15879601515740693,0.15972871580066209,0.16643543675059413,0.17066564247746646,0.17378984664886463,0.1652536649777058,0.15942664249252875,0.1698510359307882,0.17619253333942184,0.17648877959181333,0.1758504159831588,0.17171040003463794,0.17356473917325296,0.17365644254568044,0.16857524518087044,0.16500936765341798,0.17085397998737495,0.17062961073413635,0.1684102032516325,0.18354497537545297,0.16706685608483204,0.18096663044120134,0.17978833066096028,0.18742033076515077,0.185457029787586,0.18281077929997955,0.1879228974932444,0.19518288813535645,0.1921484564153451,0.1918728383220825,0.19586621909575969,0.20962312932923768,0.2069396451287011,0.1899683716045297,0.20591415404264637,0.2087716386459749,0.20726439354745285,0.20252366124074095,0.21282238214987106,0.2086871941975804,0.21278857196231898
66,0.21353162249108376,0.21619447944943398,0.2122964343584783,0.20868392668700841,0.21985983616179727,0.2192564105554357,0.2158108622882842,0.21368099632894583,0.20658976422636263,0.21626806772480797,0.1939961897047235,0.19712921841171238,0.1957529474741142,0.20111123825784163,0.19658541334375385,0.1904102398094808,0.197029570211981,0.19579963144843432,0.1918435489832939,0.1930064843301565,0.20478488567121425,0.20317994105776005,0.18668241050360407,0.19388865590873613,0.19527743413674173,0.19033344135265648,0.1978492097750631,0.18247849902561758,0.18336975300433853,0.18534104186121453,0.17637608565443888,0.17876817229875436,0.17505813606624165,0.1806525931656167,0.18485078533296379,0.17726145101428628,0.1668729717007944,0.17920841551419414,0.18051757884437206,0.18538999810151743,0.20470445766212672,0.20115894071546725,0.1977887109310664,0.19910996269828815,0.1973690087694659,0.19627462668373385,0.18938060516301222,0.1940721870208163,0.19354350424470598,0.19651431868471,0.19666702127716834,0.20639425285997923,0.21105259675100713,0.20621469017023947,0.20654781258333269,0.2231201021042829,0.22124562930934574,0.21748249166182534,0.21841959626336732,0.2142821030199273,0.20230910555769077,0.20305161590566087,0.19632841931771752,0.1996386134963229,0.20002235213667507,0.21179431570196763,0.23739414310064313,0.2291529222955938,0.2375877255420466,0.23817583694818,0.23463403001265226,0.23546388211760033,0.23163996999184736,0.23420383381149262,0.22944785392488456,0.2211791068545193,0.21076315932819484,0.21119206662060436,0.22269127407924097,0.2203412455029213,0.2328534087666761,0.2216067068362638,0.2215144695285521,0.22610241444309453,0.22754804050589603,0.2113572258425879,0.21284664059371622,0.20984339308028527,0.2065841511545826,0.21393882193002664,0.22155078848678725,0.21608563664422778,0.2160818552550147,0.21752901835144503,0.20649189031078768,0.20751361685859313,0.1937993428154263,0.19313852038715268,0.20084402211594135,0.19912783273457824,0.1920685244678567,0.1954764440083063,0.20301915694650546,0.20138462006437477,0.20093858516050156,0.19037069700867543,0.19419752918975933,0.19570821685697576,0.190550590959922,0.18761894951347494,0.18934463322073036,0.18036385121644907,0.19855036053115616,0.20242167768498748,0.18963067895448124,0.18409097589838966,0.1801468198989811,0.18926639059891495,0.18676487435135672,0.19091062525142455,0.18994042262875485,0.18430486533240142,0.18018174972969728,0.19709324957972918,0.19643398176917223,0.19845371810967996,0.2002481672774236,0.19265820072384332,0.189253622031931,0.18570166600958224,0.19489109692646284,0.18918408550779778,0.18262288529369322,0.18410208202397563,0.1789056680468988,0.1817200719095828,0.17083376012440976,0.18035346893739976,0.17509736075262108,0.17312169677868477,0.17154781862216348,0.17388359077924773,0.17148490611151182,0.1713119663402003,0.1610348229019617,0.16153145313568126,0.17051359072694594,0.15575284920378682,0.17952986321759098,0.16814474541469962,0.17073647075469,0.1681168716592379,0.1601423878888791,0.16678450486751084,0.16814428081424035,0.16442619240121925,0.1635413581180669,0.17161885494612952,0.16077695530402233,0.18134563226546813,0.1753609138385426,0.16835150377000055,0.16547260349121956,0.16374445421709177,0.18158484514622952,0.1818579955679289,0.17559122149470646,0.16602106673290656,0.1694843101506678,0.16612427553330333,0.1709196520380916,0.17031072589878346,0.17644692737038126,0.1713084556787909,0.1724082723720658,0.17043437800180375,0.17064265515410268,0.167030545705678,0.17930533019875797,0.17757560377837958,0.16597772210845296,0.1625579074044312,0.16172754720719926,0.1614259310692092,0.1613130490246059,0.17764001451993863,0.17300661144385282,0.18560300355899814,0.1866759198491948,0.18664690809347897,0.1884810966526093,0.17814658437963976,0.17673118929210793,0.17202160681666379,0.17188180272948164,0.15754259689497033,0.17186241097209656,0.1748885995179441,0.17678715220848815,0.1767055947075563,0.18069897954837677,0.16874919121053872,0.1645703527374467,0.18233326128336366,0.18677080902546034,0.18492664899301264,0.19403469843997342,0.18087568963939296,0.18692487547416453,0.178746398454557,0.17379805024363945,0.1814985250136356,0.16649465658992207,0.16563221129305555,0.16261320142071722,0.16318370900820164,0.15533738863913102,0.16688945637737854,0.16783622394251413,0.17039129357395694,0.17278832713730438,0.16981423774032148,0.17596731200278506,0.1686953843176791,0.17849555272741086,0.17381273764635763,0.17359687381318908,0.17752245695119923,0.18331166412147581,0.17185643558581057,0.1721633085005351,0.17825573038161902,0.17121960862411673,0.17471411794869365,0.17908639738366952,0.18060247597858517,0.1934537265203166,0.19138641172906704,0.1944292943619208,0.18807059563195133,0.18272955643556887,0.17401492553346787,0.1847621894342369,0.19464027073260257,0.19264737689751896,0.19669581964331362,0.19637266317686336,0.19804028835000123,0.20627628441243578,0.19827460803376754,0.20435972048494325,0.20576310269235215,0.21442632382265184,0.22358867381475714,0.2146087376515828,0.22393088681379122
67,0.21128691401479502,0.20236813532688303,0.21005905143174056,0.20625196744854274,0.21471550165347836,0.20033433557658187,0.21342706888100607,0.21507612339273374,0.19971118012784805,0.20368676468657262,0.19099438512674197,0.1833966084463469,0.1895147862571604,0.20212685563804778,0.1895074989527783,0.18475389372254747,0.1999114512876313,0.19948248895570067,0.18935692831596712,0.19202947739857393,0.19876777213122707,0.19354764883768785,0.19914650775579484,0.19402125078572757,0.1998154387631008,0.1910166833160526,0.20102206501537437,0.1934210337179473,0.18785852150306992,0.1824652640790413,0.17949282794042987,0.18147236537006942,0.17835130852056374,0.17786328125533346,0.17245385224162993,0.17329450824122744,0.17362381713793565,0.17275904713520288,0.1795416450135927,0.18526253400562237,0.18287144643995187,0.19343341535544062,0.20230051576237107,0.1977702306342794,0.19388646833994583,0.1955370190021805,0.1957531232619425,0.2005415974178551,0.19794648306354573,0.19260683731376163,0.20092406221694445,0.19429418371903115,0.20201961076074063,0.20844025701636407,0.20673989911004342,0.2169728032351427,0.21356638672415953,0.2257524124520466,0.2219845761444941,0.2301764565313363,0.21593781371556256,0.20931434838009158,0.19801536470617248,0.2052253476359264,0.20288031009262167,0.20340955514081188,0.21821992390676476,0.22648883610378073,0.23122016139800686,0.2419227998058536,0.2272165702293127,0.2434905440156059,0.2348142775283302,0.22792732837609703,0.21307245018962628,0.21886670513202605,0.2186779530524081,0.21424105584088884,0.21512441384305273,0.2154790241160097,0.21433475556386528,0.2194742633396453,0.22539200142308433,0.2306544830144114,0.23096650360327775,0.1981492167583433,0.2107589372595375,0.20811069520224246,0.2058353679049402,0.214636510952814,0.2074975628028651,0.21304973581261333,0.23266057656488498,0.21972304044752616,0.21278132062172858,0.2034679315123197,0.19253509340926034,0.1934419226232763,0.18760499615470053,0.20258424163872593,0.19841657101737709,0.20633628168260856,0.20500606045571557,0.20809464286978205,0.21440139166197517,0.21356756693888887,0.19715524714585972,0.19342802612804227,0.20072505241769237,0.19749461572547639,0.19397430299545787,0.18324545005131754,0.18495143275751189,0.1975818556849306,0.19092583560072554,0.20429700504259365,0.18515336100167293,0.20110111567694144,0.19308694000217702,0.19316009040862986,0.19817443103766325,0.18842785313955657,0.17265537377463827,0.18862740931075755,0.1930142172861197,0.19997722612179286,0.20176033484854727,0.1909277699516492,0.18188961345113497,0.19033734189723162,0.18845840014542328,0.19576050649327725,0.18380486405476487,0.1804688288519938,0.1860419573149796,0.1714536361626584,0.18066960705664453,0.1690568995930515,0.17271115956771832,0.18004899435199248,0.17982704176436237,0.1743480121182731,0.1796140476845453,0.1678334801189128,0.16335630446182833,0.1653257874750621,0.1588165655301995,0.15644078985569124,0.1636939015564087,0.16095189711004454,0.15800651705165247,0.1620128269293139,0.17399889890459305,0.18219959194908847,0.16224996059610095,0.15651537280245112,0.16232634125212766,0.16120083980098956,0.16564575091667721,0.1624325641096214,0.16923488865278494,0.15820091826583058,0.15776185348844615,0.15283858208650714,0.15444967543518295,0.17727634946481818,0.17600661882404453,0.17004943762330466,0.17163648030009607,0.16867250701944336,0.1743053832202059,0.1609772485184011,0.164962868557611,0.1667790516523544,0.16399469520646187,0.15954782935424466,0.1633075261555389,0.15990553619421574,0.15233370326323845,0.1794075849119499,0.16941989178318106,0.17508329045558782,0.1644016984629054,0.15911140107884372,0.1595473885079095,0.1701901809358144,0.18607931557790877,0.16842660709471607,0.19078512020183805,0.19029873440898928,0.18725179950638027,0.1876852313373789,0.18183551043162033,0.16929947057240463,0.16674794869333073,0.15512400183748912,0.16603876713083232,0.1782590960950909,0.176429661142482,0.17480638834766432,0.17685445326700402,0.17716763996037285,0.16558351593791623,0.17287683382265365,0.18336510859409916,0.17950006079257716,0.19116267539094062,0.18541296546611183,0.18090059695782068,0.18363408696683556,0.1810265605376638,0.18096542204114566,0.1751879779687436,0.17168924862477025,0.16075204259799317,0.1600240656085183,0.16483927661976328,0.16919440597915014,0.16220457523261056,0.16777888349319436,0.16928992009408314,0.17235190975698994,0.16984653838100672,0.16700151077517386,0.1713657791861531,0.16992829504817064,0.17391406250114358,0.17425955473591245,0.18099004999436136,0.17349453529520092,0.18273523665361435,0.16376477769380274,0.17564087824071337,0.1718223679817731,0.19730511764173767,0.18825512147414947,0.18761946792450668,0.180363269793025,0.196220031004751,0.18613438127836102,0.18431441407654903,0.18051080376101158,0.17350264504912744,0.18485248787945527,0.19722371721594625,0.20421164324124233,0.20931054089834475,0.19164681232518713,0.1964642569397771,0.2097778837921724,0.20263869503711684,0.2106873690815177,0.21460142428397083,0.21745845593683527,0.22426608413977764,0.22276486810182825
68,0.21607046173233696,0.22834457599000296,0.22433632441406962,0.20775137172869262,0.21262625989722045,0.20550169105634142,0.2086242555674772,0.20398635138867435,0.20036939644521468,0.19829344594050644,0.19940648816003276,0.18334269041367723,0.18668163677136348,0.20012754599642021,0.19027748391268026,0.2020526915187841,0.19214867763455812,0.1941474988414507,0.19108645343672037,0.18769439337877475,0.20489355607194112,0.19360514750787877,0.19739992348728538,0.19270695984085356,0.20884241180819535,0.19025601674893586,0.18161097918652652,0.199683498037264,0.18663973106598622,0.18095879681872284,0.18579392091931787,0.1944792629852509,0.1770081650490512,0.18146455163926023,0.18657033872036882,0.1807367214715756,0.171394073215188,0.1844400791843597,0.17429161735670562,0.18313493557079616,0.19313571868484294,0.190538920329256,0.19111597923574608,0.18872298626223868,0.20625125508071449,0.19445535166555697,0.19680711270805656,0.191397825772028,0.19271188524211755,0.19885388033058882,0.21264638300071173,0.20473368341304152,0.19888667167615215,0.2099933297607121,0.21255092533639908,0.2175521101023637,0.20624322923986846,0.20920236988732085,0.22357760520187175,0.21149670222445072,0.2115677658781324,0.21147542186909565,0.2023291187731787,0.22661638115363705,0.22336421685911267,0.21930518512169556,0.2109188525509959,0.22032024202909165,0.22696688644589866,0.2367204076280079,0.24254409180611639,0.24929777361510796,0.23328724803225986,0.22916901600584677,0.22419591748090617,0.22176019764538857,0.21159865361913116,0.215917826589947,0.2216868844868435,0.2129147750494084,0.207711240763953,0.22396682840640253,0.2192163790865006,0.22855298619221004,0.22191568538342413,0.2156887035402182,0.205203186292616,0.2068464158405847,0.20356082390693675,0.20262429182809563,0.20797407434133586,0.21726571544115297,0.2106124790028158,0.22657239738743348,0.21248388583777036,0.20632635218844542,0.20660541503699664,0.21156216369529032,0.19578315374564648,0.19694552626534934,0.20320082646869933,0.20768790236223722,0.22011421994464808,0.21899626097914793,0.22451719100164894,0.21103417942189817,0.20796262947197544,0.1918666973511887,0.19271787576466617,0.20141405358567924,0.2004956479202855,0.18829335771376818,0.18879839587675065,0.1928220518739481,0.2032404837777021,0.20106464434452753,0.20837590546543053,0.19910663929416028,0.1919976442141277,0.19958375902064074,0.19846245988145023,0.18633665712904057,0.1836843687064461,0.18686660698535798,0.18970374302811938,0.20198725631141592,0.18987662339942607,0.1945295132028616,0.18677145411009535,0.17905831775559763,0.17730733408773489,0.18726546787872383,0.18205516306928282,0.1898133700726668,0.1776815769562965,0.18100009382732193,0.15863284019509846,0.18574280509776253,0.1815940020859146,0.18401693805726962,0.17783007022926292,0.17528429248842792,0.17221972840425845,0.17355934401476267,0.16493419305155851,0.16262522109146244,0.15851855324697112,0.16551253865523158,0.15428368384318933,0.1536777523413968,0.1596890730710185,0.154406649773258,0.15581490527755537,0.17018132473760436,0.1767748184946668,0.17742720042987914,0.16020777909943426,0.16599943122872554,0.1662432421114302,0.16189118425610016,0.16740899915377333,0.1661634497161744,0.15838206462144852,0.15164322080872825,0.1592332282652778,0.14976247200767037,0.17377508115406487,0.17788191654447433,0.16544642984811525,0.17299342614940855,0.17599312384320373,0.16518845832466397,0.16868536298003795,0.1692443191166375,0.17046534430362972,0.16744010975284493,0.17132746933456697,0.16248605703244176,0.16312799563013203,0.16914789598157592,0.16657644909290611,0.169019923187209,0.15648546329358162,0.15627229852400537,0.1564969939934247,0.16826717363719473,0.17310320145358613,0.17356186173452115,0.18446972485721494,0.18387835083379897,0.18181646095554768,0.1941020847743152,0.18497123660585185,0.1774859175178332,0.16807027086946522,0.17527581694636662,0.16810885880976661,0.16761388793644377,0.17499675679266397,0.18788404429033928,0.18158405073030795,0.170086443436149,0.17089938505206823,0.17763150687368534,0.18294434940793972,0.18909990035658425,0.19772586766594638,0.19107492597257486,0.1875516546456643,0.19718495696717178,0.18929166880106524,0.18207876541860962,0.18053029839930476,0.17109463830167324,0.1709805461575262,0.1632648147934722,0.16537570172301047,0.16276015696025586,0.17113179275984283,0.16903459601393936,0.166114177436826,0.173338486414331,0.176079298775966,0.17222198875739395,0.17003812210942848,0.17358232455762646,0.18257701398924145,0.17741257525676304,0.1762701199321891,0.18233876124214024,0.1786819568346836,0.17911559496970758,0.17698094104181006,0.17985217739177303,0.1779777860199747,0.18196811656410114,0.1930714241166867,0.19035180528828832,0.19138636766072223,0.19538153172406567,0.19284776056129896,0.1783522530619128,0.17996568342823288,0.19186824362030946,0.18328342842810988,0.19851586936419613,0.196751145711263,0.20193682793931617,0.2033490884783677,0.19530511161901787,0.20304349016007056,0.200328707955999,0.22883175954128251,0.2190863903406163,0.21505656265480694,0.20341972366011035
69,0.21313869384039588,0.22239509269455635,0.2380455679628492,0.2092210609250628,0.21448498754691753,0.20475376675060378,0.2061619911223795,0.19794607741208856,0.20528026515607634,0.1943378975534941,0.19773315229029947,0.18439094921436064,0.20566614133525155,0.19072235470521764,0.20006700923576365,0.19069192372976101,0.1840024475865096,0.19051237888730135,0.20819001668784146,0.18384274671551534,0.20066389597289233,0.19266791606942982,0.18418276990871954,0.18654198766535868,0.2016797340613582,0.19120863448807696,0.19467608327212746,0.180042402680384,0.1889742802887897,0.18398723805673486,0.1758370139547997,0.18385468454570886,0.1934658875146417,0.18240603370117692,0.18241498003588158,0.18944061720775862,0.18593369501120735,0.16737519654392408,0.17586989325901906,0.1772021145454862,0.17834330065358917,0.19059701731166723,0.19025588532478085,0.18852011673043018,0.18770091944514133,0.2008275083321588,0.2015302297498771,0.18817056979989077,0.20679374581651305,0.19422342126752598,0.19832490275048517,0.20476753393217498,0.1983353422720275,0.203683519190162,0.2198651011830429,0.2120739375760832,0.2206270712938689,0.21844655495919652,0.2097421908065027,0.2213147706964628,0.2154284714663352,0.21245878816780275,0.2227354788614537,0.2237391583282243,0.21628893391020715,0.2186672282415392,0.23021302949713815,0.22822047240388493,0.2273075180639996,0.2291751899585827,0.23284633149903028,0.23857163120141883,0.22204919343807916,0.23039502660188346,0.22140809741292813,0.22495316091205436,0.21331460928050433,0.20608026303441873,0.21239867344857424,0.20156007904533751,0.21374826586850326,0.21089015208026235,0.21767346972940896,0.23369897091697445,0.22647491221966481,0.22524974085246222,0.1961582010593845,0.19838152753498303,0.19852737946784632,0.20397331774297278,0.20320300683472065,0.20282839777572,0.20895078159906985,0.21964837772050602,0.22467569821342223,0.22171286806287246,0.21129752011393507,0.2132636805094926,0.19717617612303204,0.1934107014473018,0.20577101508826373,0.20464550033993426,0.20691162905216928,0.21304046433310223,0.20770296680919473,0.21819776610725883,0.20630231433927543,0.2148977656311398,0.20870338835063892,0.20583190807383503,0.2042960171813814,0.19011386889272733,0.19485093764120376,0.20028242446791075,0.19778591919345093,0.18933456230136692,0.18762335605290392,0.20197930338033152,0.20155604597644958,0.19343038668024048,0.1981583055750016,0.1909183621562869,0.1868666500129893,0.1817100299647663,0.19050943981451593,0.20471247075931343,0.1981933004987888,0.1872905650904022,0.18773212668699887,0.18463792040421148,0.18369498503034667,0.17694561313249552,0.17636873501850026,0.1802041963419266,0.1797575333410184,0.18727892163583426,0.1806480175759148,0.19041602724972495,0.1812043002821509,0.17741943831636398,0.17871310483129302,0.18142168656795685,0.17228009397947874,0.1639367420465763,0.17536676879596164,0.160008038008496,0.1562776960711926,0.15236948511906112,0.15711585025308927,0.16782687193914236,0.16380286743865083,0.1637694158722145,0.16548342466393517,0.17001568907819659,0.1835073230899171,0.16995435591867813,0.16311049285933651,0.16954680102097086,0.1650523453806154,0.1709426373147875,0.16887870887133885,0.16428662203625843,0.15799414753852453,0.15425775267695133,0.15346805886687914,0.15747405107179388,0.16390809394715816,0.17158313556547533,0.17459403421004177,0.17577985423550788,0.17503548408441266,0.1805484232349935,0.16920854848815253,0.16678611782447175,0.15689568513278243,0.16118135409962284,0.16793955574480154,0.17540295273134074,0.16092358534484735,0.16125348152712632,0.16197634691127544,0.1621723836035144,0.16048184181214342,0.16528570707839974,0.1598485864005808,0.16671539279814102,0.1576801411363895,0.17147057334375201,0.17392431437264605,0.1805797718555448,0.19285828479503156,0.1893453307934232,0.1813868922569734,0.18136229382443772,0.17578936607254417,0.17543558928936154,0.17698900999654169,0.16642600951640493,0.1744338635009278,0.18870404080120728,0.18518921894158893,0.1772405136647174,0.1775070882193291,0.17412053784908513,0.17651056292722675,0.18866033444807337,0.1895763686208694,0.1856955942756375,0.1817884555699383,0.18217333125973614,0.19336675092988104,0.1837277683887601,0.1800080386914976,0.17263994938049124,0.17586726106865241,0.1739543526313019,0.16108752168892002,0.1641474725137582,0.16350344212717885,0.17326809477613483,0.1709075702639066,0.16348710368601987,0.1707899848472745,0.17154489562153707,0.177426138225869,0.1768979907025981,0.1757991212995809,0.16882004045292254,0.17503830534582407,0.17978116898541258,0.17324790834680082,0.17022180837825646,0.1748232139325762,0.16528365193538846,0.17368283522765562,0.17691151433235952,0.1833601687595818,0.18393746635308003,0.1897674841690208,0.18644034589940472,0.18695500663260814,0.17767499013448787,0.18097650628892192,0.1848462736605981,0.17562498493675868,0.1917380472501982,0.1870074033667316,0.19840794091114558,0.19994593631804203,0.209593881259254,0.20085490873000605,0.2074327858402701,0.22726423742651514,0.212925806058864,0.21055264428463535,0.19950752141822764
70,0.2062561467226941,0.22193500125853147,0.2302358242844558,0.2217597891483846,0.21229003077413103,0.20058520654199444,0.19581403197725222,0.18996045449754584,0.20062453816037265,0.19851295766057858,0.1902878678793332,0.1882545146123167,0.19864517467701506,0.19509195015849495,0.19047360432050084,0.1951923937099762,0.18991877484017144,0.191963341023992,0.1927945709020453,0.2103243231616762,0.1941369042555941,0.19486260317286533,0.19222386267199976,0.19145424493775326,0.1986058241012568,0.19670846526522293,0.18914100834106062,0.18316023834496875,0.18136659517722048,0.1941593904998572,0.18500740007034736,0.18702691058488963,0.18024718878700513,0.18859809426934968,0.17801491858815652,0.18046853797084372,0.1798686189034639,0.17586612721417325,0.17163758688494593,0.17818699343239838,0.1691224260758523,0.18974174921872355,0.18073260151789608,0.1908694842519412,0.1920020209640561,0.1898924072310992,0.19679101694108286,0.1895493065779448,0.20273453253241003,0.19248606752711836,0.19831934984305458,0.19917629246246413,0.20504175008071662,0.21122732542209516,0.2223807548152545,0.20539392774858817,0.21470645431104085,0.21679671635103775,0.2143744385676173,0.20952589285724132,0.22252407273849653,0.21804960285138392,0.21343847045404335,0.21289531283979968,0.21666367236726788,0.22213515744586962,0.22728914764528302,0.2280714900873276,0.2457180159776666,0.24274545096270803,0.24362917804972456,0.23409352428456234,0.23855317437761903,0.22383165197326596,0.22119947914125637,0.22415704871826123,0.21737795561148945,0.21622086478723018,0.20548290646525155,0.2142484062600753,0.21333902207681982,0.21752345866476253,0.2246671106179812,0.22243063413781988,0.22457380634676416,0.22913909843708313,0.22953028714959875,0.20320747993352253,0.19676822138866015,0.2002550883345825,0.21193090857112729,0.2126553435354627,0.2135264599688178,0.2241028604978259,0.22463607385358664,0.22583892609767947,0.21118355675723272,0.21946162974909622,0.23246405008925974,0.20943617614785298,0.20996354657831276,0.21567032858400303,0.20466270036196924,0.2217869558380238,0.21795463042706242,0.21907171089927796,0.2036859486175795,0.2094222879633783,0.20216261658063842,0.20486284518015793,0.19764630062449876,0.1940401939290652,0.20383308145900886,0.20056832148636144,0.19496129458716824,0.1957378618606331,0.1924585901244246,0.20413961905564712,0.18777981203455021,0.19985280449144827,0.200651679856566,0.20113892283086052,0.1865581816039864,0.18823648303910662,0.19408916873728294,0.18802326938105265,0.20175524322187494,0.19432635292412712,0.1891561648099627,0.19242655288133886,0.19174745128531434,0.17653759263089222,0.1876437484456846,0.17978178992864446,0.17717237216894527,0.17921109771133573,0.177807919343156,0.18576444740239512,0.1889689282734422,0.1849641240120025,0.1867185645686613,0.172130369094541,0.17582199355998177,0.16706612518369138,0.17326326737254524,0.15772189993833505,0.1602181821928211,0.15428759165709413,0.1551536511263826,0.1559814668031009,0.16714038568920628,0.17260111622306845,0.1689397316507547,0.16487044115083183,0.17024850227960037,0.17333601184698239,0.17039678642882664,0.1721053615530331,0.1648707448536876,0.16540026460681173,0.16222489435230672,0.16182167790685867,0.1536420170306111,0.1654499727627416,0.15826686507190554,0.1614949327649627,0.16118655005633634,0.16302773695602227,0.16645229980205592,0.16193417013860406,0.17472349165322024,0.16858681271135945,0.1668601001834618,0.17640784717182167,0.17184381277067645,0.16305345287274206,0.1579414060730478,0.17003792634591858,0.15898838580057215,0.16597206597296446,0.15944070279012096,0.16210872872042817,0.16223075898329917,0.15761806805542503,0.16564456853924317,0.17111477084021062,0.17444306150126349,0.1774701433087311,0.1848403575778618,0.1825690265808598,0.185092320413653,0.18706222683970739,0.18734016569043663,0.18347052343938336,0.17956748499259534,0.18107320971898652,0.17284140979027932,0.17481926903288753,0.17473443498314667,0.18747471411250097,0.189572963828826,0.19206374818273528,0.1812992051205499,0.17754845602667224,0.1710699781852689,0.1742643697718709,0.1738832704741315,0.1810642874982794,0.1852551542710489,0.18768899117761617,0.1882277279462176,0.19029150459235053,0.1836578517252953,0.1769671676155232,0.17476907996920196,0.1667777843814072,0.17144731969362453,0.1701452777135077,0.15897996608492246,0.16501487699298628,0.17178810935257274,0.1692110420558465,0.1780061060745884,0.16768510996062247,0.16456485823917696,0.165165828426231,0.1725612189877306,0.1841915489154948,0.17150686165441692,0.1737961693852584,0.1856452749394954,0.17749511297565862,0.1817408688682015,0.18784320949494626,0.17672549224350692,0.17859109496706835,0.18671641490411897,0.18735038935953963,0.1837165579370386,0.1761882329899141,0.17890954037673396,0.1936171396928551,0.1665801696320059,0.17765735829153023,0.17799606443977753,0.17397341960386536,0.18808085916262912,0.1928063796927507,0.20049833017289256,0.22180753733146524,0.20566595190982234,0.20721844005463227,0.21531917146090165,0.21326922953450217,0.22518751064682024,0.2104477563703133
71,0.2147813659284085,0.21540629951268594,0.21408394546419512,0.2110977478736903,0.22180799698959758,0.21169992297230375,0.19040804764320118,0.18450464320666224,0.19603334476129,0.19310050075119517,0.1973329371156887,0.193928974095269,0.1838222171538099,0.20738330910383532,0.19767497839359918,0.1931533745354572,0.19748169220568146,0.19382393217047575,0.1952781580631668,0.20117234575273027,0.1909813240828745,0.1943125718615335,0.19171350180121544,0.19679408464197323,0.1922880078221679,0.19620593041775172,0.19939448449309666,0.17849534722692967,0.18478205811443316,0.18386704652011854,0.1906440256403412,0.18894121335075562,0.1825700775356823,0.18578117272857664,0.1768861380098162,0.19858641694850776,0.17430827298559454,0.1801297308102445,0.1830595540306843,0.17180792788834054,0.17776632735338302,0.1796349758811139,0.18730406377892708,0.18467333833955368,0.1809043875025958,0.18474802313626934,0.20225760951337002,0.1795741419735546,0.1906246678657553,0.19239319196159255,0.19436000430033407,0.19511359906975398,0.19347778197381924,0.19715398512238097,0.1999607191479223,0.19546883744693946,0.2078721940644343,0.1940500236473101,0.20914794416101,0.2126855085473799,0.21065549874063536,0.21573872114725867,0.21066335673301415,0.22345681276757212,0.22643173797720337,0.23745345880310478,0.22205727192220032,0.2342935862409978,0.23713092751179785,0.23350898710581125,0.23291614849759723,0.2357268213440678,0.24075027950400196,0.23186532200245594,0.2247317325709029,0.22979781767512608,0.21225987297785578,0.2192120886313708,0.20597565851774116,0.21423523488248286,0.20607717869477957,0.2078864102599631,0.2081091138727216,0.2231617713648208,0.221833586128092,0.2206309830256082,0.2214609201310513,0.20451873601633733,0.214497433430363,0.20039389194750729,0.2020175640347941,0.20574765781411256,0.20177466270653066,0.21414261413533525,0.22166269033897668,0.22377465693929594,0.22232781508446528,0.21929352065147642,0.21625347753105786,0.21798464366650697,0.215268309341803,0.20103896975351057,0.2088086088612177,0.2065142383820141,0.2131315777944919,0.19763907380950696,0.21351638111840007,0.2176431485343906,0.21426162778301336,0.2131383012247742,0.20237594513229196,0.20729517806514083,0.19726557830300426,0.20635419398816537,0.1979871071134739,0.19205362108220714,0.18675820881906266,0.19708209943998944,0.19989181483375842,0.2059419402201053,0.20793284703209627,0.1882556416429918,0.1821227921849578,0.18866459167954874,0.18321811049294331,0.19826823477977068,0.20401890861158292,0.1969826383436255,0.20285469792002128,0.18824588871636688,0.1857179152882036,0.19472889525581688,0.17852074887905917,0.18940293300499486,0.1898445788245849,0.17610253188127623,0.17856950715929032,0.18199828685416705,0.183216296438177,0.18037365263627314,0.1792510052932435,0.18016341279838258,0.18180729279829796,0.17510610990282713,0.16863378969855122,0.16703169951579697,0.16257321713496886,0.16505740008404507,0.15838024119104008,0.15407706605611013,0.15577472742574797,0.16240982560143727,0.1693787408394605,0.17645066522336694,0.17095464284038703,0.17795180602594307,0.16928228009933396,0.1718582558801576,0.17015663953826934,0.16221604177588136,0.16009840307245451,0.1574896435320038,0.15083842881627968,0.1567880648915236,0.1652355917113724,0.15959647688210785,0.15208836811311666,0.1548959276764357,0.15310486821223265,0.16487351616809032,0.16575681758698899,0.16588663591663705,0.16749991847709889,0.16755677777258965,0.17434271304383905,0.169604198937126,0.17105229284663837,0.1729110308694939,0.17043159170300687,0.16872607351153923,0.17094456601451327,0.17139371803106182,0.16771553812871837,0.167280801242234,0.16469605631012074,0.1688915805483233,0.16570075986614227,0.16643785112816625,0.1726713164136122,0.17958679505242897,0.17845034832056078,0.19456879981984393,0.18223664021993993,0.18536549702416552,0.17707175838233435,0.17610614078873102,0.17161506138469373,0.17847771616661778,0.1782832736363907,0.18282627045170205,0.18293718838425552,0.18756124204160374,0.17488151221402687,0.18017747647711818,0.17829497362391844,0.16830693065044067,0.18778184422682756,0.17900934356910359,0.18155144086597785,0.18636742298446468,0.18555766548951863,0.19180158864365351,0.18304931161936697,0.1778198747467085,0.17803340578991034,0.1866258935046004,0.18735435819154303,0.16538868722723327,0.17267926840469539,0.1524758278541557,0.15428936796886228,0.16394255531544022,0.16512841032134135,0.1709956648005661,0.17376419790688896,0.17080713177740248,0.17425128923441108,0.17488127060645592,0.18949811750644205,0.1819249230931088,0.18110318993305854,0.19144115244663057,0.17945022202460587,0.1880806426266625,0.1738445579388936,0.18170111820353402,0.18274579812095101,0.18202678561009009,0.1846177696534874,0.1849992211417377,0.17752752565454163,0.17612783634156198,0.1874687139054224,0.17155856305246064,0.1707412277575117,0.17450026868653074,0.18432765582040614,0.1828855109547915,0.18985917963815133,0.20424291491195878,0.1931993228897639,0.2136472957074049,0.20814136578748493,0.20872631219324528,0.20811242030269644,0.21781962197950305
72,0.20774113496537655,0.21238850111897128,0.20385700997031084,0.22277856388904874,0.21743577465783104,0.20562200992540453,0.2018042461690806,0.19072520923050965,0.19235111140312713,0.2031000545263362,0.19678905037511973,0.191147358146865,0.1924450301423547,0.19614400555510994,0.2057403147970578,0.20161880205704147,0.19377966465357194,0.1890714261233904,0.2029589839214608,0.19438506762131166,0.19336025048553346,0.18293916816865,0.19700376219785365,0.1973966463523147,0.2015619354908201,0.18387301612726178,0.18508741928413877,0.1908969105997195,0.19283261910603308,0.18608732801707634,0.18407817501233614,0.18705951328121087,0.18074433739078696,0.18792596974844056,0.18458418995590423,0.18283927898156316,0.1858689305034649,0.1820665236761047,0.17331374233048777,0.17768820493651022,0.1804971296740737,0.17691501760986067,0.19151200364788523,0.18710612303948257,0.18682603633848663,0.18486329941562013,0.1909731888672743,0.20084561761083572,0.1990587396565753,0.19151500228561705,0.19763441383720476,0.1939429065802258,0.197064361262577,0.1918627654658422,0.19656010252571088,0.20752943322919384,0.19863623733252553,0.20942474726227414,0.21008255953870797,0.20616189618129585,0.21154954714849517,0.21379517515639895,0.2168541311343789,0.22440436482303436,0.22769379730922387,0.2254683050225732,0.22616770962358515,0.23316598798555307,0.22545688379277962,0.22964616644427685,0.22959546205609163,0.23209303089377317,0.23823529311027988,0.23311235938947555,0.2464251332139316,0.22249020695726185,0.2180334867507274,0.23083852998932203,0.22372571257469331,0.21731955146305534,0.21071099602269952,0.20162087724040387,0.21318458577334795,0.21420928914419315,0.23003769114673372,0.2231242635425607,0.21837011358622513,0.20885255856833213,0.21851165179313237,0.2171683841626183,0.20022717963132836,0.20364385045900676,0.20704888686821793,0.2174734779536409,0.2261613042384123,0.22385128924792677,0.22541572025180548,0.21764790943422108,0.21112861560877624,0.21105959478553304,0.22026338035360082,0.21050489538474385,0.2120817019789817,0.19968158394797023,0.22017089102520024,0.21662481259090163,0.2035673813510541,0.21395601479157086,0.22388067106460255,0.20819931677499942,0.2149014768161221,0.19736659560726086,0.21349484838817223,0.21687210758265937,0.2053804021958565,0.19643369681662523,0.19469473170834503,0.18585891606398888,0.19941484946423954,0.2073694138038315,0.2062521574137125,0.20947664037968403,0.19681667019258106,0.1935848204449547,0.1891570359082991,0.1928585512387826,0.20154116748133147,0.197914708031472,0.1924250021127952,0.19715597349397065,0.18667549001249942,0.18597587041702543,0.17151223250285563,0.18326827833201895,0.18498797570528755,0.18279188018879988,0.18335510240088163,0.1670101630410583,0.18109476661774387,0.18689733123611516,0.1963713699898881,0.18732265302211765,0.18056692408362413,0.17603535482797336,0.16636057010900296,0.16829406478003645,0.1669359219550701,0.17037595375280254,0.17056562108549034,0.16038527753840623,0.15547658753951787,0.1702087177450102,0.1662680869875656,0.17297251497894248,0.17730619094879177,0.17380065146430335,0.17201166513482877,0.15847873648027425,0.1650168528009535,0.16646372165732806,0.1692472808583438,0.15480750098507604,0.15068082868993024,0.15053136507679668,0.14525764538397623,0.15080960415040978,0.15015403250066284,0.15455533471507496,0.1560676891690854,0.15340517131421189,0.16480933233511452,0.16607111441713335,0.17073647075469,0.17042664711588018,0.16255139465548918,0.16555690542094645,0.1711431416469667,0.16508780758130684,0.17739893162920392,0.16829263099394634,0.1724950353569636,0.17334235798573083,0.17629094264954226,0.16786231182995373,0.17002500645256904,0.1717652081439661,0.17475495557417495,0.16827519403268648,0.17626301722865897,0.17005938336796722,0.17377496111453292,0.17987197365343316,0.1743917356283718,0.18409262905784612,0.17388951653032464,0.1740594472396092,0.1714441220698992,0.1739931296795396,0.16732583464368028,0.17045761201307785,0.18099630127718302,0.17660597796654245,0.17336906220939902,0.18100888784823416,0.17872676722425562,0.177744143480116,0.17409187390282116,0.17629358118111516,0.1863935157233559,0.1711092942399976,0.18396779372040709,0.19001977521295574,0.1850645774707752,0.18697110727080885,0.18508865520890955,0.18023112766785804,0.18254103137158909,0.17912887567258323,0.17160988488927045,0.16168487677835655,0.16182380178744096,0.16246630374827284,0.17235524337070923,0.17215783798223583,0.16374758364197212,0.16202524991464212,0.16811791684167376,0.17297601991307565,0.16837356213940335,0.18716304404429696,0.18533920678716273,0.18992292927493784,0.1861736014178173,0.19274991712800657,0.18375958441453674,0.1881246911742114,0.1859554880113293,0.19036521777841478,0.18716170807667604,0.19066378049790428,0.18904012683025162,0.18451212050065402,0.17706621343919426,0.17153261166339734,0.1735341288681133,0.175362004057182,0.17393993361975588,0.17468382782718933,0.1820256958697281,0.1911864899806738,0.1935496097513176,0.19788149371920227,0.21071521713096486,0.21093400564379178,0.20419890082083209,0.20805181076579046
73,0.20091056269664292,0.20085341953215657,0.2154121522899406,0.2142864943496303,0.21419917806295438,0.20988992869195583,0.19652540050029985,0.1985384239436659,0.19405543020459667,0.1977194027866146,0.18988611103014533,0.19258022953385978,0.19090095456125453,0.19602109911058294,0.19419135853036407,0.1977326969934148,0.19131318414420437,0.20245968182563334,0.20585721831865475,0.18670098103946567,0.1962057587411036,0.19571039794167117,0.19686273752302724,0.19852065068444377,0.19257614999930525,0.18989201371242342,0.18918064420070185,0.17397430090102317,0.1785329988639449,0.18092842390422814,0.18433504105230758,0.17709964881752502,0.18465399156657405,0.17979872180727977,0.18267608689028278,0.17981934028186175,0.17900419134017537,0.1709272872152545,0.17450372421551386,0.17333062379834735,0.18633434024099618,0.17500352639831393,0.18134701023107686,0.18611723845776415,0.1856181329571058,0.18796102297567582,0.1948888980475282,0.19069565598352267,0.20851442270349754,0.20519798888266172,0.18947246271342552,0.1929704457316463,0.1944833828353647,0.1979606449225767,0.19564691759135652,0.19223550371483386,0.19421684730425295,0.1944035091281895,0.19931907360948314,0.19376940245946986,0.20709728241287978,0.1999363221719379,0.22558473073437096,0.2220155532912474,0.23417482265347014,0.23384430626664363,0.21715118316913234,0.2263939933313042,0.2264585384100308,0.23378702258562264,0.22099507739405266,0.22741012661713403,0.23838751144023393,0.22749298015740996,0.23921951194471533,0.22509570064354206,0.2227287091147428,0.23067604674625136,0.23716336296974705,0.22758529630987667,0.22828937546746886,0.21163792751019192,0.21341399713726347,0.21838937227934108,0.2209571197003725,0.22541457836916787,0.2276879778273811,0.20938622156403344,0.20935965790862282,0.2281808008244869,0.21241579144901282,0.1995567937146731,0.19960735185511919,0.2213850041797422,0.225669413395209,0.22328240431072166,0.22142109797470094,0.22441697290475543,0.22477582482323744,0.22597952945517366,0.2173185506718406,0.22259094845560698,0.21579302349440532,0.2195608482685095,0.20911365840874144,0.20346971651363055,0.2030609482908485,0.20418423156499776,0.21301338803625858,0.2137708578292317,0.21960625202921744,0.20087327949487882,0.2189850667481842,0.21554472555408022,0.21185216178798955,0.20126980693251706,0.19549284188079843,0.20476385630676533,0.2049669317511534,0.20766996992140502,0.20497816455941636,0.2031719224537599,0.1970531991451804,0.20700584102795022,0.20236601517516398,0.17885895952281383,0.19578218000414604,0.18927985735884903,0.18843982836424786,0.18646992665485496,0.18647851411005503,0.19361415272230031,0.17812615770686843,0.18540916583578498,0.18366144630704026,0.17015726641965082,0.18032622867865306,0.1751529272993996,0.17890624477156236,0.17687709628337617,0.18106091051074444,0.17746985726088713,0.1779436931772003,0.18433202750240565,0.18327857519693022,0.1830236448840716,0.16714273332095259,0.1608401242773312,0.16991209706177088,0.1834886899678808,0.17616713845607038,0.1599293970818179,0.17240799448298721,0.17461610637246988,0.17365488310361235,0.1827442832913275,0.171351811471609,0.1677852966133481,0.16472723169378484,0.1554318442198108,0.1605390911487808,0.15323889089256088,0.1458884801904182,0.14968145633239108,0.15457633287314468,0.14430055451699603,0.1498083428622708,0.14676516933794032,0.1518909855322819,0.15113045852983048,0.15551382379737075,0.1630796985518668,0.15688015147817078,0.16037187248144136,0.16383881568756686,0.16416542676294846,0.17060894601375548,0.1639383652112951,0.17766676717792462,0.18396355775418152,0.1845986837343322,0.1762594862768415,0.17411949544108285,0.17874421710026706,0.1865560337859106,0.1815470097210561,0.1861246953906956,0.16796724539768632,0.16816743496587006,0.16623719415191046,0.1864228744213083,0.18442147874514528,0.168570859042966,0.17227902292095235,0.1739051726955607,0.16778877370868162,0.1725574443285558,0.17093858318018798,0.16782308491246567,0.17073961586567657,0.17455906218005968,0.1818186798028118,0.17226315616725402,0.1800346090655652,0.1819436068861329,0.17554925874455177,0.1872451597107903,0.17442731674812026,0.17584268236178294,0.17352573795191997,0.18146233711364396,0.1816269959850581,0.19110555007924052,0.17868228597931493,0.18089259958545936,0.18858246144350949,0.1833476719946741,0.18144905052746485,0.18300881123664425,0.17683217960293668,0.17360990522558664,0.16169068465638406,0.17469509047283263,0.1735983927618149,0.16908473453891576,0.16669128710450007,0.16933748291679573,0.1668050520331039,0.1623873894047074,0.1743377754148955,0.180319294696654,0.19565232809521532,0.19597127582274157,0.1992677256530826,0.19570198017040455,0.18097767309133886,0.1924428588614213,0.1773682985641903,0.18250770333521277,0.17163671742482045,0.18203759954110416,0.18334378803854207,0.18455907293541204,0.1861767736809826,0.17826636132739118,0.18258117598787516,0.17466287319403165,0.17264014813969264,0.18309121218387295,0.1855990290911573,0.1957980534961987,0.19495325917479,0.19534462234324027,0.1997110012455055,0.20163187560454457,0.212478993271818
74,0.19431042425149112,0.20563791886988392,0.20514469940178293,0.20484449632213886,0.22037326189563022,0.20896632257762376,0.18775343876800432,0.18870795140572938,0.19334302091295444,0.19250539269512187,0.1943416116692161,0.19687092870164466,0.18266115523373566,0.1835557527039172,0.18770649487361918,0.19343666678012733,0.18889301560235516,0.19685727994849248,0.19435105389745475,0.1956165746905306,0.1957278835487242,0.18566263079087028,0.18578416719142127,0.19151063663744142,0.18735353853456665,0.20161593304676534,0.19315875611060415,0.18859118961149313,0.17744979419815637,0.1761903425822176,0.1788007351123251,0.18234199411975352,0.18506146677027652,0.17544625403534256,0.17429129629997736,0.17815368094066697,0.17892280580148812,0.16793309806049797,0.17021185313433754,0.1682297114427522,0.17328449299432575,0.17172736258035076,0.17436615865381688,0.18708983845848387,0.18945924399756897,0.186772400238257,0.19643929643607566,0.20011147817222855,0.20037085437208838,0.19930722802555656,0.19872530399168015,0.19349377605099968,0.1953530652269288,0.19456284136188168,0.20159186375149415,0.20142306025865747,0.20502310194872442,0.18388791982219432,0.17989670133333455,0.18754962494451968,0.20002514780692393,0.1997519133716986,0.20562679194897587,0.22066365123360235,0.22389062051858621,0.22349128882471206,0.23109257934739236,0.2286294649552385,0.23681374181565362,0.2242781680320854,0.24315449364039646,0.23278923868523407,0.2376715508304387,0.24904481250633806,0.2495891488426686,0.23114068712780367,0.21847472431504258,0.22190117403302925,0.2447896210452828,0.24147028794901354,0.22476097118523564,0.23159981065659335,0.22844765267993392,0.21665080147679183,0.20783060411274673,0.22609835364317887,0.21829490530140724,0.22204183102499525,0.22315303610333098,0.2041764742114908,0.20588129911812783,0.20499718622249655,0.21783271278126046,0.2120418574912055,0.22479538964918439,0.22109539645695964,0.23762930619276249,0.23216021645013574,0.22361863904187124,0.22913266165777127,0.22158665419939808,0.2201917788590798,0.20994793143547907,0.2131072378061755,0.20982397005203038,0.2064982140940926,0.20613308358261717,0.19450340117540182,0.20398844154627957,0.21581424139028438,0.21815250285763105,0.21332173143747113,0.22654714840672158,0.21433934538632993,0.22264277173541328,0.22391108788410896,0.22610996355982718,0.21678907883439635,0.20922766099451878,0.209783776858367,0.20453488927170294,0.20108621057157458,0.2020928506770115,0.20967289903864345,0.20449382577064762,0.19685615581571922,0.19737014946469514,0.18429642041093605,0.18618847722750465,0.1839616939599417,0.18256906861893651,0.19197673445260674,0.1838050333453788,0.18292804795540166,0.18632039661582145,0.18354628552669391,0.1745645286101344,0.1770905146240343,0.17708346041309833,0.18010849614348354,0.18686802690242257,0.18415783472254774,0.18304294728210369,0.17196354917894166,0.18558086728362733,0.18606204930166206,0.17958638153902784,0.16900996040230387,0.16987133505012725,0.17504382708903496,0.17571077731589055,0.17914809731552475,0.17491316569197102,0.16332264324008347,0.17047990708228086,0.17834991225121063,0.17203162829656812,0.1743126478604725,0.16423537255950763,0.1580767505823458,0.15617301692159735,0.1556757619360254,0.14971178898292592,0.1462264713548548,0.1493674614232539,0.14735436321835776,0.14452167953253167,0.14596072100810162,0.1623143810459292,0.14131946999941747,0.14226235706417817,0.15415655627846997,0.1687305413913223,0.1557485456529776,0.1544660354435175,0.15892341911674507,0.16650443276384314,0.17088758014850713,0.17081543056585638,0.17929377032955665,0.1794098982937561,0.18196715287338594,0.17888041756833448,0.18603977260287569,0.18892911925828992,0.1913406301901312,0.18607545944674123,0.17167391054067996,0.17551910673814608,0.17755614201707776,0.17345590930609409,0.1796116075990107,0.17743161272999072,0.17887996449278706,0.16762145263384134,0.1604033373617585,0.17668171248504952,0.16591005221340815,0.16426990273750197,0.16729929082139275,0.17052961045915296,0.17759600820919458,0.17521250550737036,0.1831243094480195,0.17559138322027257,0.1815074686320629,0.17417162348669385,0.17440699526476802,0.18490787175426038,0.16993173829741504,0.17586584375169564,0.1781409237417356,0.18696929910863752,0.18214770347016843,0.19178847239962638,0.18046741600508506,0.18855128651017541,0.17683621064317456,0.18387784275984148,0.17934988395090112,0.18239935573733768,0.16586711849523603,0.18031543337316192,0.17965520327344123,0.1674546839918959,0.1710212593003254,0.17603847594579763,0.17943377744176642,0.17492190563843893,0.17725622664871998,0.17786266693838435,0.18451658153059178,0.1908461485880966,0.1970977606416983,0.17868434314699733,0.19143405554452286,0.19180428266339408,0.19248850522807745,0.18976691612735672,0.19391325659587436,0.17792591176218686,0.18684083521449163,0.18277529772298462,0.18065067972309723,0.18158045499644612,0.1823845726871165,0.19493027703034385,0.17912908190244134,0.17474654586407842,0.18040322624909746,0.18427452482908493,0.18858059427594562,0.1901052453471133,0.19488701331390165,0.2040699837980184,0.2083610320954048
75,0.19293352536857827,0.2033379683536599,0.19716165272051986,0.19863099586310576,0.19395112364313183,0.1987013738980517,0.19080115528819944,0.19293481368587204,0.18850093121115807,0.19994107877543918,0.19261459860869937,0.20136627208454147,0.19601534892890235,0.1790070765701055,0.18947673827105319,0.18671882253006952,0.20078884891449997,0.19991859961799074,0.18801919979306872,0.1991950289026983,0.204725480926301,0.18851777269350625,0.19191706795318406,0.1845145846752857,0.19845446295029165,0.19318317522353998,0.19040918756651684,0.189928526972862,0.18331926191161899,0.1868989665619031,0.191338559484347,0.179845965624908,0.18211163773073785,0.16681146633962662,0.17266396114788796,0.17571304302899066,0.16277990849077617,0.1715794613164532,0.1633513018526027,0.16287660188092548,0.17171554002306338,0.18359552863577738,0.1677644741836646,0.18249295352421738,0.1809302153063912,0.19787447244712525,0.20221266831796064,0.19784541951355536,0.20387524220825531,0.1920491104931654,0.19578037679193358,0.21132856304123482,0.19420450495388306,0.19571704048570784,0.20150396212903376,0.19951931169462706,0.19771835567816357,0.19042843576370402,0.19324376930383155,0.19546157773278364,0.19857247094345762,0.2009931747205782,0.21661578455216993,0.22217945647226892,0.21446819662639913,0.2185084820235892,0.22163737608311246,0.24443877579068504,0.24142253176650752,0.22589670697062564,0.2357758938594653,0.23443221988832816,0.23685425986723574,0.24860731320444798,0.2373303064440851,0.23906263385377782,0.2219169628364736,0.22698266983385934,0.23194819648083645,0.2345039163074591,0.22442436239663438,0.23665718808105995,0.24142703456547243,0.22799630042946678,0.20599766612207604,0.21052985919471492,0.2271699591839095,0.2141508980662898,0.20472222830703996,0.21166887423296052,0.21553291369802507,0.20933097680194937,0.2145887253120738,0.22152788440531251,0.22808430420521492,0.21954042469400634,0.23460123822974596,0.23518845545913517,0.23531168840906036,0.22644362571550086,0.24866502180222244,0.2245016824391883,0.21430499813177328,0.22669910210254676,0.20836194365851107,0.2040777699990426,0.2088585218232344,0.1911770254169712,0.196006498311702,0.20742810510300483,0.20291348974007378,0.21692909278364578,0.21983528460263232,0.22384221774684815,0.22797703444512063,0.22711023151105134,0.21561297899310647,0.22764509650270148,0.22629387539084295,0.21558125707079004,0.2231939920209445,0.22827034752369876,0.20444891023696726,0.207661745426505,0.20783251831216554,0.20999439352393004,0.189501564588564,0.18449967267321615,0.18166664677344233,0.17918035801223925,0.18303987056264076,0.17920350513421787,0.18924939508521757,0.18727090101044008,0.18568738492288658,0.1864174229684649,0.18723119103945757,0.18276490288338987,0.17961388225397001,0.18314463455439134,0.18966443429031685,0.1919041647498765,0.19383812490596192,0.18425628049801876,0.17696696387465943,0.18688347457612622,0.1830937416999212,0.18042657289006153,0.17128195053514883,0.17307609980548969,0.1763497303743564,0.1734828307522641,0.17246449457313176,0.17698921376278703,0.17400875510659783,0.17282433720341503,0.1650902024096429,0.16390526337909628,0.1661843412887376,0.15994600606635503,0.15311403444827584,0.15511792979069047,0.15540500440885227,0.1518172079110752,0.14709062726167776,0.15599439712061908,0.1468983778341005,0.1439398348294233,0.1488229811960073,0.1429904391631391,0.14602156542966627,0.15431317251972956,0.1513812196694398,0.1611784963948255,0.14920693183558179,0.15864876657526217,0.15756254969630848,0.16132995029444389,0.17080260891079768,0.17417952425206762,0.17160613103988132,0.1820768787950544,0.182592821680088,0.1859730441517395,0.18267457263851453,0.1862998048625319,0.18506534450085196,0.18737049322205593,0.17724671706601663,0.174266295823507,0.16666426830501338,0.17203495571543487,0.1775238876189348,0.1713250629253978,0.1772069700850827,0.17453864496980032,0.17222262324781715,0.17372303178889947,0.16950066250020818,0.17293691205977516,0.1760485692900482,0.18063391716928756,0.17285717059814626,0.17647280956338518,0.17715638107569345,0.18431292868385651,0.1752830816716132,0.18034898397770813,0.17362505647155957,0.18140171974875108,0.1631780353667614,0.18017598293701123,0.18345007768446814,0.18526488022559887,0.18249358383363748,0.1754115959810869,0.1844792821426532,0.1945984156150733,0.18054792436195322,0.18021913463892159,0.16977510197625864,0.17250965236573257,0.18198336869670675,0.1835330999149741,0.18093958921158587,0.17641848977771526,0.1773205623744376,0.1807997809644381,0.17496682054569754,0.17459403421004177,0.16623623721645187,0.1826550146812966,0.18429722669326137,0.1864028293124328,0.18863392438318038,0.19433055902750218,0.1899498697097733,0.19451298562906497,0.19546769873866918,0.18111749378673717,0.1827558131438312,0.17957310826467388,0.17453671590806683,0.1741903532944371,0.17906343031154848,0.1818739085174624,0.1905408507601763,0.17276927070254702,0.1801779743265717,0.17773006511476852,0.1911809872703419,0.18560573872609046,0.19143022068207138,0.19151279740036262,0.21129036823633013,0.2013922898948325
76,0.21284575842004125,0.1986036930629555,0.20519383104947964,0.1984984454890341,0.19924592824837994,0.19360862471925158,0.18998306942932866,0.19978132400973714,0.19401008234618963,0.1884301960584174,0.20214484470060656,0.18827298142687088,0.1889922519859004,0.19165197540692436,0.19570121862330517,0.18580611379929562,0.18925065880166114,0.18743931998249763,0.19911902635119103,0.1894396139431905,0.19652808846644,0.19346348198258648,0.1923721948270725,0.18950413903256974,0.20034031855642645,0.18828277911086277,0.17850623907845944,0.18927275341462227,0.1854104039090245,0.1921388115052806,0.1986291435444238,0.1949016429151476,0.1814200573936749,0.1788748159876344,0.1671492760752309,0.17541365588382463,0.1631183050228309,0.1730712777510512,0.1768563265000921,0.17791927491522735,0.17967568117438415,0.1775830456037851,0.17431630036304963,0.18403448068025835,0.17260413670805216,0.18299473723959564,0.19687683997972574,0.1880937218462657,0.1915891011877017,0.1998028018143625,0.19238504090306124,0.18700903965563545,0.19849257693101657,0.20801392080788422,0.20120064100285961,0.1972444445422608,0.2059338789975736,0.20599074106201312,0.20610119031168608,0.202400956244768,0.19771928441755518,0.21181514042403496,0.2069921616661714,0.21207310743661964,0.20754147550388644,0.22327217342308014,0.21763392771932663,0.23739179264535445,0.23772732306223765,0.2322588653195875,0.2492606940777254,0.24509514017090347,0.23451439186673537,0.24461433265246516,0.23529305036082376,0.2363171824415819,0.2253013531058073,0.21657513809963183,0.21531079276085166,0.22109763646854846,0.22449082708286786,0.23119056162499996,0.23848490752684517,0.21748915203065539,0.22054808947436025,0.20953105514864762,0.22025856224212478,0.21939776544794476,0.20466227623445407,0.20985305694817774,0.2232595268430736,0.20687713827697687,0.2191980569057219,0.21156133555910772,0.22329201868766718,0.2276630238980041,0.24109977217772396,0.251289880610945,0.23203291711034488,0.2300338774725656,0.22527230354866454,0.24291279997911364,0.23634025512172388,0.22748491344248187,0.21734362188011988,0.20935305367533497,0.20567802812990463,0.21219390246520697,0.20421169026271632,0.20106750088017253,0.19651853142052267,0.20288847135290278,0.207201406924872,0.2219678114388478,0.2260604043083948,0.22384366091561095,0.21593120085478182,0.22981496209518912,0.24118628049101254,0.23267139837621778,0.22218339572789436,0.21963103086907843,0.21468850907133463,0.20404349320377893,0.21643714671202172,0.2065963764302865,0.20377409827110587,0.18892516056886424,0.18019091889521371,0.18184610364108625,0.1871283981610066,0.18025702537281213,0.18471429215102583,0.1815213028538077,0.18778616811336044,0.1856457024040302,0.18890341100797275,0.19418009087566193,0.18461751459478898,0.19135829818691272,0.17185049997731475,0.19165541753869153,0.20334614334192833,0.19961422916160718,0.1740540767808354,0.1788697088169333,0.18271213820119456,0.17343402373179212,0.16625909034013983,0.17005715139826819,0.1700101302156796,0.1753819522169483,0.1772139884110566,0.16871162170202134,0.16912417846942834,0.17656043900607907,0.17455423900156156,0.16808041047313912,0.1581095126421625,0.1600897771242477,0.15199909424031438,0.1558676544348086,0.14559853326838826,0.14439893827515932,0.15020417352395893,0.14894742515709516,0.13928520893756588,0.14204795965652908,0.1466611209360122,0.14270329466092024,0.1380041034440883,0.14027555640041903,0.1462200742158207,0.155575784637066,0.15957329029660794,0.1515817790894854,0.1552029600789144,0.15708510258990305,0.15871537516068027,0.16625135744077793,0.17833225449386325,0.1805519153848719,0.17708602925506825,0.1746266810927234,0.1846721477103792,0.18739987635168245,0.1843496001633648,0.18479009979360989,0.18150145044779845,0.16894910676527153,0.16872801605342974,0.16342300801634255,0.17323965093993204,0.17781230016827254,0.17941944130902365,0.1763665420704251,0.17837258244678225,0.1784847848208052,0.17968631405559668,0.17647378479086537,0.1810930152845502,0.18408169304794578,0.18949519408087093,0.1846527160263946,0.1759873290188562,0.17583005016208061,0.18935984960845154,0.1795939489849908,0.17115425482820598,0.17916538205594815,0.16509522025785472,0.16598135283753573,0.16900529054903587,0.18120350753107584,0.17638737617808609,0.17616137846469554,0.17358460279459276,0.1741512916928127,0.1933177358450251,0.1834913517266171,0.1787393605957611,0.17003189694018547,0.1666998081456615,0.17039423615275928,0.17726026735547162,0.17987760646077128,0.18446331113441275,0.193015683916168,0.18204765958858457,0.18477205968925375,0.1877779528140718,0.18337545312313883,0.18900617796269364,0.19404814702627907,0.19104017179781727,0.20455123220144192,0.19408103520346537,0.1803883557647061,0.1870073603066906,0.20052533474594506,0.18819496497466398,0.1893640354195171,0.18657970410638092,0.18563852113047674,0.18252308474965928,0.18237016876518494,0.178137601277172,0.18225094966586497,0.1823854965926528,0.18266775866088764,0.18697700544515514,0.18731596758301963,0.19214053693528416,0.18356192353764408,0.19772075037782533,0.2018643417803504
77,0.2058175954178856,0.20245836253870564,0.19344023004802907,0.19579615095355585,0.19072274994463292,0.19871748407048598,0.1966012387870001,0.19962938691431834,0.19618585882128073,0.19760452709598111,0.19655860896339086,0.20308812499362472,0.2034247401919674,0.19668091497739032,0.1981354474478186,0.20273865920585876,0.20103274371936658,0.21082849084635108,0.19606418119032448,0.1980644763118186,0.204133564916315,0.2054276036231238,0.1970289758955472,0.19961489424551412,0.1935390477921358,0.1925963268014622,0.19832742352950983,0.19388816481971635,0.19562013307098444,0.19241210906395653,0.17741445440144993,0.18489501406482084,0.1815032057309294,0.18280391814952052,0.16750284969214319,0.1664528747089251,0.17766476263426975,0.17745473824536537,0.1920358446687877,0.1809758812192931,0.17510393265408397,0.17231270494872614,0.17682016846222612,0.17175595359950627,0.1708116547637731,0.18439137379070036,0.19224670279774572,0.19243147111567543,0.189154379070914,0.19510633907168537,0.20395843926927007,0.20453187515639482,0.19720925842535356,0.19976633687212023,0.20834932606049072,0.2056045872555367,0.19455889902383922,0.2097625722547192,0.20723480653744872,0.19966073246031119,0.19485502049784448,0.21481005188141294,0.2134677634943232,0.22717388230399627,0.21694198020697983,0.21144289676826375,0.22793362632792932,0.2291832110686649,0.22258900083264863,0.23210334531225255,0.2430912909621908,0.24526207600507074,0.23284826164160077,0.24321284054335127,0.24069751135771372,0.2242435705899346,0.22246428595405554,0.2268736718670376,0.21676187548740014,0.21286227527821724,0.21621782782022417,0.21911893075309719,0.22687346290875995,0.22686113471101926,0.2149560138839354,0.21979079505247684,0.2217424797793556,0.22185391652984615,0.22498159947084506,0.2052862682198853,0.2068202696403116,0.20567400264442512,0.21596471473288198,0.22791420820201452,0.20652546087885248,0.22964717112816965,0.2509316833288364,0.24642984280209268,0.23879151999951048,0.23863299941949162,0.23204167939457704,0.23335956147702425,0.2320278415482657,0.22490716954114176,0.2293615949632322,0.2184415753973202,0.2210638859719357,0.21090510886025024,0.19546531782463072,0.20456187700197614,0.19913530473382973,0.20142691442147675,0.20328921554134882,0.2093554639553125,0.2200858391980521,0.2346838477169603,0.22872698221168686,0.23315884753066554,0.22231332797391193,0.23938597354780028,0.2226172430335357,0.22175366178362096,0.22588906094809424,0.21903630268691476,0.21511817262100758,0.21297081850044242,0.20615207001557848,0.1900690919978554,0.18793163840746294,0.18630306507182468,0.1786526653906225,0.18433839421503456,0.18947276810719935,0.1873093255120822,0.18386014572643744,0.18570205084448013,0.20082411880437348,0.1947909160639264,0.19128146970139925,0.19022811305681553,0.18944236202835857,0.18860330549927035,0.19322245688450893,0.18652953174603465,0.18012682748541184,0.17913489768219704,0.18011011353978526,0.1748741835995405,0.17196552899386278,0.17740755068503736,0.17268654479737827,0.1703808576375162,0.17246429601615895,0.16883057516158395,0.1624187261514695,0.17218106906248556,0.1662053885687279,0.16745514668692607,0.16406683491103266,0.16865681708409783,0.16348868475412998,0.1589432174168971,0.14424839844892473,0.14506979588781116,0.1385150617609923,0.15062914119798218,0.1501478092657655,0.14235115655726713,0.14051866010868058,0.14644919877676846,0.14867091009939615,0.15046760211014418,0.149889427215382,0.1559168312905713,0.15345039122070028,0.1561917173274721,0.15697699096728604,0.1528927879680655,0.16042867624701365,0.18013309043024153,0.17326199072631543,0.16893090162447852,0.1677231846531237,0.17814322079050374,0.17842130025922195,0.1884096314317072,0.17821296672745307,0.1668102756413295,0.17323909248217934,0.16784963454265833,0.17460171291544435,0.17216267422863515,0.1675682754164664,0.17112540934155818,0.17441221597322132,0.1934907018778189,0.17941663205700628,0.17878163307147574,0.17286158865822698,0.1838001663024254,0.18884943941683796,0.18907072955979784,0.184085295925183,0.18854260360247665,0.18910425459283056,0.18117025683351662,0.1770966312193498,0.17713476275980128,0.17790133208700493,0.17040690943949938,0.16590611743333425,0.1585315478670546,0.17090457946797644,0.17923074087077062,0.17233520297387467,0.17400246470184016,0.17117329078321458,0.17501327831438104,0.17181963811765918,0.1811836064431741,0.1742297446002137,0.1752243267480366,0.1726068790362509,0.17579357573067583,0.17677994726124552,0.19026144902677028,0.19494616673960435,0.18281242096311417,0.18154303850382708,0.17961814213983693,0.18565172975875285,0.18245308037371444,0.19995221985405545,0.18910752033581152,0.1989904343576633,0.2012929988490834,0.19012135462256294,0.19130159895349658,0.19513448654845686,0.19367564010494914,0.19297031243243076,0.18713641268314618,0.18668860047697663,0.1849474296565615,0.17880756952780083,0.18073368351683947,0.1825091321551637,0.18861598676024513,0.1831855867951255,0.17966418016693625,0.18945082463625063,0.18432264761311654,0.2050810347331978,0.1942999549924388,0.19051913453991806,0.1997861486895662
78,0.18685838888943748,0.1886712383656565,0.19555452514128627,0.18985533260825926,0.19580520848437594,0.19487359633221132,0.2067952695347553,0.20121986347449325,0.20305873671990973,0.19281397144014595,0.20791632967211757,0.19077629049679545,0.20709299072531132,0.1915594140789537,0.18638415968308744,0.20576201298501587,0.2027547512337718,0.20880870502115778,0.2016867696130227,0.19491730588333234,0.19099161452764615,0.19826295280402464,0.1978900553608025,0.19729628601756846,0.19144097612289424,0.1955180647905789,0.20019968508653285,0.19982456903834478,0.19548765184813596,0.18094154737754561,0.17176793714329855,0.1802207530287705,0.18930234767656065,0.17974942094655283,0.18212430186282985,0.17166102444686376,0.17399497260563837,0.17488666658839136,0.18764193377852784,0.17992072813052806,0.17574513028110578,0.1763868075732824,0.1737611171114413,0.17962103726556453,0.18067871784280848,0.18508081361926335,0.19377886150573548,0.18821208248246557,0.18426031106686733,0.1824380409215923,0.1839589406620935,0.19580949168368714,0.1948354145936611,0.18652957469605153,0.19226556122574426,0.19708025248954544,0.20059284130758143,0.20191856447930867,0.2022625927290729,0.20206671909768836,0.2151259494095654,0.21437972031731825,0.21105735927705943,0.2156895478325796,0.21288722453548242,0.2176298185688905,0.21766068920661596,0.21880271166923318,0.22333017179326026,0.2262490164938419,0.23287464186030332,0.2423571294824753,0.23447902523183464,0.2373392141248257,0.23391959319211075,0.23184508846820898,0.2133298853711881,0.21406408064186982,0.2112437653303317,0.20912097736710727,0.21477572810536935,0.22409976442377763,0.22121638956430562,0.2381369571345597,0.22263913192228227,0.2205298591041797,0.2205653563955127,0.22171654378510505,0.22481842449713402,0.21897099913422285,0.2153092558749293,0.2099147712382584,0.2128960481554301,0.22170883504886882,0.2174419829846911,0.21581911136565032,0.22218523748175745,0.22995507569357276,0.22884361520185212,0.22246290290239362,0.23203061973691325,0.21578934660041788,0.2174634631604727,0.22623286738421836,0.21045303829174308,0.21411041832795977,0.21727772232005446,0.21335980217074632,0.2121103692492105,0.2120789184811049,0.20313245626002194,0.21284619950642172,0.21056335897715142,0.20591808939960218,0.20873150284681108,0.21829575979549085,0.22299842720237187,0.228744257421571,0.22813273126595962,0.23282638762930266,0.23306400223576765,0.22742033765413933,0.22773946705503703,0.23434673113805207,0.22681376096509007,0.21291031378122555,0.2144731843802487,0.20049198238696972,0.19192944170269563,0.19029987367787513,0.18061503516283298,0.18871607703203228,0.18037838741121004,0.17949886218550296,0.18444228758026046,0.18545130766592827,0.18454632448662942,0.1901398732206517,0.19239491967596367,0.1944447402802402,0.18807470963817158,0.20195745071025728,0.2010965592926372,0.19550518507918388,0.1805832646117651,0.17497475738276463,0.17585458661124354,0.18552681971448987,0.17513546508423264,0.17314776897619272,0.168225024413014,0.1769749099421619,0.17208768804964034,0.16775786872089452,0.16455610531394643,0.1606375974281826,0.15614676820648504,0.1638367030854253,0.1680289447675403,0.17586394051546433,0.15912422445946667,0.16486535421116114,0.15384486321466762,0.14926569244643403,0.14217754142111333,0.14621132068960516,0.14612751537866966,0.14043132709241868,0.14303489450547405,0.1454410495835962,0.1507991869518193,0.13893894601142925,0.13600629187100174,0.14515165768574173,0.1463713235770048,0.15252147619978654,0.16041977393767096,0.1585786075240766,0.15884940776684894,0.1645579240652855,0.17814256448783336,0.17855470559930312,0.17021929991546927,0.18076602162863378,0.1845197255593397,0.18047198702037362,0.18829535210713177,0.17311767068837397,0.17571142465950945,0.1669633307959139,0.1697587622389322,0.17192581826368558,0.1656638309002102,0.1643450773000572,0.16771086542430716,0.1807368463201229,0.1802097150685293,0.18710478747816311,0.18088343636428017,0.17825125654379792,0.17916851741426995,0.18106578840184548,0.18356196580434375,0.18454322249730512,0.19178962058718496,0.19138231341641043,0.1833730463846995,0.17359283667223763,0.17903729184250236,0.18348497202031308,0.17017446737858946,0.1603603147505993,0.16174553471393918,0.16816398874470487,0.169774320134821,0.17353888390072802,0.17997363982106446,0.17044038243433915,0.1689024308507189,0.17823344439483846,0.17978212109924507,0.179637168106024,0.1679871259803189,0.1770217786230264,0.18063803487337324,0.18391582515804092,0.18364952102395848,0.19246231263958177,0.19424846697570095,0.18786821110213142,0.18430274345643852,0.19377935231790666,0.1925363347328826,0.18872163915976845,0.19234460081272742,0.1865245066623288,0.18952796520781098,0.198807159372108,0.1965123684584325,0.19526495244850978,0.18717907639959072,0.17662891453232796,0.18211008622544045,0.19158773362693657,0.19585906187817181,0.1903646917806063,0.17830363621460246,0.1900104559097426,0.19519935127501972,0.18856652597989332,0.180728356815363,0.19273948756766715,0.1885829825168268,0.19618847889965335,0.1903080240311392,0.18994103492532177
79,0.184378042560221,0.18737079522785255,0.1917754012104592,0.19189771347354787,0.20039861698485215,0.19612884012853837,0.1986606810546732,0.20904751049928963,0.19536437845345514,0.20428590363900193,0.19886922899281392,0.2003579364021333,0.19173142496702128,0.1930252395059783,0.1992454928659673,0.1872324412793051,0.18889693012309294,0.19983866832054198,0.21441951038987953,0.2006928267392417,0.1944294734380012,0.20330527636826629,0.2006777162355443,0.20692106261353718,0.2075071664190788,0.19844679990775416,0.21466077846917272,0.2078081614397475,0.18839987052736065,0.19761107467227543,0.18432956576580756,0.18363730052659877,0.1780531248547617,0.1748803041795101,0.1758468528064501,0.18036044576305466,0.16989101069267384,0.17524538909156978,0.1807233215622222,0.17813395073940907,0.18350512588869283,0.17358448288663852,0.17380073150247957,0.17775126493843912,0.17828770722552617,0.18391167508285872,0.18528011004856065,0.19311006054001595,0.1743912939219393,0.17725663479673498,0.18619872379345584,0.184067960374308,0.19707708957038736,0.1935771537737982,0.1902694224896499,0.1837498105544308,0.19262054175453186,0.19720909949353307,0.19979066066186763,0.2120118325853146,0.19953226950422612,0.20892898768466361,0.2064029974672922,0.21524783899546676,0.22520384441143076,0.22471263896277446,0.2140306152963425,0.21556631612347354,0.23225929315662236,0.2286247270551506,0.2403464434515779,0.23943360253338591,0.240819693879227,0.23946872395377422,0.2368964758155989,0.22212436537238006,0.21532328656315416,0.23376452212180368,0.2109117134903141,0.21732270398550657,0.2166086022928621,0.21030824535980444,0.22278518125647045,0.22527209606530088,0.21968560474315918,0.22285167362325203,0.21550189825018626,0.2367367602592556,0.22064236300320492,0.23308214170139943,0.2123473277237674,0.21743141892141066,0.22349952269974563,0.21886957771838875,0.22053854246302962,0.20893148929885727,0.2078250051806499,0.22190393316039406,0.21737044777254394,0.22596532469892128,0.23202228527076296,0.21813060303597354,0.21544305560615157,0.22003314180525424,0.2306521461793226,0.21540624991355828,0.2286095664346542,0.23199391827393917,0.23473367599860728,0.2139833094493649,0.22611350392207782,0.20478823359441833,0.20241599608937827,0.19966944924184923,0.21684898814694234,0.2142124458721949,0.22387824820752253,0.22797535465444177,0.23498373364238387,0.23824231474379612,0.22135136272057476,0.2266495180984413,0.2271207428610266,0.22388067106460255,0.22813015733485145,0.21805542703124015,0.23059909577137613,0.21156299183471458,0.2128876166886034,0.1989634853052413,0.19561433159282335,0.18488947957311389,0.1956117597192739,0.18853218464104302,0.2002262667739736,0.19190451825073734,0.18440173375634206,0.18929960162246615,0.18942635390202286,0.18957470986838892,0.1932610345316939,0.19275404472689908,0.19575929847300413,0.17996307281347865,0.17848642873399512,0.18225455867714913,0.1691779663112584,0.17510623086188443,0.18225690876942838,0.17088813102586753,0.17006208526521815,0.1705787391679225,0.17234766346146127,0.17137643329312374,0.1644026826929919,0.16367622500333182,0.15719907999152594,0.15459199437352533,0.15791849630255334,0.1620774891036721,0.16681146633962662,0.16692369898611287,0.1500513821005576,0.16231426892316567,0.1519427561570637,0.14151908110463085,0.1456699596741317,0.14832726880410424,0.1373222782528194,0.1409947688898675,0.14128823504168264,0.14638514255882795,0.1388896872586036,0.14661250023874106,0.14869555971695966,0.14355092655100735,0.1487941990630244,0.15723238423070662,0.1617751458362348,0.1562528688976548,0.16421173889009028,0.18224003913614276,0.17069256319372508,0.17523102446015565,0.1774117173929798,0.18521224672567752,0.18822213703560245,0.18584402379291584,0.17214796770421426,0.17465322123365284,0.17476594111609883,0.17163770544803159,0.16691347542904883,0.1708211730915167,0.17029190350191237,0.17076151530692307,0.17013144865403923,0.17854598969908533,0.19514942680288483,0.17951353534005143,0.17523041923468372,0.19063537804687142,0.18563296438325516,0.1872527480678276,0.19052589043209314,0.19304764144059716,0.17822798618937655,0.1778886339185949,0.18193300799674159,0.1751765222028797,0.17458330066952163,0.16918022569699248,0.16054404460110172,0.17162545436219812,0.16731238884310018,0.16713234241407024,0.1717862898012062,0.1749962732594238,0.1714803258130555,0.17322931976291683,0.17702181938380196,0.1813110195342504,0.17499244533509473,0.18832032716898323,0.184535998888643,0.18666951538492432,0.18861681194033306,0.2019015764808919,0.2027179846687763,0.205097751879792,0.2001652576890546,0.18661321713612414,0.19042251640705998,0.1878633662401295,0.20024795056597175,0.1806195267387462,0.1909673844928486,0.18547500864692754,0.1944076721375487,0.19891252483057495,0.19156845647031726,0.19238411064116304,0.18080394408117226,0.179970573253001,0.19080392312441904,0.1834076304498851,0.18784857288119136,0.18935204506200198,0.1836716383860416,0.18972506050550458,0.19265083690702042,0.19048588500347272,0.19448772668489475,0.19314047715572794,0.18548777853901074,0.19472418732428973
80,0.1927569740442516,0.1798060911913466,0.18064493951713922,0.1925924243100066,0.19461714623582801,0.18724102073656668,0.19891869894182831,0.19545886384812597,0.19528771774083248,0.19987665418365597,0.2003780057493106,0.209278445134322,0.2028379067221863,0.19342931774737432,0.1901492426547767,0.19225498080009412,0.18674393247938786,0.1895400103483294,0.20651495165815612,0.19822603768547684,0.20994319394375396,0.20082330958041494,0.20048420835421935,0.21172224968412925,0.2160039037261338,0.20459513379673455,0.2090589187980187,0.21586160407807145,0.20353633496290036,0.19462377856242494,0.18734771475930606,0.1829646124112461,0.17460010478164462,0.17163774496907835,0.16938252396865672,0.17426449014947448,0.16642830879257936,0.1658408060771563,0.17111957778483797,0.1726862266973002,0.16632031544038806,0.17077323285793444,0.17005895263469153,0.17470723885461173,0.17900835432964654,0.17708998452905486,0.1723494889588682,0.18259101381634804,0.18363696225450177,0.17903263349393395,0.1871467545092396,0.1948068392691281,0.18849962909735277,0.1882036318726437,0.19628645880415357,0.19133754616840618,0.19159060110428144,0.19820138274497404,0.21215706563645623,0.21508063004273648,0.21236835351967268,0.20628730398054837,0.22379820556891256,0.2132940791518638,0.21982769189201595,0.23180729546130086,0.2290154594890354,0.2153751039168893,0.21821650713789623,0.2316150629173651,0.2226534351924548,0.2397281864778716,0.24791836551009672,0.23537714999524428,0.2419282589362053,0.25595168914011546,0.22394981086449867,0.22356252188137782,0.2168440450021329,0.21594358148880494,0.21553872028586746,0.21329211464984235,0.21415079944617946,0.20900125791244534,0.2129624331088417,0.2265985883527885,0.23312776494045648,0.22733054860635038,0.222892882168628,0.2287645890654194,0.22283335545874355,0.2281801177980855,0.20530210391551687,0.20803509234831574,0.22142023124683427,0.22108944017291296,0.2082555096434261,0.2116980706434776,0.22011705822058802,0.21007738365969109,0.2319106002637763,0.2358264970152644,0.24166085071969257,0.21898189011119806,0.22949361127664808,0.2238809288168988,0.22859519635796635,0.219084120259623,0.2208676955829789,0.22683668924944242,0.21133265053755573,0.2130653854155066,0.20538971865245045,0.21824208395637656,0.2188490672703168,0.219981622037973,0.22466235136910476,0.22894359601695125,0.22901841254253963,0.2267438414001333,0.23145166002991596,0.21766254358887088,0.21872453403787862,0.20998085512147732,0.22418647066769093,0.224899142731995,0.22861735718350187,0.2096088426333638,0.20860686671354606,0.21621031026571155,0.21110260863492586,0.1976886201131423,0.21241657401915023,0.2009662320841825,0.19628653111877076,0.19893685596988522,0.19103990786624853,0.1859871330825631,0.18464132159172247,0.1802447401001475,0.1761888415235633,0.1876648344363989,0.19030092531674647,0.1789349185700483,0.18283477430497502,0.1801491428128969,0.169769980980285,0.1677130665994224,0.1712927571967343,0.17178751601848782,0.16954535656215855,0.17210643153190697,0.16830727943772866,0.16593805679019394,0.16595643616842715,0.16596090713579867,0.16745819279445456,0.16304140155127883,0.1589607488392416,0.16174847696027048,0.16493818073741334,0.16948852492517127,0.1570145865680458,0.14953470559058993,0.14563373909038568,0.14484549757588866,0.14019805867858418,0.13852909595142857,0.1445519650906732,0.13610936254050185,0.14514397073629798,0.1382216267701769,0.14637031248321383,0.15375562040486085,0.1490084852828,0.1463716606098205,0.1488082467896008,0.14498597718869186,0.15533703096198728,0.1538020060376945,0.15532165162389197,0.16591108367604956,0.16476315517521628,0.17051080313316194,0.17436097947209925,0.17091052175856852,0.18507467695475818,0.17431188525970215,0.1766337136941715,0.1799058145683375,0.18083483740199363,0.17350472248550566,0.1897858808990308,0.1857724462835695,0.1848286536554898,0.1660548635152234,0.17687864393349473,0.176986198046313,0.17921159289058236,0.18334395690448912,0.18084179120862565,0.18218184669156784,0.187840138592733,0.18442878280352284,0.18791238297176935,0.18819804167775203,0.18428016820888976,0.16969752176577063,0.1894271826274032,0.18364867528860698,0.1742115320340818,0.17013712900985917,0.16922803046367146,0.1619358480497249,0.16199238517108372,0.17691461024844732,0.16297909428753787,0.17049199788138847,0.17038234844644548,0.1811325495001989,0.17997649923565864,0.17796319741761923,0.18329465465525907,0.19544579902364415,0.1951420890853691,0.19867901582025627,0.1989390363904599,0.2040705429661026,0.21280454538150465,0.2146582082560754,0.20296670903884478,0.19218885526668844,0.19576819202070966,0.18607811588409323,0.1831414296160331,0.1922935866728006,0.1812833841963855,0.1952138469987316,0.19769957695728568,0.19648833837241536,0.1920296542643402,0.2014144709818093,0.1950764977464103,0.18585459375895688,0.18737610198056,0.191828044672865,0.18815999809539435,0.19742239673562742,0.1980551227357159,0.1816216847752252,0.1957777531478266,0.18639694925042566,0.20488350730110497,0.18984567166097324,0.19062927668141422,0.1939158463234563
81,0.19543125457639363,0.20305146161632362,0.1858415846553532,0.18990180819745994,0.186537563571181,0.17769683804689723,0.1850636826063704,0.19081459944023968,0.20569100493708498,0.20909459179911724,0.20397074398996481,0.2107491831484772,0.2084129495689877,0.19207759089132226,0.20968786605325454,0.1996352403570573,0.18692242215080307,0.19763652992428976,0.19763708966724344,0.20339628203016719,0.19813284242745866,0.19525360901253097,0.20203070530653536,0.21220553133333997,0.20198478668350484,0.21845882830342842,0.22106062827812534,0.22737609313816906,0.21634153160467132,0.20094050991099358,0.19666529142622943,0.18961565910669811,0.18830280959122414,0.18211528591689685,0.17666902001103876,0.1696052533662742,0.15553853354329852,0.16708070534231254,0.16923749951372738,0.18474785297713012,0.16957268624735425,0.17647459748454897,0.1685198640125002,0.1724416620196439,0.18578553610479695,0.1725959497265505,0.17571320486675862,0.1820546181133425,0.1839518669934848,0.18261640963561365,0.1857887017556107,0.1902260105896307,0.17551389331051923,0.1784672780845914,0.18751654823046054,0.1921938116799621,0.1884086770098654,0.19842984813396128,0.21187640721446166,0.20287774545984621,0.21210929476714854,0.21047106566407922,0.22022250582743982,0.20475999015639873,0.2169862428467683,0.23207058659303761,0.22199331678279877,0.23308026328884135,0.24529404219092804,0.2235930499291335,0.22815437444763087,0.2362696837569343,0.23676925083810593,0.2451803722020567,0.2390218480949176,0.23616884192612453,0.23206390716074765,0.233182578307665,0.22516568229048847,0.21195301562354074,0.21661064721744325,0.2276478746323434,0.22378923927776237,0.22917661474052697,0.21424766627357347,0.22100591637722852,0.22755941047730455,0.226296845457487,0.22833369254507016,0.2164166648818529,0.22668626141448342,0.21322331938041186,0.22318535827886787,0.21855925417960567,0.20896997944643933,0.22071655045370558,0.21666182649492485,0.22268450567607523,0.21758151681247093,0.20997311928338858,0.22114514023917814,0.22248236886503062,0.24467083268171927,0.23236633065025067,0.22558067923205602,0.22943776317350456,0.22627345072519445,0.22337681793488692,0.21085276477065373,0.22044908470788943,0.22315041559156024,0.22942920487355917,0.2208290478982653,0.21691965248262202,0.2106363885503848,0.21410257965287774,0.21926943624113454,0.20805147542616215,0.222129275445072,0.224971756939882,0.2156452021240334,0.22738316121085828,0.22254103318309432,0.2303674950814021,0.2141150033464062,0.2241164321270817,0.21952955648707906,0.21926186307389067,0.20156668806917086,0.20181148588011388,0.21144265333577283,0.20586992201144516,0.19792335769984148,0.2098100561520687,0.20623586853615095,0.2003435984307611,0.19663345492363996,0.19196696555601472,0.19762873009394638,0.19023560328501285,0.18215948928893833,0.17937049225643914,0.18931219892854279,0.18702876236917504,0.17590338625897697,0.1736137428831676,0.1725204173135674,0.16927783658751097,0.16735970435651745,0.17577366169908692,0.1732485067249109,0.1753301078693184,0.17349473503828128,0.17760631354218703,0.16678120219478512,0.17451802922620743,0.16885055792782183,0.15725084940303233,0.16577800157988487,0.15652618487480974,0.16724671643751526,0.16512422792993187,0.16814613922377977,0.15075023575625948,0.14688789258185975,0.14370338557475015,0.1453222120707552,0.14127782492332797,0.14172158474081525,0.1423301804612132,0.13581570739741716,0.13986691632325096,0.14781040263065234,0.14188353490356784,0.15048423332316674,0.14771887789659183,0.13848412777219823,0.14617664840854835,0.15767505821112282,0.1528744825339539,0.154398828213467,0.1578781395540222,0.15145757534222148,0.16999545099476066,0.1737569961328019,0.1715233301563017,0.17479548075955936,0.1775103989241223,0.17150378139076264,0.17397450119645436,0.18252110946815758,0.1782590550494219,0.1799537909343826,0.18028002100500934,0.17582770196857678,0.17959969714883917,0.17227664281473345,0.17243125931950276,0.17846740136546224,0.17827342161081786,0.18297169024683932,0.18264723414080644,0.1800044741658825,0.1934825043214491,0.19162479356382847,0.18216548734714827,0.18405948392665375,0.1765346659067829,0.16771990201155748,0.16442736608183664,0.17908066564819602,0.16699658879728516,0.171483050286188,0.16122830936136215,0.1590375219032083,0.1662818700298844,0.17025293206902695,0.1743459647295127,0.16262975210134098,0.16970170276720353,0.1844219883212266,0.17941010484715364,0.18215323977404843,0.1859192248426829,0.19339351190973242,0.20685865663663733,0.2089551599002295,0.19958218411957224,0.19508991072934928,0.21230498906642253,0.2064570891948539,0.19876569427620858,0.20580162518535283,0.20008836249056514,0.19021707536333216,0.1869612056446618,0.1831415982956011,0.19518987682246552,0.19368108082799768,0.1938916917593789,0.19097015474045406,0.19259747982543432,0.1952324750221656,0.20076294604446834,0.20134462945995227,0.20060587142441896,0.19494854581884974,0.18962081112973195,0.20055995338056876,0.19285895090509939,0.18572330352078736,0.19762435249439952,0.19507462018206068,0.18931276560907223,0.1946318900258375,0.18792514759071954
82,0.20719634973855783,0.20189054945933857,0.19757882119816578,0.2024469694785537,0.18681614239501398,0.17164612363645293,0.18205541458795935,0.1841528311293203,0.19856468904114968,0.1937583823605723,0.19893972350273592,0.20065812510513809,0.20186063263203055,0.1991321157111452,0.20004534043073138,0.19303568452898764,0.19796977523236048,0.19742096026215133,0.19393674401150718,0.18509078613306795,0.18977840837794635,0.18659749104187193,0.18241766822217698,0.19906098558270943,0.20180703421703328,0.2058659401726395,0.20766289301089044,0.22261585903094566,0.2216945414128062,0.2076572507820565,0.2066892550613428,0.19681854639624538,0.18691101677203226,0.18299515860103477,0.18149806530683987,0.174695331823186,0.16499903338844402,0.1561180075578567,0.17765224497530635,0.17088820972277827,0.1825352731296822,0.17016541608777894,0.16779051228336983,0.17814059559432946,0.17661024784622706,0.18746577862227307,0.18499696348033487,0.18593369501120735,0.18298175978239403,0.1771004236145414,0.1816974364767169,0.18881374227075828,0.18375856892435122,0.18841344916742261,0.1857324125551874,0.19258710285818262,0.2055688943308904,0.19977848804664766,0.20492700834817723,0.21423454427079444,0.20735466001992478,0.21407172074000286,0.21676062770933346,0.20503396014842426,0.22124333685522685,0.21710948641584482,0.22529134096041242,0.23031138128430198,0.21456624453932166,0.2273829517833238,0.23205268614728367,0.24149720013345644,0.24242717461576171,0.2275344706385292,0.25267134956057175,0.24515237218696476,0.2355015121125139,0.23771730608404124,0.23839700772964614,0.22010864486631473,0.2282618853289733,0.2423002152790967,0.22694519914347763,0.2129121767170114,0.2229006320737556,0.21437562324781845,0.2256207299695252,0.2397577200052745,0.2443666302129655,0.23419542128418316,0.22844549600745973,0.22213382758858477,0.23834755432109894,0.22832428167516736,0.2147488762951801,0.20506224137631912,0.2092038150110871,0.2176624934702239,0.2218562663948876,0.22540606633542076,0.2184688889359109,0.22458233866377553,0.24218787687269666,0.2568159542301631,0.23799125545030148,0.24293903385029314,0.2289972674100105,0.22639915417532464,0.21593289134127727,0.22100795192631661,0.2146319147669017,0.2327572942621797,0.223074845053655,0.2296724483061003,0.21515393826808474,0.22229971197445558,0.22463384971679481,0.22722933631382308,0.23124460003747233,0.2153608219087403,0.20769894951650233,0.21580415393374444,0.21948760520076577,0.2152177565713316,0.220794016565442,0.22034099182583367,0.21677205762486948,0.22354635863336633,0.21003873790270264,0.2044016512941239,0.20689176280686078,0.20251713275448138,0.20783730388784633,0.20584527377039313,0.20278517878729957,0.20059006541545088,0.2016880513637152,0.1965780623698054,0.19262107398549289,0.20000321182621936,0.20124737301098133,0.1863858763525436,0.17227664281473345,0.17234683008863866,0.17846021012373514,0.1781909322667943,0.1711741973100707,0.16765240969731207,0.17076941866749717,0.1771931382680004,0.16789582622132335,0.17096098052341654,0.1662245247727799,0.18111887001882204,0.17064835257810623,0.16606059894607045,0.1572486769172692,0.16307203843216636,0.17590743663075853,0.16822947902497726,0.168062685917058,0.165003934484892,0.16224622469570615,0.1562510699803769,0.15879060375782056,0.14406251755782318,0.14444416411066993,0.14458292282280388,0.13952434744521938,0.13984888237928164,0.1342205456402263,0.14948995115931457,0.1489745217870599,0.14034986524863172,0.14545578550733732,0.1450313868851481,0.1443843094191444,0.14676821082307476,0.15445678826936626,0.16065354012213115,0.16304249026334594,0.16391507622404627,0.1628723640152977,0.16289122898986289,0.15899211990415066,0.16047530138661356,0.17124251594879744,0.1691364067877873,0.1658132378913778,0.17401512587566992,0.18210543178885627,0.17660520533267737,0.1695292731495022,0.18228360122968354,0.1979394093505403,0.17316056731701113,0.17549708207163273,0.17343434320936452,0.17774573964424192,0.1857727029378661,0.19668392661615797,0.19072683413321878,0.1802927653351785,0.18920286133626804,0.18769452303351325,0.19223090032845835,0.1794217961571034,0.18485959618045875,0.17781025304029818,0.17021232344771814,0.17778462499267852,0.1748952441262225,0.17754518549337003,0.17435126390278038,0.16851443166148533,0.16344144753028086,0.1677325308786136,0.18149468022901677,0.171120799243103,0.17069095176131038,0.17943600852795902,0.17838009874544233,0.16825008798236488,0.18019851181528962,0.2048086052364265,0.19424426264913164,0.19543729813080335,0.20550410431467614,0.20937416867113562,0.20128200043081126,0.21204966954583038,0.2124417645354032,0.21452217917715863,0.1933768136925026,0.1931542640416671,0.19189881812876333,0.19797803982491813,0.1854199245415299,0.20646060707394248,0.20083866227082958,0.19624991621322185,0.19747318915465498,0.19584217332459755,0.19873547172210548,0.1960518252710802,0.18891954894247306,0.18767447083158054,0.18981664806174403,0.19526358113011058,0.1907637275412818,0.1965927736460212,0.18863144862915202,0.18555809275232496,0.1906484154317954,0.1806580424281829,0.19940805203245165
83,0.20964591283167108,0.1930337732697641,0.20762335282116018,0.19428510213979144,0.1955031638383441,0.18452125510620918,0.1923169221912528,0.1951016894004798,0.19934076518444865,0.19423393112680287,0.21037561568916627,0.20149609782117364,0.19260395462672333,0.1968367020831122,0.1979095220575236,0.19174912904898164,0.19860652378190846,0.19764582732374286,0.19723297248819774,0.18233510857925878,0.1795165941205203,0.18602435183536625,0.19255792617747627,0.18165150483907658,0.20251120134086226,0.2173040397171292,0.21664706008230375,0.21316298833885758,0.21908578498338485,0.21499031696848558,0.19885676498278892,0.2035066475342431,0.2031081357682352,0.18303363298873898,0.1862188755889348,0.18339475039605366,0.18417144688022735,0.16861002780143197,0.15776040045476925,0.16139627237811813,0.16859469306081257,0.1757001369469388,0.17942910877708954,0.17254620030687617,0.18249244927824881,0.1833203593962234,0.1916509163018949,0.1973274483314023,0.18250816559926694,0.18160692293691105,0.17978092060872036,0.17552476489684626,0.1840561782178729,0.18131381669896693,0.19134137917433774,0.1980707700440982,0.21405949671387262,0.19688181302520893,0.2075771285562244,0.20241071081055562,0.21704490725402517,0.2162872406363403,0.21119089953333864,0.21966693986303545,0.21198752284991923,0.21070245702775287,0.2105038775057931,0.2283579838454533,0.23070499630451313,0.23340814118725173,0.23097533198446768,0.228819904494917,0.2427811140854106,0.2543349243413541,0.23456159168452298,0.23991963939671884,0.24367871734714633,0.24702692938282106,0.24809093736113957,0.23998544347366813,0.2180797295983215,0.22263118605810994,0.21522960071426364,0.2221083061010107,0.2098939400324811,0.22538265989994655,0.23613627062096687,0.23913905019792583,0.22163977468900709,0.22921308161873,0.22766962908373198,0.22895630097634462,0.22942069971891077,0.21995173901004675,0.21137440592110016,0.2080334636917826,0.20638683924398313,0.22054356982705728,0.22888118853031097,0.21890223714043106,0.21741529844915458,0.22579077799520147,0.24479818865898367,0.2502892517706144,0.24736941385423034,0.23472978447217058,0.2280296391527508,0.233000149670238,0.2134031373876419,0.22631883558460217,0.22681506661381026,0.2262580292400502,0.23164962420345164,0.22842692842573162,0.22825720760441512,0.23267102335453466,0.2290513205721005,0.23603869235532063,0.23016718170284586,0.21902944363804613,0.2223427127091107,0.21460938005388847,0.21918493452189175,0.20798250276497593,0.21384952995154022,0.20867926576782184,0.21823263676663524,0.21686286949950476,0.19884176066979106,0.20226902917628464,0.20217188948611506,0.1895233393790291,0.19593817110088738,0.20386315448420028,0.19909020189013202,0.20259860934580617,0.2049707546125963,0.19928742377809788,0.20109645742343626,0.20246809656114506,0.1902748989626608,0.19071163963762255,0.17539334064538503,0.17429755701285501,0.17492714176024723,0.17784083958659425,0.17990324624630033,0.16696571438604269,0.17326542173438858,0.18274159029189005,0.16964434997762823,0.1741481639351885,0.17326717716014078,0.18630289348043955,0.17246779065227458,0.17002246174081775,0.16608319847152497,0.15911282991866618,0.16042697701289205,0.1730158935378007,0.1661207181792842,0.15781344485540202,0.16393315604196249,0.15980100268344244,0.1607826935470399,0.1512199186172793,0.14387290078585516,0.1500907749631596,0.14934579532349185,0.14942181245316435,0.14360944374032933,0.14644717552029277,0.14366732316963807,0.14632380971814657,0.13879026340616613,0.14484716518090568,0.14630763830672391,0.14390636391607564,0.14954159207683548,0.156540962581609,0.1644149482083049,0.15105357214038756,0.1590637071746951,0.15654817172534202,0.15434693153692916,0.1578181688516176,0.16544448699165934,0.16658469576067575,0.16897886939315013,0.17137820904201626,0.1780349635575771,0.17961652916145887,0.17592821650448123,0.17357397127790047,0.17446186066982564,0.18444585504488076,0.18931193738425514,0.18320106752394638,0.1726176897979121,0.1801841560718691,0.18781362711635086,0.1908341962080783,0.18912659340127513,0.1887835723576332,0.18273670933156008,0.18749483131583683,0.18234694851095817,0.1881709164232092,0.1795426785413559,0.18114456160400264,0.1736247766212583,0.1809240079653463,0.17379392838908117,0.17287599789107172,0.17210032877867257,0.15694554771632127,0.16463410232552203,0.17586547930061017,0.17554448904749562,0.17199637745447763,0.17427552511631844,0.18126940115168977,0.16773511856202297,0.17136648943934443,0.1892248196570566,0.19791833555974847,0.19790070439094062,0.2042805883500084,0.20933517026471615,0.2152278166175655,0.2195448226794876,0.2124890720806786,0.21496274537071336,0.2130942837846125,0.19828219594284296,0.19683113192521107,0.18769517130854893,0.19684128885710336,0.19042076255894613,0.2045864186748127,0.19356703601560366,0.201430643428982,0.20023964193356159,0.19233419318376432,0.1933522365398635,0.1978349465603025,0.19862473006458473,0.2006180431772124,0.1936211075309739,0.1957993699583276,0.1939956090050377,0.1853456936419591,0.19520946445710935,0.19123188237644184,0.18446917267363125,0.1855248546449654
84,0.19813673400290766,0.19911653081391395,0.19769154703782207,0.19414830351716425,0.19649364093667668,0.19083204310154517,0.17808998609396012,0.18868240358764235,0.18615105418583894,0.19047474463628722,0.20240804491980724,0.19405833461574673,0.18663530465369232,0.17993162409772898,0.1886925267140466,0.19988558198285558,0.19154463840681568,0.18260408969940403,0.18722653504725636,0.1757114651185648,0.17884112782748401,0.17892610171172796,0.1822620706856325,0.18304189360523193,0.18429434106753373,0.19982581916947703,0.20433087745946596,0.21398542813340107,0.21899484906262684,0.22594841543900707,0.22765039070354004,0.20624983035243927,0.208962713888239,0.19203982431988256,0.18393716988115127,0.18381971989962068,0.18684832113889385,0.17613379801761403,0.16101387426903782,0.1606965673983672,0.16321865697690202,0.1650505211647602,0.16888535846716773,0.1783833435842692,0.18211201512591702,0.16962864775820394,0.19092592352534238,0.18978942061697604,0.18426289916282068,0.17455878082432033,0.17234198866909062,0.1709141816827379,0.17966620726948046,0.18090567880521682,0.19390021918236774,0.1972845656453394,0.2000702800288224,0.19151173906445715,0.2116301793540688,0.208203727270832,0.21418729198754272,0.20785410213068767,0.2164678481700775,0.21654855994352037,0.21293541575953265,0.22518922174755818,0.21563854857154804,0.22192462770919819,0.22981781962288597,0.2273648893842308,0.21948573526984627,0.23065825386641192,0.2583598358854629,0.24136539242851957,0.24199182787835022,0.24395919970029822,0.24041275208968005,0.23663920629490137,0.24443663700393317,0.25037231215211314,0.23475978332325312,0.2260573332416847,0.22639378481482655,0.2292760019420298,0.22608762931713353,0.2212682494634337,0.2283092986883025,0.23366453430135273,0.23567672797510802,0.2392885400592765,0.23488030381969988,0.23534631358567026,0.22099283842152295,0.22014240159229045,0.21807817294776038,0.20051664062167032,0.2105833838234128,0.20486836430986194,0.2231082860976861,0.22057993276053892,0.21133012017336827,0.23159053180054803,0.23305600629244375,0.24128626455768193,0.24607183053768356,0.24040278802142526,0.23678947793004324,0.22353019655393436,0.23186206529855988,0.22016693675545965,0.22620270810189572,0.2323110672552762,0.2298277154100327,0.22714448670565618,0.23044245855502157,0.23067232871762938,0.2359315929728535,0.2214596453031871,0.2319053137845091,0.22898498198289488,0.2144489874502011,0.22233308801273463,0.22005183780119061,0.2157179080428994,0.20931767395878817,0.2217125617554371,0.20928740832082035,0.20096490401946068,0.20297692552583632,0.19747531715660588,0.20378285855784667,0.2023455976202598,0.19299061940765588,0.20255305136132404,0.2033284266009172,0.2093020586563889,0.19656352418398848,0.20963287959286242,0.20086659607908214,0.19697238794445732,0.19719939127263428,0.18629688788152451,0.18611920980178687,0.17813957013758128,0.18104932083502043,0.1855752695318776,0.18564540317875253,0.17183427702672033,0.17204925642678254,0.16590585002448277,0.1824138039668343,0.16757807604447275,0.16930371973389294,0.17938825281599985,0.17051260917464067,0.16554295376447378,0.180231086168112,0.17185307204915912,0.16536667720772721,0.16698286185982847,0.170534086829808,0.16309640937527684,0.1575821421779637,0.15669098115663313,0.160434660649618,0.15757016870525392,0.14949717981407634,0.1480454280439725,0.15140701590944777,0.14957361840416358,0.13846818511553768,0.15208766772191093,0.14433444945637097,0.1403766907150433,0.13577380841372474,0.14401807444303544,0.14391763048313136,0.13813476716660814,0.15736965763765676,0.15082036934495402,0.1548388724184026,0.15424425598656008,0.15651969754177014,0.14524828057937578,0.1594017555019718,0.15700229470802593,0.16464551315024448,0.16894167665248955,0.17730904880996856,0.16893307991406709,0.1641583960230273,0.16496932598170938,0.1677020996275699,0.17146583550217517,0.17752462339540268,0.17903387021182457,0.19283745891407275,0.18044742956181048,0.19071383529915423,0.18614158173385653,0.18025378795619615,0.18794046627801356,0.1863453242619843,0.18483124973430798,0.18005554480560765,0.1879079263768235,0.17997741094261713,0.17998785446085608,0.1804692028427329,0.18860195925107992,0.17897113816710825,0.17840577155247114,0.17517297268097307,0.16300934411703705,0.17026512438552244,0.1765270647805449,0.16606805530232943,0.1665568505114142,0.16702231542469972,0.1663107798434424,0.17599632526155432,0.18485218993268726,0.17071492830201884,0.1757350543338405,0.18687611633273374,0.1987642342985609,0.2025657377199108,0.19805949163534925,0.1853035758114754,0.20847553643162509,0.2091705315266204,0.20895005990988386,0.21142868078052465,0.2160176315017159,0.19908996259392342,0.19191870301005418,0.20872664862058288,0.20810504080656253,0.19668374093483987,0.18835840316786073,0.19726883055059782,0.20675265727411105,0.19881825603631698,0.19667963787532566,0.20107053338948844,0.1866821525925009,0.1989059249725293,0.1918382923957682,0.19902547999871995,0.18419468740592274,0.1933085663734383,0.1915117831616698,0.18801175354096789,0.18828446991322426,0.19380666128104274,0.19600577619840637
85,0.1942372407321415,0.1944451880063161,0.20290613107067615,0.18969548751745213,0.1985646433199456,0.1904360215786127,0.1831364958074012,0.18084287386125927,0.1867947646630438,0.18960740742925905,0.1881723462511469,0.19807960441003156,0.1821517298563022,0.1826525332837394,0.18831338931953515,0.1881490804010987,0.18839058729198502,0.19311255060921154,0.19143436410001335,0.18864039624456824,0.17904603172612332,0.18379030564525475,0.1878462371941646,0.17992864110575302,0.19050729037208028,0.18704654904502926,0.21097019291305857,0.19891348666023076,0.21395020157776867,0.2102710580459387,0.2151672156724757,0.2171741347986221,0.205093501628597,0.19941764261284078,0.1860842429729154,0.1788490345030254,0.18606834723665383,0.17584106279828482,0.16004105293228793,0.16766186779560566,0.1589331532777526,0.1621382943322707,0.15936134994861503,0.1727940166264889,0.1772703082983367,0.1748854987871392,0.184251146953779,0.18907930617775312,0.18287666787011753,0.1820232649339684,0.17804964003786022,0.1758061648290669,0.1900215253678226,0.18271731301049668,0.18602079667307295,0.2010465801270183,0.200961197515916,0.20315961914346464,0.2078533842292918,0.20979435581053701,0.21497868399599662,0.20733852277877213,0.23183387803531105,0.2088411134431859,0.21740068091759274,0.22080042246070802,0.22802958664699208,0.21924076056117459,0.21989669395835212,0.22569700706482176,0.22321249402149712,0.2200132822162787,0.23103283108271871,0.2397648417179643,0.23254911977693296,0.24484881133815103,0.23119194570258916,0.2409418274650171,0.2506325080139936,0.23221950768370256,0.23732533358983057,0.2355957219077891,0.22852467501262333,0.2261742193472259,0.22448545129122247,0.2303344509922102,0.22668840147865107,0.22577211426759441,0.22679856376688143,0.2280700721758995,0.22406055118792176,0.2330017591838109,0.2308077035770341,0.22677193195802908,0.21415227875260415,0.2084857133724595,0.20832346956841982,0.21559734084245652,0.2144862716125922,0.2157742918636148,0.2133522857329187,0.22480646678707894,0.22331407676378567,0.23836923352022693,0.2398410407188466,0.24352407365425452,0.2479132849692736,0.23037025338986777,0.22826183276973788,0.23206695295802676,0.22169694063735595,0.22848358268205377,0.23991682199279707,0.23824774568040077,0.23017417753884511,0.22534592033181997,0.22812012453366998,0.2372949522599302,0.22548382843968653,0.23408856535070066,0.23020677457805197,0.2273760407828948,0.22629945081119926,0.2223878212259558,0.21355610929658783,0.21202579485820308,0.19994494693693785,0.21005527877066374,0.21886801542990103,0.21727407015750436,0.21471298022464516,0.20715293934913293,0.20538550964256888,0.2004292586024597,0.1977100928212332,0.20035043052144547,0.20105416301195728,0.19108130559007866,0.20309375530904694,0.2070796393771799,0.20365197209529232,0.19381152553607256,0.18121439773083506,0.17773673582910657,0.16888504736912718,0.1745307279147476,0.1791228538654124,0.19053277817917008,0.1788006939419391,0.1744416556619529,0.17369143370989734,0.17562280123638446,0.16426116550045344,0.16503026612276284,0.16960209009849564,0.1677796561452856,0.1794705939115904,0.1693749967947896,0.16914984337990502,0.1710201566890735,0.16759725452198643,0.17761547434019204,0.15882976743937796,0.16672725500022045,0.16088460923150197,0.1593696797739692,0.15395223565555832,0.15226532016024644,0.16327564196897548,0.14990185252414623,0.15421051942672748,0.14734655961791374,0.14007157113153426,0.15004585410517796,0.14172191106719928,0.14998851316897396,0.13712700794969548,0.14189268276800446,0.1499850595955894,0.14967973307086077,0.15082800962662063,0.164710126221061,0.1525039175266914,0.15341859458296442,0.15534811933641585,0.14841882874204096,0.1681593422661747,0.1674786301386221,0.1714946988841074,0.16640470440151206,0.1621317610625596,0.163076882289563,0.16779646220861874,0.17472160077962776,0.174745580181647,0.176211318172052,0.1868396306109934,0.1821914532476195,0.18037722447251822,0.17684732701809677,0.1904743937691643,0.20108020531634915,0.18721679232710983,0.18029230868237958,0.17900818945693522,0.1793894919904302,0.18116228925400832,0.18065176123159624,0.18581103395989756,0.19310147894040858,0.1724779175545532,0.1814840657030117,0.1769446352976028,0.1665541276032918,0.1743971165056486,0.16565322678873237,0.16855645933950952,0.15881773573821087,0.17345227483155307,0.16958916427168685,0.1814170497257444,0.18466343083775666,0.18267040851087316,0.18375349155759976,0.18476886881637924,0.1953681031898756,0.20645552043026155,0.2031232188071926,0.19130468239581622,0.20411809665372405,0.21105303412136708,0.20712718363780724,0.22032785175208086,0.22333042891177043,0.19963568302662277,0.20499274924994226,0.2090247920288944,0.2027081826221625,0.20304129748006494,0.19688935216598694,0.19498808318373645,0.1909758272776068,0.1872532223503532,0.19252223731385487,0.1897422298055078,0.20511872107482246,0.19155381242134695,0.1999202222863712,0.20134099476572354,0.19785541466277062,0.18999378731013947,0.19741415988401745,0.1975549654774377,0.18357253278463553,0.18482486599934647,0.18244690480620762
86,0.19761619822239865,0.1884105424752481,0.19813188437254323,0.19120431985007377,0.19096725257729832,0.18314994812839908,0.18814630775421445,0.18133778223688649,0.18383893693287864,0.1832364207954079,0.1803792596201493,0.17541519072904216,0.18660041272963376,0.18033183418833743,0.18646395860642162,0.18254611726915668,0.18093875595590278,0.1902227693315804,0.17717690052135424,0.18032020814011152,0.17629682865880159,0.17637661361245832,0.1859523623357559,0.1836696083832924,0.18458036480830137,0.17980066762653463,0.19069811492003463,0.18552575173934016,0.19540653779918232,0.2138724280907738,0.21473725638687352,0.217835772430727,0.2168435457008422,0.20334044516248098,0.1946300974081384,0.19169354990285667,0.18058921076882295,0.17589249122174358,0.15992586191085192,0.1653313835171668,0.1551047149810073,0.15760246288038368,0.1604277896878351,0.16190039189315517,0.1697790112374552,0.16780345557229712,0.18203738996269328,0.18755752794718603,0.18184279581376478,0.18411797936192117,0.18852432738847466,0.18915032855458536,0.1935091030924316,0.1918389991554578,0.1990807059021595,0.19323722849925778,0.20318909219669956,0.19636530207242855,0.19809267652819182,0.20562991689574744,0.21006625837009263,0.20723428164475957,0.20990031967171047,0.21455675885390874,0.22896484163575728,0.22877707337946107,0.22762502159242945,0.22535173184211363,0.2242255510513622,0.22437429430750783,0.24321519263142105,0.23484958657731228,0.2336432829850924,0.23359825810163484,0.22868079850005377,0.23988417566628423,0.22948848557677756,0.2200614650853284,0.22334508515618157,0.23636969782648654,0.23571824555924134,0.24283685519350878,0.22741353024519373,0.2249858474330208,0.22964986793298386,0.22269147918557863,0.2346626117623102,0.23906500085234092,0.23349635210130856,0.2240799505627209,0.23021795934125827,0.23116240276873384,0.2225762904487031,0.21873667190227686,0.22577003483915165,0.21896933528266152,0.2095222262602226,0.19772713335016373,0.20734974232522463,0.20718036793287808,0.2139979928535239,0.2225762904487031,0.22028914635946095,0.2403244737556745,0.23438164607159725,0.23140556555767502,0.2397710250819393,0.23967249669739962,0.23456326599437424,0.22320483606302102,0.24005192888613824,0.2392294269692644,0.23580423463249306,0.23792106762765508,0.23331507477344568,0.2188939206214523,0.23043784226494177,0.24953846542708116,0.22886190046916172,0.2479412006869874,0.2355723422145243,0.2356102065476015,0.22076346401913233,0.2192641349965993,0.20628279158622717,0.21402435652681137,0.2143518815312896,0.20735217728569283,0.211026113235072,0.2104205250809807,0.2178391330788453,0.20918864170941037,0.20654424565977528,0.196933708831222,0.2035148480484893,0.1983980411933403,0.19750085496875863,0.1840592720204638,0.1959689023118833,0.20380290962985692,0.1980171337893156,0.19766828760399469,0.19089998751918105,0.1842860239285259,0.18097925662093708,0.18176664868348436,0.18208958243766404,0.18872198679819507,0.18538099123152554,0.1804040570385694,0.16882528828835172,0.1760864346217633,0.1769034081771468,0.172752006353083,0.1679022438114542,0.16079646616588777,0.17213623509785655,0.16071425520922517,0.16936087937075928,0.1814238170487084,0.1753286545103683,0.1619215677174473,0.16996288722198466,0.16604476963805262,0.16592976572037027,0.15738342780713582,0.16086056879018293,0.15011289478695403,0.14956982998631668,0.14974523095838724,0.1520347974994014,0.1449432516389005,0.14546951805280375,0.14340259158068924,0.14496127494459246,0.14708216028823784,0.13672061397022564,0.14090227329357646,0.1445256728692803,0.14911900596840086,0.14481681777442132,0.1530491774992435,0.1531528207503077,0.15639612917116474,0.1578069041710066,0.16122585918342877,0.16964735778253778,0.17037611067492733,0.17094212562259437,0.16686390390165065,0.1686612054585918,0.16823970571083724,0.16111211541136916,0.1707778335927397,0.1752105689978962,0.17991148986157254,0.17967050976699397,0.17483166758881233,0.17368695444742765,0.18981966386169244,0.1853975539650434,0.18680224874159332,0.18831919975105504,0.19106903051542545,0.1896197195877411,0.18177192227799754,0.17975625023384623,0.18835866339479126,0.18074949808675062,0.18370031457166894,0.18849389990346496,0.18270048489902493,0.17402822875650922,0.16992117400404785,0.17474630444297026,0.17838083807061572,0.1707382398724912,0.16801958202557013,0.1613742363035965,0.18287001478352988,0.17981880201853526,0.17257957692850667,0.17907398572755073,0.17391930850051687,0.18066037193408815,0.20440532241421375,0.21723234980780654,0.21376564030164524,0.2049411646933516,0.21544796681421377,0.21800868735276696,0.21299440724977195,0.21967978760499346,0.21749741517773316,0.21607852171677472,0.22492135956911485,0.21605648185506873,0.2082756027534276,0.2009808922806907,0.20568631614221397,0.20065626312317433,0.19743170679179403,0.1993628222281841,0.19715233270097493,0.1979659234027923,0.1982044313570892,0.19295671639613587,0.20644363623722664,0.1937128362934556,0.19028528278824583,0.18695685770496073,0.1926535428551897,0.18972724480855888,0.18911026360349975,0.18774202591258296,0.18393450165529623
87,0.19610059888890038,0.19219929928661414,0.18789542251454633,0.1979054389961462,0.19321645067735105,0.19363207523686302,0.18442254036357028,0.1689543975159595,0.17591776550094407,0.18776701405240784,0.1854982001057745,0.18523698346101977,0.17414194868612368,0.17633616848316636,0.17436957137701362,0.18209100798422173,0.18751356902174757,0.19132358057798549,0.18556172452590053,0.1884694225819191,0.18772776081888218,0.18201354151557422,0.18291410652186757,0.18012753257428313,0.18384058782899446,0.19519495108070553,0.19530723874300193,0.20223869769695477,0.18984374827313702,0.19960396683471882,0.20292847421756605,0.18989323799542618,0.19459707138148338,0.20332276637136376,0.19892348080359423,0.1995292780942415,0.19725800658791992,0.18476091314665563,0.16443122792880743,0.1658142305719827,0.1649782528371306,0.1576191568462272,0.15945289183209294,0.1742139388719677,0.1617179770303759,0.16953321578667674,0.16992403021117697,0.17400655143574117,0.1699468033332254,0.18664162199256007,0.19227751470832294,0.19405047046451623,0.19363301153321963,0.1944575008774051,0.20635490671153262,0.19242154615928725,0.19434680260047718,0.19547562932692963,0.19326468356595566,0.20344167365700672,0.2002037739925976,0.2056584697449178,0.203193359126295,0.20958905523735014,0.21521978836543418,0.22159486892790475,0.2140121844834161,0.2123353488407668,0.21621867418379087,0.21610733115586156,0.2219358188987984,0.22954878585061367,0.22206079995999906,0.22641912097279687,0.23315712955911755,0.221240738769274,0.21808314422556813,0.2147516453873764,0.21026161700132062,0.22003967762323812,0.23789077436361078,0.23776750469213212,0.2274834991777776,0.22736541291183845,0.2263229524572248,0.2277681005217207,0.22853488347232362,0.23981950376408223,0.23979145340008803,0.21950569886869348,0.22675543224953654,0.22768352156796948,0.22675297828152835,0.225465190084342,0.2198021823051366,0.2136600373612647,0.21933982872084415,0.20970041985704985,0.21153357051647353,0.21469434234559615,0.22444921974594303,0.21662755599212644,0.21574125462162697,0.22778897480442606,0.22791709457551185,0.22930387820876943,0.2297287238132802,0.23073857171781306,0.2424052379868195,0.23737736245315422,0.24214460646267197,0.22431540497370808,0.2368302644909158,0.2367584564934916,0.23381738549567296,0.22272152930519284,0.21960847695365004,0.22715892250280809,0.23285785897694034,0.23933885002448968,0.2483897097537605,0.2244998214836829,0.22378336500592477,0.22743620494443367,0.20770918420106566,0.2072477861250172,0.20519959534077306,0.20130522156375213,0.2064588481269055,0.2177098106099251,0.20341863231148755,0.20707425139833086,0.1978096388324238,0.19875951118414875,0.2032629526677952,0.19865529256556735,0.19966767137370936,0.19488616070229653,0.20103485916064168,0.20379446288115316,0.19918686440098665,0.1918413844886338,0.200241785915027,0.17784542597479408,0.18666023145102004,0.1772920248027863,0.17997707941227967,0.17791993039526707,0.17701892539206068,0.18138000101843857,0.18277660238023624,0.17349117964583527,0.17610853325129203,0.16828650847728466,0.16772434324783955,0.16909664851750453,0.164761789408611,0.1694409977088395,0.16315601899727764,0.16909435131251793,0.16564105959783845,0.16723323848775554,0.16844921831983012,0.16521067287036595,0.15193191084925328,0.15731640016837792,0.14956776361702537,0.15195185281861504,0.15526586959716995,0.15294771742298163,0.15272917295086824,0.1478172097079836,0.14499332191081546,0.14562669724502877,0.14335736177128522,0.13754727790042995,0.14204632427837116,0.1440462643806724,0.14322241748125225,0.14693897296406497,0.15792285981214316,0.1491207227742847,0.148068951129081,0.15530019462694408,0.1610315228479701,0.1627489517495611,0.16439325703915766,0.16876209187478836,0.15852621848390425,0.1752091166298362,0.16999153674991188,0.16903012008297907,0.16798515328817606,0.18210656393815755,0.16927768067693352,0.17584984910930743,0.18046666803178774,0.17483525045216902,0.18994951980950484,0.1870112788110208,0.17933836250348506,0.18926046378492847,0.19672698224132135,0.18766842101894832,0.19190487175224935,0.17982170037854403,0.18353939677163242,0.1832827531882496,0.18012168456771968,0.19808208558315643,0.1879277871624819,0.18317913336266045,0.1821744218839527,0.1805872979976394,0.17406978784332022,0.18174036670031674,0.18085786510238464,0.17107695041366197,0.17323378722331498,0.1801005752585203,0.18191621023134438,0.17937057485962243,0.17828824090572695,0.1788507229529904,0.18433054196776627,0.196035321830803,0.2159336868689134,0.21762896668155854,0.20821456214639553,0.2212585184380376,0.20593862085496525,0.21669545377071162,0.20902012349653967,0.21434334305372035,0.21997767116750389,0.20693673852264752,0.22817969747516242,0.2257041268830468,0.2074755382771815,0.20151399362674408,0.20102414794301185,0.1963376325756215,0.1875581325621956,0.19762993599859033,0.2051540524048982,0.20218680988788057,0.19559791001839041,0.20665389725987138,0.18454572958052626,0.1843282924666744,0.19128864903845574,0.17693424613558256,0.17940444537006792,0.1875977390904112,0.17704542144883856,0.18315311104326235
88,0.1951042680450275,0.18999803088309503,0.17623339189506887,0.17784018439793534,0.1892180227616468,0.19369334531345536,0.1833391020705531,0.179272881884806,0.17816319815990142,0.1778964575216207,0.18220424879231412,0.174862305453659,0.17723394319353647,0.17661488383248602,0.1753991562983187,0.167891109835564,0.18467712289040783,0.18901401177557622,0.19440955223551265,0.184883817533811,0.18205751059044353,0.17150125403626224,0.18315707530702235,0.18767416833631712,0.18870334559110974,0.186978942842287,0.18991816261536246,0.20396401856972263,0.20209259474238161,0.20347754071987556,0.19924370500949107,0.20277087255279092,0.1937821633570177,0.2007867730482183,0.18709655890744364,0.19603848157233567,0.19552817197404454,0.18868957226910205,0.177584517650151,0.16622724229239447,0.17303912087334206,0.16910463057404562,0.1644356956688547,0.16328695863852105,0.1745060145456859,0.1644600810673177,0.16658435054314,0.17028100314835484,0.17330879393760174,0.18949672123785646,0.1818014739794223,0.19475822150614877,0.2085553811494792,0.20249301182314647,0.20045691853087072,0.1936133948415785,0.2000911682979654,0.1970121497718556,0.206132039379538,0.2134900308599848,0.2063841780108879,0.2000999729835271,0.2037601773689791,0.20598713632836055,0.20730505871670027,0.21667774142452495,0.21881223392062596,0.21526538488742725,0.22639263797763234,0.22445666198268066,0.23046283500924655,0.22977009298658765,0.2189207866361496,0.22645530550476806,0.236126810015382,0.21766625240077678,0.22049502754584546,0.21577861440332097,0.2130275143704582,0.21833934342929384,0.2179737019065635,0.2282675092370877,0.21840330194869695,0.21161073711699352,0.20296011486401241,0.22399338866921228,0.21052544789840089,0.20942026268009012,0.20887525831903042,0.2068585613747275,0.2205176725105236,0.2169604135500076,0.21875994222275721,0.22352247622778415,0.2099785826894756,0.22292763053627565,0.22827786389760488,0.2111547230269001,0.2076281813887221,0.20654082147111152,0.21878628801894803,0.22701486716700275,0.22274706996613122,0.22387582537666298,0.23760960918801474,0.2314647706549254,0.22868996077535536,0.22523916050437015,0.22837849150013095,0.2322123427448712,0.2388721948287092,0.24080644150657152,0.23009336739410938,0.2344408568495832,0.2296923335642688,0.23124688962839324,0.21716738406755298,0.2323369586324025,0.23327494730692722,0.23330110726840586,0.23347146045450923,0.22470875834648735,0.22810998712515979,0.22370721954413084,0.20105442226094286,0.2149747734785304,0.20586579796553517,0.21318414398572144,0.2176233042211016,0.20852503367412697,0.21199079327452316,0.18883695986654758,0.20356295657644835,0.2078576916748603,0.20538044948644715,0.19423755380583635,0.2031172369036172,0.19359966433990877,0.19988194002960333,0.19839694480827666,0.19103713660679159,0.19196484387042811,0.19706074484879962,0.18768639817628877,0.18765632197873688,0.17683702500589474,0.18615945549680715,0.1776376012519599,0.18607918703891568,0.18156703433962443,0.18093200672629128,0.17597772542943022,0.17034869072768064,0.17400775343456698,0.16628627318696573,0.17016972616621717,0.16482379144354353,0.17219764195335704,0.16001389618648945,0.16540506336353766,0.15712525662263438,0.15466533977888447,0.157643112146813,0.16942648466427887,0.16525043066903966,0.1656949987107943,0.15829565710153617,0.15650672368229562,0.16206614430554292,0.15914584335488746,0.15906920113538653,0.15742583300087715,0.1474385326462853,0.1567804836997361,0.14214284381161005,0.14358596787886985,0.14214055275812112,0.13923614802503964,0.147677727259775,0.14814875290409218,0.1454038815000494,0.15471128738618078,0.15680033997928597,0.15107479026638787,0.15624783198146744,0.16041578468132844,0.16229502232992474,0.1602051230987344,0.16800530678272657,0.1633408833763097,0.17278582063857867,0.16267300900449294,0.1567494407386381,0.16092825421970902,0.1774298151129963,0.15843531804667188,0.17679028665572685,0.1836687202641448,0.1745335410403852,0.1809611302027235,0.172810091440397,0.1766544166579019,0.17744006994523992,0.1810587426013251,0.18313261632473232,0.18269295482111397,0.18528710680146548,0.18500194741109793,0.18459519832298235,0.18369236261439362,0.1839060853336915,0.19393794971606562,0.1960481281269164,0.18379449530190575,0.17663416108030974,0.18327709815207915,0.18256763932975748,0.17562724954360381,0.1723006833987206,0.1770042116024885,0.1873137679100666,0.17310104910877067,0.18287544671583567,0.1894428854776723,0.1988515085367943,0.20430185033580547,0.21199523527530884,0.21571775903029908,0.2140807906298314,0.2308522437509001,0.21972764446783866,0.22585749133712554,0.21340628223566485,0.2143339659268989,0.2245376122428287,0.2155628912681566,0.22014230021299136,0.21588024387199323,0.20633186323624605,0.20572889811040654,0.19764611403464233,0.1988969804762648,0.19530162642366555,0.19114031614766527,0.19371189961111296,0.2017233955970804,0.18820709874359223,0.19924151803827986,0.19120370348116397,0.17558281197052522,0.1775179606419482,0.17745012107305816,0.17030029489686208,0.18295778761479264,0.17976817106609383,0.17788851103752235
89,0.1934740843669829,0.19569293642669838,0.1878888896856133,0.1720493356584114,0.17693799431193258,0.18114502041542763,0.181869637010088,0.181477630426543,0.1796082163487427,0.17947480907349414,0.1765849960579555,0.17552993823013388,0.17175160334491674,0.18254330109349146,0.1718559607295865,0.18217496719850948,0.17593149776155936,0.17721268265494564,0.1780591516990839,0.18032294849824745,0.18487930505522496,0.17530746106120862,0.17647520700726776,0.1803220350409082,0.18362262854702832,0.20107078339993076,0.19478073486563516,0.18934524359669605,0.21001973202242477,0.19942173483215248,0.19515224872973913,0.18980379866853883,0.19892972854332064,0.19581237275150856,0.19730404546874936,0.1936020715652605,0.2025541054182053,0.19759425798487226,0.18424058333339696,0.1664905162657682,0.16579525612934315,0.16623811281513318,0.1758476626129986,0.1683105735755427,0.16353540845358047,0.17368823422491747,0.16740499027772834,0.17007504713734203,0.18175472087935543,0.17596710941304697,0.1793673120628052,0.18713783465034547,0.182695773305553,0.18798080280496013,0.20488369600587578,0.20937373477992946,0.20281970654023954,0.1933168010731579,0.21078441654487265,0.2093906572032656,0.21070279664026223,0.19987380121962317,0.2029319927164686,0.20750138508442906,0.2137317786897774,0.21334462218659211,0.21902445078902846,0.21545719423515539,0.2364363248033401,0.221728235029014,0.22133989520980007,0.21885083099252348,0.21389050211679,0.21604523890898725,0.2281050498976258,0.2225456962509048,0.21388858137119562,0.21855915352937272,0.22440498487606525,0.2194506138516957,0.22375358378986046,0.2157332568920633,0.21608897029223284,0.20171777540344193,0.21003075812518712,0.21256017551126832,0.2303421414083535,0.2123307530405392,0.20513841706839395,0.20548801646106352,0.21632803230216274,0.20448172491271888,0.2174420831204479,0.21696725776441078,0.22222893245322456,0.20102849438818748,0.2208763922441335,0.2298521127267616,0.2220741967879536,0.21307554110196453,0.20694274237680216,0.2174963134066507,0.2219207441405984,0.21903559659843733,0.2228051371436581,0.22521566768492532,0.22785166159642462,0.23406716767773603,0.22976453786923662,0.23009866555068398,0.235486275035639,0.2528517711031908,0.2351369063649927,0.23501446843058868,0.23355028414437984,0.22954017055580755,0.22828979599242644,0.2380445265367924,0.2318613712528229,0.23638901989384986,0.23506371740396614,0.2253188884013152,0.2375623977384436,0.2215534922428626,0.21443600124421733,0.20778457292707228,0.20160844967163682,0.20805458931493281,0.2108579112016486,0.20358942697386845,0.21112579600630677,0.19733940753428889,0.200745888867119,0.200366494464118,0.2060191068252123,0.19430366838301627,0.19865495407452638,0.20482105557081082,0.19252104041072446,0.2005767499811481,0.1894301922395391,0.1969969126862457,0.17977330389010487,0.18546334994803967,0.19147963898787462,0.18821901659956308,0.17803029029546713,0.18283119590267413,0.17316945893307523,0.1876156662768708,0.18534876644189527,0.17460392412360348,0.18691351298412212,0.18262431501538304,0.16918774421506072,0.1690656972764276,0.16964934999436837,0.16901326829310548,0.1555206275386347,0.16614558300077784,0.16376730416494142,0.1582399000728784,0.15135717037830232,0.14975074787819692,0.1608563093023791,0.1584054063848747,0.15094266030770967,0.15528660672871392,0.15696181068039733,0.1637619118931254,0.16065964389244888,0.15826978048215126,0.15513971882707384,0.1601514591860798,0.15985878212545665,0.15840832434716914,0.1450738043697836,0.14072556468001043,0.13785229476296723,0.14037054949314737,0.14326892426468443,0.14034921891510488,0.15837659439320165,0.15652690570618943,0.1543927845522704,0.1662874984340199,0.15873697505965534,0.1492412919569867,0.15909725992023094,0.16393191039555857,0.16381406977190263,0.17262309543265347,0.17406449722514056,0.16569633406009418,0.17223444105916408,0.1694205549607984,0.17374063321130293,0.17385376489610416,0.1834798599654151,0.17669338873909377,0.18510216568337573,0.1869860468035225,0.17733285250041006,0.18683455415300965,0.17787257817751848,0.18240111970402467,0.18743159459149045,0.1967734907281318,0.19434841360733618,0.18986875383502444,0.1942707872118201,0.19045886854602606,0.19261393334259302,0.19202266819043534,0.19111465905789138,0.17826816741979143,0.18455121128791058,0.18210677359620797,0.17269374196824971,0.16808486125571376,0.18081389431850625,0.17361921968725458,0.17511260149031874,0.1774750470577558,0.18954559676028357,0.21003781900378568,0.22003547238474536,0.21030209544131553,0.21617631028717915,0.21752280753958178,0.22072849391485053,0.22829626166116368,0.22614802535923925,0.22025942442275162,0.21350177992047292,0.23138547870061765,0.23598174051367185,0.21299739894103906,0.20930572140051873,0.21451891909515605,0.1999605621425232,0.21294056399186514,0.2062050514100187,0.19518536448396495,0.19244082053834904,0.1970092102244758,0.19902448554857005,0.19577261866083626,0.19384339165707873,0.18557552591376428,0.17861790860154841,0.17329063773854328,0.17565228348251347,0.16766464741981238,0.17941150941656375,0.18283389022259836
90,0.19343127746214142,0.18002855681019433,0.1873773100428281,0.18330195629231966,0.1780368902890724,0.17747226825000592,0.18363319901944875,0.18253754277998632,0.16913784776251062,0.1832492053401467,0.17846144288745153,0.1728822873802712,0.1756773209897651,0.1696531001036336,0.16930434347299586,0.17132707483894424,0.17310738664511666,0.16029139184782878,0.17648642260104097,0.17773403477350522,0.17663696743738808,0.18184019983952726,0.17606640633329854,0.17424242231191445,0.18391823902035456,0.1823430857537106,0.17823652240395704,0.19149414508686396,0.19130710513536173,0.19749345157362272,0.19718618740624683,0.18599895319127444,0.1854092939119436,0.19711802992662464,0.1954932875188208,0.19255615266160217,0.19676915472655482,0.1924406876049856,0.17931784046830965,0.1795211823889477,0.16982111968625793,0.17170834408234775,0.16729251107175527,0.17800790953023188,0.1636391820454815,0.161281814195426,0.16948961766159645,0.16944267537210134,0.17858624262291145,0.18107767099420985,0.1734114221871844,0.18550623023691817,0.1752795703501486,0.1861009113892761,0.19869763136389762,0.2073847894140384,0.20952145435323674,0.21122187816075869,0.20065823137262,0.20851509487566292,0.2092573879753508,0.20377656162380042,0.1928383025627689,0.1979909502373938,0.20751227897317576,0.22574300401217762,0.2282537387919253,0.2249072731147448,0.22135110788054735,0.22786766391743218,0.2196366444232435,0.22717911323616852,0.21837579547832575,0.21054765074543633,0.21724880687857734,0.21189504441815232,0.222930967075197,0.21369826688240162,0.21625960230480387,0.2166348885259246,0.22020354181240168,0.22314856583707326,0.2096998887193557,0.21590519886233314,0.20690210063891837,0.21571259332378973,0.20516368927835343,0.21279425561823145,0.20808381423446615,0.2040036040498049,0.20369932505739766,0.209928740420447,0.2145291934609508,0.20488567741646246,0.22190475068620172,0.21987168263690365,0.22003359778625575,0.22434861872367864,0.2100717241996168,0.20963606542085747,0.2039406457018133,0.22279708275298182,0.20948136734335335,0.2090840962761738,0.21464189800566916,0.22750838104387253,0.23919439572164714,0.23499184983317736,0.22850273362985207,0.22414275207739282,0.24227131690900053,0.23967376599329232,0.23456834300698687,0.24497073204806777,0.24951169127008765,0.24466001611290847,0.24766868599029523,0.24161489276034182,0.24226094111518612,0.24327579474214886,0.23890162290145864,0.24017074210411632,0.2188755245959364,0.22255871236375757,0.2125575815062717,0.2017774875145532,0.2063633645500887,0.21162637847553067,0.20404619942815838,0.2089842225981385,0.20963987882408666,0.192800919147,0.19714033944198947,0.19315573173586909,0.2012889433151766,0.19575705373871063,0.19701145570810225,0.19828377565237057,0.19988685919056887,0.1934369785634484,0.1791403011645116,0.1821461516576079,0.18876988011165366,0.17843280387638574,0.19586564181835592,0.19293174839332375,0.18117567999380843,0.18398622130849226,0.1733666670438349,0.18265059865818353,0.1819630048716134,0.17853558873348688,0.17335173792444913,0.17700180697199402,0.162971438893384,0.16859376137468213,0.1621355689934731,0.17443996866973538,0.16717260115368732,0.16640635200193318,0.15811679402195858,0.16528030286819623,0.16010809860318587,0.1463147130792964,0.15889103719565426,0.15388950404205326,0.15016959171640332,0.1601584658242341,0.15754948939520694,0.17153067632898575,0.1634881577297277,0.16784661996281194,0.16467212884464197,0.1547030941773434,0.14772091872240656,0.15259278518080455,0.1490304456027407,0.15693832027316895,0.15068811493011805,0.14575685871023475,0.14208296126218076,0.14962873351356534,0.1444834156503771,0.15350057265092523,0.15619567346949306,0.16298592440349205,0.1576391193438985,0.15323289263500015,0.1595140713976144,0.1608741258238393,0.1679908393460205,0.1725344802868232,0.17293285044752305,0.16957858222849934,0.1717172797463041,0.16701258575583489,0.16710998491242346,0.17045404036277403,0.17989483731940925,0.18206560138638136,0.1872605092056164,0.17557775836368494,0.1841212437851827,0.1772825132995551,0.17627714174328776,0.17839915788409327,0.17993435855048442,0.18883743816163903,0.1875253134233279,0.18780480520364273,0.19349439980224312,0.18843900395844576,0.19450456561653082,0.19817706854719078,0.18841934945659786,0.1838169687266544,0.18542556030321183,0.18182847654650888,0.184388953718659,0.17137619652799493,0.16625288867941887,0.17418666332290128,0.17756832581122914,0.18777488297868913,0.19221682527319275,0.19205176376800723,0.21375633766746613,0.22217495455136066,0.2184323710514766,0.21883823328859223,0.22299996762625499,0.22891755568969355,0.22329155595416042,0.2279035026995408,0.22287856351636717,0.21790495204030477,0.235643953244728,0.2414191964140108,0.21750392575715263,0.210527774724498,0.21499001994859135,0.2165267214236931,0.19381451555158447,0.2068491782915781,0.20810920971053237,0.20994546599277134,0.20768479396155684,0.19968244098688454,0.19353004607093,0.18978295303407597,0.18525417317240658,0.18424037121870873,0.17354092181173417,0.1724025161897494,0.18466402612328445,0.1767268757955683
91,0.1868526235300158,0.18843119397714908,0.20160882104846756,0.20217244810846158,0.19784884076804796,0.1782284376135628,0.18467805840931573,0.18844555591465365,0.1736208587644026,0.18604898283760546,0.1745442313313388,0.17824349942142192,0.1780339797027281,0.16943046392376693,0.17487015701901532,0.1687248302964661,0.16463740038961552,0.1686530501634386,0.16864256536338268,0.17754661634427674,0.1745596248928988,0.18055079290075915,0.18635725295561828,0.17736339776469476,0.1807534935654688,0.17986866031974874,0.2018100871737228,0.18183865064675273,0.19589359662617567,0.1950396459893283,0.19905095244772297,0.19301079519267864,0.19214987222270954,0.19043198746601278,0.19714087054362087,0.19191786338451605,0.19415988227585004,0.18964024162854812,0.18785160066685794,0.17560682869822086,0.1766456714951031,0.16584435743706197,0.16027437795220073,0.16487560417546485,0.16928313763258626,0.16344697979016604,0.1583703950295856,0.1731663089361491,0.1712278880263748,0.17845614206388896,0.1724860989372722,0.16813402121462265,0.18380490637740374,0.18738015764899138,0.19192983944359202,0.19693196303096455,0.20463013935055535,0.19984181205958962,0.2096644503892594,0.2087136725304677,0.20990679617047597,0.20123326793802276,0.20375915926145377,0.19374896892631138,0.19681069727683034,0.2100557624413742,0.209217785055496,0.2140101640897636,0.21524912762813403,0.22724691701394764,0.22070857156529725,0.218403000213593,0.22002483298360628,0.2270981519036748,0.2267681202098735,0.22230037739865535,0.21305660383535263,0.22193934500695603,0.2122377827892592,0.21446824600953202,0.22561085947777895,0.23737555874080554,0.22084430275535705,0.21664526423589933,0.2187930386952999,0.20805755952918872,0.2171111861269259,0.21953724000089747,0.21539657830189973,0.21014448648429776,0.22935314512545343,0.2147992200110525,0.21599266351606397,0.20566396295334874,0.20417066344157392,0.21733261221093633,0.21715848342436914,0.2239463559457251,0.21910682212806884,0.2057121295202253,0.2082180140835876,0.20742772300666665,0.19827968030422774,0.2092791679577123,0.2077664407793411,0.20902816113763742,0.23331802954512787,0.22014447987821073,0.22412308923425905,0.22287805032010016,0.2215678278027278,0.23274871932452,0.2596432280988509,0.24660586434123277,0.24186604329047107,0.25518080315707614,0.2475774582801943,0.2501329470697862,0.23625135062179897,0.2350927845521512,0.22862009453666657,0.24175412884426636,0.21243653053181066,0.2176407430667106,0.20377233875169853,0.20464041129548444,0.1887507560971069,0.20479125148759184,0.20021719836154137,0.2074416222138227,0.20500492755348884,0.20208433520788996,0.20367534470799306,0.20079606144523884,0.19544679359376382,0.20063530662206094,0.2019277285497332,0.20483586490852232,0.20345986406392827,0.19028011271142728,0.17722088459510066,0.17618072791438655,0.1777786074403793,0.17759944325375135,0.1845261412436512,0.19535789632184444,0.19109397746205323,0.17964957743058482,0.17770203448142366,0.18554685606781973,0.1788185216057313,0.1851988987908858,0.18695845050281792,0.16562732967205787,0.16529723918816072,0.1582231403620681,0.16642838543566554,0.1606114489178136,0.17233948864503146,0.1701417517842213,0.16145343898644263,0.1610070526476481,0.1576587213467846,0.1459825682967043,0.15832882909581555,0.15504615478262082,0.15837440635480415,0.1542428353510043,0.16037925804915723,0.16386782899761404,0.16781071970614778,0.17159376367493942,0.17229877907171579,0.16634969157862517,0.17273983483033015,0.16733265427356261,0.15966785832424846,0.15674186141444885,0.15343943830153184,0.13836141664868282,0.15006382083481476,0.14683142038763966,0.1494885743123228,0.15191127191817919,0.14620694412301186,0.1451787323580036,0.15211743719275694,0.14918666307463013,0.15211988905591944,0.1496380361907995,0.1700659619753859,0.1608824235883811,0.16182331739117017,0.1720481471878096,0.16929697570158955,0.17366987831894204,0.17503782169778118,0.16870132748516703,0.17481226504257033,0.18010687876170617,0.1826298658056732,0.18402058203941155,0.17818576256450513,0.17054276504095137,0.17268833412123555,0.17744828240956806,0.19646077820167873,0.20105674625785058,0.1922756109557895,0.18075690644014655,0.18901179216229494,0.19139980897631467,0.1995345902871428,0.197296467734247,0.20787094959527969,0.17802963440884723,0.19235717929461751,0.18361180501381738,0.17570543682203266,0.18003067093107078,0.1650518893247614,0.17201709139990987,0.18322224491743233,0.18011691505755084,0.19580749885719456,0.1913383832551022,0.19794529801667812,0.20887593165439422,0.20347263064390939,0.22101919867297495,0.21841200215682177,0.22827686520429719,0.2151296149997458,0.22705329041538982,0.23589052665306356,0.22554453058655788,0.23246892108142497,0.23768813335568958,0.21780156699210684,0.2271169775454135,0.2116201900116618,0.21011206932226087,0.20273983093501108,0.2069804372184128,0.2065977084106428,0.2066641756202287,0.19921853541815943,0.1856199707928516,0.1858749651057291,0.19418205819683124,0.18711866054761597,0.19033155684852338,0.17341437699207002,0.16765256411095894,0.1756167759817265,0.17518063651145097
92,0.17868660605880315,0.18378548131044778,0.17901684547957133,0.19565209833722186,0.19280646848339028,0.19798693387832836,0.1927101990545405,0.18101455625877658,0.18775897252339896,0.17961661187794642,0.17409223467841325,0.1840084639592259,0.17980741605646822,0.18227780913736802,0.1842665055866538,0.1722433247800892,0.17014566948793888,0.16991960897940608,0.1660909235492582,0.17643985816927066,0.18293958940213653,0.17598388463326,0.1809620885655831,0.1857391697801175,0.18454237264631573,0.1914288542553935,0.19646095914882583,0.18757778361105937,0.19321128993737197,0.19354987715017002,0.1919192333017603,0.19048913074482327,0.1949694650108316,0.19053606859209246,0.19986864214786812,0.19672858579923988,0.1981044677166624,0.18691200664525157,0.1959285615366962,0.188506313376978,0.18355144169659524,0.15913939402107077,0.1653790146433355,0.16012373065714422,0.1659814292747911,0.1612531473575961,0.16880083865310144,0.16297815610715577,0.17350687984961075,0.1727727317359545,0.17044858490951786,0.17270937000735337,0.1707915972146252,0.18560313176905516,0.1871025902851223,0.19029518519195207,0.1977420216827379,0.19577458859295258,0.19598216907208224,0.20854193552059214,0.20654752722718125,0.2048158678395075,0.19784608462630734,0.18481746114301117,0.19300426227367934,0.19563615108875432,0.19804835523594616,0.20528305395916235,0.22208779897446054,0.22287943595273313,0.22584100616063704,0.2231034057558339,0.22151033811416468,0.23091242383866697,0.22920532334544644,0.2129905328268093,0.21545258047528543,0.2199406985115652,0.22960006147102904,0.21170908736389144,0.2182568585729561,0.22282683927593602,0.22561569076978474,0.2158893406758041,0.22581474677161903,0.22326672399589464,0.2172389524949565,0.20506880468966684,0.20549762170451108,0.21011332720841472,0.22567388219748916,0.21695866506270414,0.23369547321666576,0.21806672437533886,0.22003354712165338,0.21399671171102938,0.23307629183784248,0.21916908776713498,0.20094223572458747,0.21979843709915417,0.21867634177964076,0.2060835846825793,0.19660545338614485,0.21144591535443552,0.2171385833059426,0.2157922781729939,0.21984621856663863,0.21543119971673927,0.20881841740322,0.2171097363725222,0.22188753218522086,0.2333137854302567,0.25631085538732357,0.25000506074640005,0.24787429956493973,0.23641449477942558,0.2446618751766412,0.24029763692799744,0.2343223962932533,0.2382171914158802,0.23563538047465812,0.22621223987571706,0.2294271974173269,0.2234162716135626,0.20734487249006994,0.20339549522511408,0.1946397329224025,0.20401741004792306,0.1964253610067816,0.2049053510326207,0.19803972290508493,0.20996722089834874,0.21115399372558322,0.20168077892975061,0.20788420836133747,0.19813184331315037,0.2002957710949788,0.2089719041399411,0.1921358915821109,0.1903471155229077,0.19429436267067,0.17686015447288422,0.17792324880002638,0.18394233703174964,0.18143254810372547,0.19355188265333859,0.1921365994381985,0.18523753794294148,0.18335514461995908,0.17714610184933982,0.16850461507131984,0.17654287711676253,0.18095596346431422,0.17139446786508036,0.16555896396160166,0.16158085430917338,0.16418765495370377,0.17063051438168483,0.15915064388097772,0.16706412483902605,0.171112564419041,0.17000832949637526,0.16395101134723158,0.16023589113933692,0.149494081776378,0.15549914305404702,0.1595007758827667,0.1664703911567157,0.15627697638746307,0.1607986506412475,0.1657602526451768,0.15899233956003353,0.16783776977838227,0.18645034873566557,0.17402157701786658,0.1615414586292874,0.155651747190341,0.160358320849336,0.15349067642229555,0.1541590410086138,0.15677759572309832,0.14980282382062265,0.1451560026633335,0.1598508684196974,0.15833867267304402,0.1476073556414948,0.15587303800584276,0.1604829873378314,0.14908639041176405,0.1469440481440406,0.15246634875747248,0.15655970704588332,0.1662570230941957,0.16632682600135465,0.15972654586053814,0.1755931622113308,0.16889091944131648,0.17630299903121438,0.18077667740884554,0.17432055502298763,0.17438703753546964,0.18146676619190208,0.17250619660240724,0.1764957694736747,0.17433038930420655,0.17926953830835676,0.18234522705468587,0.19246647839667327,0.19994556478161357,0.1871070277799864,0.18290863132497948,0.1882906696517884,0.1987593876158015,0.20703339314834004,0.20075713072470738,0.1865756657630185,0.17627986124816106,0.1776037780476556,0.1870698077831488,0.17977620151676457,0.1803886465166177,0.17663578794854662,0.18306962840167282,0.1829286797675872,0.18545113685904033,0.19844498129232724,0.19685567534157275,0.20119032398622494,0.21183347957956875,0.21503839009515643,0.21245350482555994,0.22022265795181004,0.23572280479840726,0.22786514544485648,0.2245320802295181,0.2398421452301999,0.2409849939202287,0.22171695220244803,0.23404264630179855,0.2262110939581704,0.2143442314343771,0.2157407578596021,0.20153654079953054,0.1806231034438955,0.19889743387423167,0.19481697697362585,0.19501727334068844,0.18190578047924794,0.18183601286239726,0.1859719307862984,0.1855414729543562,0.1763747860722008,0.17406602026540655,0.17631960327674906,0.17934050981390892,0.17525664758923382
93,0.18707644136068236,0.18494044573043716,0.18531799806378652,0.1884050328982142,0.18987548666441412,0.19176506853601377,0.20008199082776887,0.18945920037297093,0.18670738658329467,0.1740033862118874,0.18199267144913187,0.17678715220848815,0.1973499769468227,0.18527622781793723,0.18047044948412727,0.17100381524862693,0.1722404295885641,0.17013853933448575,0.16904876408976507,0.17209735673694876,0.169145442291603,0.1735445581437612,0.17246123826764428,0.18445897881208986,0.18628779405742052,0.20385481789291243,0.20228933653162193,0.19556736307210698,0.19258067296673612,0.18651372681127412,0.19209302690894703,0.18572565557608636,0.19545790972184243,0.19377279338522538,0.202388298846824,0.1918200500622919,0.20017457725423257,0.1832677297447926,0.18305887961560624,0.1851692638446445,0.1758979994090123,0.17101814837970222,0.16606924070262868,0.16652425523899175,0.16239064246109525,0.16051890925892306,0.16315045901888114,0.1580570966051051,0.16384447457751175,0.16752051520568007,0.1728908064203629,0.17406830485079253,0.1685422937157312,0.18378078405349962,0.1815534056535238,0.18187520674056246,0.18401553980420918,0.20103637284891474,0.19559781093463252,0.1935886984698374,0.1869023233280866,0.19621972829006118,0.19974965321093213,0.19354671295409545,0.1917303654229385,0.19112249224663283,0.19568642537024578,0.21422117644031155,0.214749618012803,0.2101155527177502,0.20768766325284088,0.20770693635329418,0.21266185607360222,0.21797932329261083,0.23085011753295112,0.2372910182714383,0.22443092529622305,0.19799096847303507,0.21539226341525142,0.2097611715704971,0.21041117422328653,0.2079254260268794,0.2150564140990476,0.21283958330669206,0.21718383621665455,0.22406122188295619,0.22594768706854665,0.2156908887742993,0.21195716400289727,0.21285732498741036,0.21515814929642685,0.20644549012630414,0.22262800779184497,0.21580216631318638,0.20923527301197706,0.21929629785001598,0.22157864385679804,0.22738242821533133,0.21477355214307667,0.21298660943233846,0.20030181288064308,0.20781012328250437,0.20060878149168748,0.20220829161369472,0.1972714196687192,0.20161016729521364,0.21983234872343113,0.22350194145817925,0.21864230641678184,0.21903206619019222,0.22431070482465126,0.22722441814715302,0.25129277370926456,0.2624315224949351,0.23963618664440822,0.2450741471601269,0.24615677873628178,0.23087706879447495,0.23292006358803688,0.2436751263913205,0.2323879474029406,0.22997164936315398,0.2307333119553264,0.22503397933831742,0.21287952867667784,0.19897004125863454,0.20239938101736246,0.2009571301581123,0.20224900327668652,0.19920582705158044,0.21058735992746497,0.219145673003964,0.20589447838598376,0.20984875647200898,0.21052418754500274,0.19243514879646378,0.19367894019741358,0.21179631517658562,0.19210355418825734,0.20355379797357165,0.19563381316921,0.19954952369350487,0.1923421206457786,0.1712382575567296,0.17859981306914471,0.18012583207052754,0.18210429964659353,0.18027582844186268,0.17376363775819928,0.17312986883404066,0.18267490913782272,0.17836695569825575,0.18068732983017777,0.18318242331943071,0.1829496992967961,0.17062823562748408,0.1648580657353392,0.16958768040294858,0.1650216404337554,0.16841121147959165,0.17448331347783086,0.16987735876226523,0.1727921466338514,0.1611965341861431,0.1562068231361296,0.1588872688809636,0.15517508787619919,0.15810696423845214,0.16428987531024056,0.16149575084984927,0.15970558355027523,0.1590944025330542,0.1709115449552824,0.17388739444760778,0.1730345787477339,0.16027659223985724,0.1715112452019228,0.16310429597653064,0.16387367755609533,0.1588169677882309,0.14666753737087282,0.15307631537903718,0.1530220444305437,0.15847946630350707,0.1548449335415806,0.16052293804155932,0.15477185934422386,0.15779564029444132,0.1504949752918676,0.1455408811674348,0.15023807142170645,0.152098173928674,0.1584203615098133,0.1639370817773969,0.1765658867989507,0.16461609681878014,0.17013046930151424,0.17090666514908906,0.18254199810154167,0.17999850581591803,0.18269047290813395,0.1730021896772264,0.1762036092511481,0.17375591589243328,0.179054318519231,0.16638018390482084,0.17340850736142546,0.18459511331377154,0.19908404904336757,0.18467261545663943,0.18615928403769125,0.1896032598963182,0.1943331095813353,0.17968366611972728,0.19113485877672662,0.19430246040479937,0.19717338395102033,0.18978736669852356,0.19340001347227276,0.19023117919644741,0.18065508899066537,0.17718530479740693,0.1822515791394319,0.18262873040302494,0.185095048054985,0.2048886967456318,0.20789617548275668,0.19616399156642367,0.2055863139761854,0.21317344318731649,0.20631081752705138,0.2116157558693139,0.21875999259410123,0.22639050070563613,0.21186084494174004,0.22534758074803937,0.2305008864928986,0.23339131985549055,0.21789566996116058,0.2341262451008975,0.2217786318558183,0.20736912731259682,0.21447185100894908,0.20127522926358446,0.18443039652985355,0.1865416010898392,0.19189373676742336,0.18566942822899551,0.19226764196373458,0.18654327625620934,0.18648972133389485,0.18329419039915365,0.17970046462431985,0.16440044925628097,0.16472366632676969,0.17066277380477704
94,0.17107632014404572,0.1706716550574892,0.18045590587033875,0.1767466129381065,0.18210819927735217,0.18295816676347246,0.17801561541016672,0.19542605717907607,0.19218456276205154,0.18440886718579283,0.17847200391224266,0.1766961960371789,0.1810591178145594,0.18340826391849277,0.17524889972829175,0.17031421611349964,0.1745253429150024,0.1892919739034334,0.16734606316988304,0.1730969836415807,0.16110065271158175,0.17243360185753367,0.17920437166208397,0.18131081079234518,0.1868387271634664,0.1867367517210715,0.1898563380744567,0.20019457291897597,0.19273682479163556,0.2029617785760798,0.1903374733776549,0.1921101450895435,0.18432205342806124,0.18621844680462146,0.19248970192893672,0.19199927995747543,0.21407595987981073,0.19483631184596958,0.18199174953351982,0.1871903257267175,0.18160428851403965,0.1821991304666021,0.17105631029090404,0.17723500424692504,0.16943350694996562,0.16961732118889924,0.1668667471415726,0.17205733824087696,0.15863229229762502,0.1653613465018071,0.16754659259945975,0.16810347841503245,0.16987387749997818,0.17557711151250996,0.18508639645608688,0.18147253251237175,0.1868150669979477,0.18879643962721193,0.18742309271356386,0.1844809387891472,0.18434819938257066,0.17935975416651065,0.19715012192806156,0.205275302125649,0.19442356401443284,0.19932782963325935,0.19919114681262848,0.19963676327319269,0.21037895812923887,0.21311180134224278,0.210289166671595,0.2092628327584313,0.20557703593790405,0.21522444669748536,0.22430404214474556,0.23847842785971637,0.21921087722394808,0.2221647232521791,0.20466727156986275,0.21547053996775084,0.21254603122682295,0.22171955588069572,0.22238807725954418,0.20778533843513866,0.21277696013724579,0.20615093078028637,0.2178775083338518,0.2074623055759272,0.21101765864730287,0.20042615731001054,0.21673477536399144,0.2153132220545228,0.2155367847392054,0.21715268320154513,0.20975721106572343,0.21788337808650035,0.21547242530516159,0.21054110599475162,0.20859202488814624,0.20665132774965653,0.20999139565957603,0.2076417115375674,0.1964101150337811,0.20957756975216904,0.1952601551242618,0.20701070290039372,0.21014801880558712,0.22629627228369564,0.2257957171227776,0.21823725980839104,0.20616835227458305,0.2120439081276858,0.22770685236362387,0.23899950419268368,0.2503659706933328,0.23671904495972546,0.24449090043160646,0.24175986250462608,0.2460831061624575,0.24978749920365037,0.2506710614377288,0.22062437884348887,0.2383568843676392,0.22823718382213495,0.22671382281051206,0.21712768401407948,0.22179134775821818,0.19856746433794875,0.19891566682466927,0.1999052836471774,0.20604017021957624,0.20234534602471957,0.20691120026414428,0.20553107795391395,0.20154215594367061,0.2047014410479848,0.203391668960598,0.19531370120469607,0.19626830415854551,0.19786398428799415,0.1960865700952559,0.20282426927567448,0.18379546867015284,0.18914619101993368,0.18758901370622957,0.17857407122110203,0.17181959855473,0.1745163013115276,0.18700598239061467,0.18044555984147104,0.1810466528132888,0.17109991744662875,0.18542376708773256,0.18359848786991756,0.17942253979976025,0.16401414336418715,0.16111649296823102,0.15501188590168316,0.16039052169477772,0.16656076237282721,0.16870000676318664,0.18032103854727002,0.17242319964362915,0.1701476675515699,0.15979640330705028,0.15360204578949535,0.15336632110382276,0.1558432512447773,0.15669567155295944,0.17232718746760445,0.15636948290209865,0.1598961842866549,0.16418232444997632,0.1636273888451402,0.16949945260646024,0.1590784314165346,0.16708882307963382,0.15846085686090952,0.16866652603036233,0.1607931339725009,0.15738161587389243,0.15331300638315087,0.15250742909959092,0.16207775034192984,0.1564760952255332,0.1550272345679969,0.16614435879939138,0.16423136404966818,0.1575161179882714,0.15589852276524893,0.1483887580542507,0.14790164351575982,0.16152085319588144,0.17290601434850297,0.1630886733655148,0.16167530912654238,0.16983457156771153,0.17178775335187585,0.17606575768188126,0.17768885956525513,0.17709879246687163,0.17186799082501533,0.17512360951477646,0.17803057724662313,0.1787751701275016,0.1824582478459295,0.17507522775774706,0.18103260465992835,0.19208356169658872,0.1951747716848498,0.18554617248919925,0.19228070242918827,0.1848433794381917,0.1854995241992102,0.19539327401282555,0.19826579236208686,0.18776658170337807,0.18922268470848064,0.19086741864494144,0.1903404974524568,0.17875528877755714,0.17718571278211823,0.1811202462613643,0.19215345603172446,0.187156622867804,0.19243386381566954,0.19290536223682084,0.1941628329579647,0.20216763469655996,0.2064716840306865,0.19905303786813636,0.19885265322138723,0.20682246026975415,0.21621070854018828,0.21531629589395948,0.2165248268614179,0.22314065317152212,0.23154616907548398,0.22200952109869626,0.22412763063013105,0.21036815594197578,0.21391458677558312,0.20786731195892993,0.2027076458571077,0.18665739478553636,0.19314790416232833,0.186947215110387,0.1866478965679894,0.19029698170094456,0.17991306406221505,0.18147311751164205,0.1782056216045053,0.17857592154966295,0.16659977095743594,0.15927418812051045,0.1730711581976892
95,0.16935885155015118,0.17215470638695451,0.1808544919647853,0.17219359770367082,0.18839553250997015,0.18782296841678167,0.18245988634328855,0.19266396776487046,0.18348222585741492,0.20128673250424794,0.1985972635022754,0.17953742828197392,0.17660284678705032,0.1960793325874343,0.18013562055579982,0.18438475051113062,0.17962641405143373,0.18279044915528278,0.1952458357898893,0.1830063250327043,0.16841326673220122,0.17234563956302523,0.18074995589754025,0.18646984078230003,0.18937136081152764,0.19381241807318683,0.1968151928080795,0.19478764187602923,0.2032454256908309,0.19637195327946247,0.19028734209525003,0.1869902231976168,0.19019202392778015,0.1913447276101718,0.2003901913612899,0.20324270200793632,0.206058056819334,0.19213005186889268,0.18337397529754706,0.19290185323874562,0.18250026524733434,0.1685462910177547,0.17149687074411432,0.16743548327555413,0.16241105968218905,0.16679145605517662,0.1605296652250973,0.16687239534296416,0.15667907539649553,0.17054739883679865,0.1789017958008766,0.17998516063823616,0.17197566600337624,0.18301260381618717,0.17784878394115414,0.17704150793546966,0.18817004986611033,0.1885106973514088,0.20207220477401022,0.1786159755822198,0.18368216938538906,0.1874196402844071,0.18626999375275788,0.1975552975453133,0.2013093423200845,0.20624987784322318,0.20023608251394945,0.1991716966808397,0.20436277911953118,0.21220411433632097,0.21387730349504316,0.20454006988616846,0.2117620341148511,0.20778978800661246,0.21343527598638667,0.2204895443615376,0.22499729660851753,0.21115584129381162,0.2101843616132973,0.21868847696966545,0.2101288095008787,0.20060475821937296,0.22080271032548676,0.22222233160800903,0.2169471253999005,0.2209281215668875,0.20341923653382135,0.2156997292653946,0.2096333140211018,0.20248529541036295,0.1948416057186972,0.20548196018367582,0.20770899289392528,0.2017478104209454,0.2071567075828396,0.2107126941595365,0.21030316076864777,0.20539142119780282,0.20693554730245284,0.21174160465605046,0.20406754039243277,0.20555455263308278,0.20558995903435906,0.19343804753864993,0.20166086699155686,0.20293481036316285,0.19790874280604662,0.20698930198353055,0.21309722781127652,0.2197728803025234,0.20496060766777605,0.1995366307863673,0.2244438449506519,0.24613966206415527,0.24767575754123058,0.24403386594707416,0.24348510569667842,0.23748134503695909,0.23963370363507228,0.24987902344143875,0.26140326034239497,0.24676939708051493,0.24027019452957002,0.24316238813171298,0.23466461099416389,0.22202240360695474,0.20702185703923723,0.20780744369702492,0.21151155591521303,0.2134102625003888,0.2045909881789299,0.20758625786940915,0.21964155007904157,0.20164345030131256,0.20740002289737533,0.19210651785414523,0.20013208042511774,0.19061514333315585,0.2023775434768758,0.1933283302420921,0.18977762181389496,0.18287165697860636,0.18414083154023478,0.18925497293171592,0.18698398016878004,0.18570581371661435,0.17826184617644436,0.18011616853695536,0.1763831929141801,0.1847909933351213,0.17520980246880874,0.18778084974700782,0.18813573741279607,0.18142302333726898,0.17455359592116432,0.16799045253326336,0.16733053514976695,0.16365244570156104,0.17339597017635439,0.1632672583640953,0.1613091861258296,0.17131326806439973,0.17816524935133005,0.17443346185257638,0.1652852884360842,0.16109449509310422,0.1601307729536422,0.15959901254508393,0.15489949432803848,0.1528241538901013,0.15685089458484566,0.15406571365657798,0.15631656391468504,0.15689098874941795,0.169140223450345,0.16596889403539355,0.15987785024424156,0.15984921211225817,0.161490210265038,0.1593201108844659,0.160299881017714,0.15322513053256834,0.15460480950864347,0.16018513072897317,0.1624428872461429,0.15373190186270855,0.1589649215294242,0.1551890233518201,0.1519784461828272,0.14611843094301946,0.1453322509202567,0.14532656215373127,0.1493733083696203,0.16038623772322833,0.16521843344993645,0.16147158190750163,0.16390111196769355,0.16255311639133102,0.16787781188753276,0.17847183953352808,0.17653625120965244,0.18287902598422084,0.1769917404837192,0.16768213694587247,0.16833142502571793,0.1786290135859517,0.17556271969025028,0.17867228848162733,0.18536438729592883,0.19078186941712771,0.177637846667545,0.18245501290716695,0.19553681639400416,0.20225926746683484,0.1915795284673377,0.1986491037596927,0.19610033248147507,0.19876865545502834,0.1967383659735697,0.18609731191333762,0.1852059351222387,0.17925884753794905,0.18689702999345179,0.1813728594656766,0.19076913038928908,0.1906155383503939,0.19777843224829292,0.20103061441364836,0.20009662798670574,0.19159060110428144,0.20297753778361194,0.203725100162849,0.21611683563027725,0.2091446212789314,0.21081892768760765,0.21055865608117172,0.2363463501680572,0.21253027295961155,0.232297106367177,0.2244921193596672,0.2179185497457635,0.2127921487280741,0.2133540051561215,0.20546137963751177,0.18965980513071987,0.1874360830480674,0.18580217776461788,0.18669986331608235,0.17457477862792534,0.17564209152910776,0.18226270019761007,0.17405211299773318,0.1689045698814704,0.17570143155816006,0.16619099959453193,0.16888741950616065
96,0.1664841143005562,0.17398808176453423,0.1782935777955977,0.17293352737627393,0.17652413823097138,0.1900874741975299,0.19053650731810878,0.18185351506757047,0.1937984949622731,0.19586755405627246,0.2086318456321372,0.18845241184782588,0.18459855621812304,0.19529935995580402,0.19036727795049216,0.18817169632801015,0.175923922606182,0.18415579934618775,0.1838501548522114,0.18710483056063748,0.1711995425911562,0.1716433175277712,0.1765506415329434,0.18849285825055748,0.185810563330205,0.19428863629997714,0.18802452491001848,0.19596979124699357,0.19112451660604102,0.19484739325261233,0.1993543400852706,0.1903929662233168,0.20079269094189742,0.19696128545901923,0.2000586896848338,0.1981725966659204,0.21025382240703525,0.1958097667133704,0.19114471736676228,0.19373714701457045,0.18237046271140422,0.18534833966108,0.18195525380860764,0.17554861199837307,0.1630679456725589,0.16922771873440642,0.165768344396913,0.16827643393470498,0.1621981139871232,0.1797160232607971,0.17264114193913188,0.17495400955815796,0.17291827721231937,0.17468551717774541,0.181853389447656,0.18923741198662353,0.18274394666422752,0.1879140271791195,0.1810434429017505,0.18602747872101202,0.18141228768683001,0.1911943261135389,0.18821680632200158,0.18459728106087603,0.18770601944302664,0.20059867496315537,0.19245734930203878,0.20173712160417404,0.1966104422121026,0.20378135703578706,0.20535117869347058,0.2059044819186359,0.1993984449254213,0.20263208352445553,0.21158121172221336,0.21442864438903542,0.22326672399589464,0.21855814702959253,0.2062059060602093,0.22421383138371373,0.20908717747598576,0.21328464970717356,0.2144660731624398,0.21802831579328588,0.22772588577191435,0.21750407600359364,0.2108047536513218,0.224574788839481,0.21511232783122033,0.20681984104161288,0.19494073536560383,0.1983048198621312,0.2090233481417708,0.21018194179033775,0.21008589732271518,0.218970444515631,0.2047113394795188,0.20490247299959152,0.1969652900823875,0.2035589584253325,0.19867119314594706,0.1987315729628975,0.20580498973071046,0.20034929566782947,0.19850523293956568,0.2074657928124043,0.20121306196584987,0.19660649460071014,0.2055430515984203,0.2142341989657851,0.20720932691748947,0.22579353349515668,0.22401886885192226,0.2263122174779798,0.25328297577845366,0.2470569069892953,0.24519601069893815,0.24970676021624208,0.2482677452372465,0.25667407169628204,0.2533856407661604,0.2401073198230624,0.24781357902597836,0.23950539466932955,0.23368707894950738,0.23328826864559785,0.22604135395773153,0.2185837638911549,0.2227733316911691,0.21956964514586202,0.20935372855093157,0.2247985988572734,0.21472934531971424,0.21084936625301182,0.20775912138965796,0.20623672331406806,0.20607205404791107,0.2121573587424768,0.193408430203188,0.18924307662957512,0.184763338100598,0.1872950070434474,0.179864891476881,0.18979213007531862,0.19276034725271252,0.19118164758721928,0.1855143888644382,0.18076011127137545,0.17672089404535885,0.18185636247557393,0.184490624097138,0.1790428572850929,0.18380985819342308,0.1741614773441388,0.17982472300374422,0.16597072840153684,0.16374498206769766,0.17389892607700302,0.1741334882842249,0.16370302325367692,0.1677187048288571,0.1699250083753396,0.16673182351674487,0.17072204330053095,0.16833227774222365,0.16497996229008238,0.152815708748605,0.14785635648664477,0.1490826143344839,0.15854582127558461,0.15499689564811384,0.1586455519477234,0.15384486321466762,0.14799294072233707,0.1638400229010213,0.16534196702619694,0.17047154608962062,0.1611053267236977,0.15890263538517324,0.1552143962769468,0.1586212616977371,0.1656285500638189,0.15589959967781206,0.15815939681297464,0.16191783937849094,0.16689045550102283,0.1553620703511013,0.15198964478114213,0.1538452174559641,0.15147850142502298,0.1462284915621688,0.14387488847716548,0.1553971322768191,0.1580345339409715,0.15673247799701906,0.16838821762755435,0.16186833517634522,0.16492625594474508,0.16226064574606802,0.1679988852533041,0.17217222819661324,0.17788117928715333,0.17415550222447773,0.17529252626458583,0.17332635338989144,0.17313026748075472,0.171338712841675,0.1778112356587845,0.1721606128610983,0.18102255902291695,0.17951378334733706,0.1815381059549658,0.18722209471811668,0.19213854605588604,0.20434104027961358,0.19419663487914696,0.19190756722269076,0.1960898570865818,0.201748149536526,0.1897872792982314,0.1890157961894673,0.18606650496150284,0.18379487618451898,0.17484080604840654,0.17767621747407797,0.1855295537588873,0.19843590674180517,0.20336056040215453,0.18839271285222997,0.205426610294996,0.19419878123153567,0.19537660107295945,0.19731637126650717,0.19998013305581303,0.20455994582446468,0.20669691750889277,0.20445724287669756,0.20716476897118857,0.2220368717593399,0.2138850354246441,0.21597446158462333,0.20965508485582376,0.20583186067929213,0.20127966919557508,0.19613597107496564,0.19036530544485755,0.18975275933053853,0.18925479862152442,0.18457033479770765,0.18824034061025938,0.18640733605486137,0.1738534446459292,0.17992047956102786,0.18143576491412328,0.16900151584528242,0.1752399013405758
97,0.1698341022980965,0.17710654055210723,0.18404244744766626,0.1798812098932723,0.1841438843650633,0.17370343230349056,0.19126777244997012,0.17950737660236268,0.18822456407717686,0.19583970217107485,0.18698755373908857,0.1924132166802796,0.185722833113302,0.18967836612209454,0.1724164107508586,0.18054825694382692,0.19259570594525943,0.18981153442351018,0.18079849041771462,0.18254582303981592,0.17631952207858972,0.17711200519500558,0.1831165932453073,0.18511346068538997,0.1882590661237476,0.20057398354846942,0.18784303648503628,0.19327612061970442,0.17799684315854167,0.18834461165499886,0.18695608283523404,0.2053823884100411,0.19216646449272265,0.19563647542662047,0.1926917407027197,0.197875023751494,0.1944918019309061,0.20631461794775816,0.18980917432925082,0.18795444458780253,0.18824341805517042,0.1914095930848839,0.17645765359569937,0.1719753096140011,0.17639082846088536,0.1788516701392182,0.1681343696435855,0.15820456101853014,0.15947481242365866,0.16864932215984987,0.17559473905938205,0.18362140241161312,0.17213068617069058,0.1658486726326214,0.17631797932066723,0.1828234078574071,0.17806439972968055,0.19398024342952053,0.1846447653579098,0.19322405857128322,0.18584167023858536,0.191017958833597,0.1809289238286289,0.18453663625450398,0.1890038714018863,0.19917131649369518,0.18998932509854355,0.18825221722452817,0.19476925362408365,0.19930554654298321,0.20289500246623696,0.20591946442156983,0.2048665245834398,0.2019352749230107,0.21335538070466084,0.2160735961350038,0.22687544802016865,0.22306801362904882,0.2159685935293493,0.21613445235835457,0.20975928790646253,0.21182640711075734,0.2119064617348059,0.20862420752997268,0.22454004223568375,0.21601315495729734,0.2037378411645701,0.21558701532028185,0.2157583439317622,0.21561804301833315,0.20205500844477514,0.20533363713205002,0.19588251886466262,0.20074251458369236,0.20648551917608848,0.21837478982293876,0.21254226283924196,0.19506438373160176,0.19953042858705938,0.18940079604683668,0.19736251465809182,0.19908410771959556,0.20742227821032377,0.19994708776308093,0.20589258203649013,0.1966252736255577,0.19286223708177203,0.19388405757843818,0.20708350164297185,0.20500530518686882,0.20622290483873065,0.21683375962763934,0.2216380395246991,0.23215278606475975,0.25106033269577177,0.23005188704514531,0.2510028195503007,0.23421278593523684,0.24287985782961208,0.24688471332485268,0.2614484069843465,0.2515660322273089,0.23895091616804717,0.25946990929039015,0.24335820870802458,0.23733183657404974,0.24369257668851613,0.21941903464205056,0.22676143675133256,0.22815936527840106,0.21039097197548676,0.20918690768786444,0.21410055840584466,0.21530618213599542,0.21427307393935635,0.20069080269752554,0.21468391177194437,0.199490525015528,0.21670363686465105,0.17567157701354727,0.18574117988813893,0.18505494725256458,0.18723403642502448,0.19067651249077242,0.20044151656132023,0.18339061207896482,0.18814951363086524,0.1873698029249202,0.1822988798054598,0.18483920843267365,0.1855287420852517,0.18417513632990648,0.18602443750276593,0.182295102016456,0.17411139694534086,0.17457976316779217,0.1741721448459532,0.16880394810809862,0.17148688041581925,0.17932956705797928,0.1704816735416497,0.17109869613741768,0.16889566391366,0.16935970947129145,0.1620933880845855,0.16957233483773276,0.16473223850965235,0.15356173135786794,0.15046933444240426,0.15552385046733694,0.14961977592652786,0.14682702525950406,0.15331194733807949,0.1461897757806551,0.1547939561947833,0.14799021461673206,0.16536069921350258,0.15703989636896895,0.16311116889715835,0.16370543568835488,0.1564930302195229,0.17091103335615976,0.16515974360432775,0.15614676820648504,0.1548370897802671,0.16173179252532602,0.1554969947688343,0.1499135884837471,0.15229828048963384,0.14850429008307753,0.14714686032976954,0.14581963270958895,0.15537924255064056,0.16086516175558394,0.16307361548622012,0.1642975926364146,0.16922140634033506,0.1712743389528452,0.1630722261758968,0.17312165691594553,0.16779858723305352,0.17042040772256856,0.17309208129343234,0.17087077924204586,0.18794496692062815,0.1664132491110018,0.18088739315284585,0.1716910276149572,0.17722492449620011,0.17427396011486312,0.1816392918226781,0.1821315568782836,0.17883313914576313,0.18228712694120436,0.19054431681022896,0.20704283226120393,0.2001382969989127,0.19215049164171186,0.1984655170791311,0.20006667755269317,0.20089408969933348,0.19985436496143819,0.19245296217274946,0.1781535578765065,0.17681662634939377,0.17138381263693883,0.18341434532844933,0.188174469349037,0.20203782288313177,0.19340905367930847,0.20227594090047812,0.19384598045160856,0.20502008063890143,0.20546530634120663,0.20100056120635224,0.21099006212063226,0.20903720986989313,0.20756604008755666,0.20831857686421734,0.22191379476640624,0.20755198917214776,0.21617357260059214,0.20612795754552773,0.2042051543816763,0.18189313154218287,0.19042159563478606,0.18190314172109498,0.18893159891919206,0.1891199742199744,0.18875219033099097,0.1813150274254345,0.17555406899401835,0.1743541544288134,0.17828914406047516,0.17856979497956194,0.1774686313467779
98,0.17326705747145632,0.1769132659624385,0.18753321540155055,0.17876965416903928,0.1840185905518573,0.18352802877807556,0.1838373707118064,0.1934127945782384,0.18912123707220763,0.1949022712048249,0.18639068311113682,0.19210470426212836,0.18764711858839273,0.19219655546370285,0.19053220784670852,0.19042637492977127,0.19377497967145174,0.19018269617682526,0.1955698668144854,0.19786996638883647,0.19353601746300045,0.18652931699609868,0.18629281276394474,0.1889293802736944,0.18296524434972108,0.18585895885959078,0.19093770579024424,0.20117683437015194,0.18690925222842558,0.1938047423883268,0.1904904466016666,0.18467452897640443,0.18711646319166217,0.18466844830442417,0.1842115258960111,0.198530391952258,0.19136737514874136,0.18984956220957813,0.18227839673254762,0.18650110100506356,0.17933526546642636,0.180056208155971,0.18499977491194997,0.16418542443817905,0.17400430772681497,0.18583978741658114,0.18019780644857816,0.1732417651177326,0.16366341163808787,0.1701762698576175,0.17365472316162794,0.1811401820988889,0.18487632517691724,0.19035553088519577,0.1760871238949114,0.17931845981125877,0.18241510604372926,0.1924423714343747,0.18961631401711412,0.18893294752036338,0.1941470518008287,0.1799314169439105,0.1975073854665758,0.19207369891077564,0.1863469976657645,0.19817238220068098,0.18936543071043388,0.19435347046561186,0.17959547905380252,0.1807147910816191,0.19428841261704707,0.2070185202680349,0.19339765329073783,0.20241738967354048,0.19990982915075073,0.22240297892220556,0.22125383139527294,0.23238313161562885,0.21906661620283588,0.2177251006554374,0.21606200404725992,0.21176437460827957,0.20830361165878877,0.22427971729613552,0.22417563055284245,0.20946728323556235,0.2161560522274125,0.2111447075090546,0.21277666617521493,0.20624617359491335,0.20056136189490928,0.2134299192171652,0.21282272517929873,0.20839097183224695,0.2117593523312659,0.20246857674773608,0.2049212988990315,0.21090544879939596,0.18663943023852486,0.19048373582679673,0.19486166093092033,0.18267898924125697,0.1935994860281105,0.19874557132845994,0.1952772228046889,0.19341519948004463,0.19783422682136959,0.1856516870108672,0.19347337158342787,0.19234672669556613,0.1969520610757943,0.21917140919461106,0.22078908516950546,0.22540087622869218,0.24561466849816774,0.24208010552934148,0.22569253780462217,0.2372682352040966,0.23213808636269181,0.23780084855657455,0.24855574175585973,0.2653707183112126,0.26186231322169656,0.2618490484319812,0.24645305160534292,0.23415309360118192,0.24571637520188677,0.22188773655128455,0.22381552080295913,0.21670443523182387,0.21147400974736397,0.22208202050021214,0.21844444240393115,0.21643310999359067,0.2150240313930105,0.20195811569598013,0.2134964214821448,0.20100783688251278,0.20871050072002773,0.19941212385176665,0.18663289810465414,0.18441888842183532,0.18666603385559943,0.19192104514281197,0.18752786101928107,0.19583930985577425,0.19908797442945805,0.1775768304314307,0.17982186600052694,0.1740073127007001,0.20088980629368158,0.18353208567638474,0.1848866272459271,0.17400410739706776,0.17842964030773056,0.18734862066801222,0.18142147769864156,0.17781250488236622,0.17585296693810376,0.16784163443034286,0.16392662594031035,0.16921801644810658,0.17663326630916643,0.1670400841087229,0.16003640979704425,0.16478368097574517,0.17091626748103378,0.16105811059848035,0.15182175241560894,0.15012948679410784,0.1394090603625214,0.13531034457554533,0.1469585979648408,0.1458488469394514,0.15336808680901062,0.15376730401693042,0.1543753659112479,0.15804617878476312,0.160828273575612,0.17003436348941645,0.16490726920081183,0.1765036131009443,0.1685102411103531,0.16543210657959548,0.15588990773254432,0.1549205392442351,0.1517113245238466,0.16246746343912807,0.15356031700856734,0.14719735289779448,0.1485224142084854,0.14411858850546302,0.14350168480323655,0.1523596618119888,0.16148526480291833,0.16028002444618186,0.16446129285844152,0.164633002985506,0.16759111871396218,0.16082449634795914,0.1664625334412284,0.17070635924993874,0.1664822359263377,0.17809675233372166,0.18168743761781983,0.18295433318523446,0.18940402329905826,0.1798108938738585,0.17771934338689954,0.1655227526300497,0.17167628231978718,0.1790097145353094,0.18191365509621035,0.18627359656869155,0.18723114792788756,0.19387928078769687,0.19058582656101186,0.19070312071019213,0.19831224910654974,0.20658110684045786,0.20517422422163542,0.20012274440648573,0.202951651641019,0.1872184304481381,0.18692151830294446,0.180431558329383,0.1777065763714829,0.1824194743695937,0.1914158516508354,0.18520542338003534,0.18765243316718508,0.20081585100112206,0.18847814551812156,0.20547954718538217,0.21832652381026182,0.20499029479574377,0.19944511655157895,0.20910248786088115,0.2128603637661426,0.20733518090356223,0.20867210641431397,0.2159738150961425,0.22346993362508313,0.2072143844205467,0.21855719085909464,0.190188432908465,0.18616502800404228,0.19718611476018413,0.19039064273866346,0.18295938847011897,0.18908187488523298,0.17548071690762457,0.1702706915856457,0.1747662228057414,0.17835406002451878,0.1753012044374877
99,0.18309462703879426,0.19177884555899388,0.19292557353156775,0.18547462428253478,0.17491066864461807,0.1768033949463186,0.17981217737107902,0.19422682013851983,0.1875323517811667,0.19398028809512738,0.1772943925524427,0.18105311449611755,0.1905261975237932,0.17720648044480594,0.18588947463212865,0.18827844378957073,0.1946263777790865,0.19651767619617222,0.19230204381058053,0.19739168757330366,0.20504769895558467,0.1881440983304813,0.19416064229574354,0.19103067049105923,0.1953420585136573,0.1845864425799116,0.1945534784394625,0.1824642557415145,0.19090891086607903,0.191159462189161,0.19339787594814273,0.17451489488197627,0.18634116227159545,0.18856174994518893,0.17934055110859215,0.1825732724754935,0.1873172183889642,0.20403062973216254,0.18822083684763244,0.18516397695708664,0.19298199868012922,0.1758386334810064,0.1868274559472727,0.17942410972215736,0.1755609410076151,0.17053004238453282,0.1754118383213299,0.1761823911738205,0.16876170328615867,0.16642524309807247,0.17340914622315273,0.17419203787264825,0.18834192286132165,0.18109063850230614,0.180329218262134,0.17998114070099502,0.18232860114278926,0.18665000246592442,0.1937651192696488,0.19631518788276114,0.1959221554223979,0.18738999516689495,0.18727387636365264,0.19504364747022368,0.1964476237905571,0.18334041075226226,0.1790236057121365,0.18114289320861698,0.18510502133576867,0.19294534267033359,0.18934977787975427,0.19650326916659186,0.2050566225915034,0.20684994035351698,0.19908950784023538,0.21536345012385338,0.2243385456050143,0.22898635285625407,0.22698366286516422,0.21310655083071423,0.22522520972666027,0.2195134826371688,0.20691148612272886,0.20548896277052947,0.20967125756011692,0.21723530098407795,0.20621055921783385,0.22301311300955684,0.21215989901161697,0.21241510670250766,0.21126978969410692,0.21782694470652136,0.2110807360907337,0.2088998845670974,0.21647243382653897,0.20841914022323504,0.20849512268425816,0.19606047026977494,0.1969360622851539,0.1849061261214531,0.18838230217383647,0.1804548670856316,0.1799987544932156,0.19467944523801178,0.19317739264099382,0.2036864316925082,0.1973752531340435,0.19828057515568576,0.19042637492977127,0.20096951295068088,0.19950285896449607,0.2027853141970824,0.21093065438528472,0.21817937834947787,0.22062641087847024,0.22265102561663358,0.22817512651336805,0.23269223981706952,0.2280739583245455,0.23419466632855976,0.24432859634582554,0.26584714458588155,0.27415047330212594,0.276990580213515,0.25753959001943844,0.23858596918392289,0.2500796771463896,0.2196443316851296,0.22443340581218524,0.22206627108599541,0.22588859283267335,0.22551503426054603,0.2284238252094133,0.22268517225210305,0.2108305297484789,0.20888718629538672,0.2069186327156982,0.2036709082072856,0.20224860743586484,0.196666006912469,0.1999808269872258,0.19056599202142838,0.19551735798259573,0.1892520968340857,0.1926514135813123,0.1856365548778293,0.19120233867136321,0.18317934425555274,0.17876920137403787,0.1757742688008551,0.17723598368646032,0.17823660448492784,0.18246555817853627,0.18577454230403478,0.18155549587638323,0.184134429252537,0.17963443816965577,0.18424614082524557,0.1873243352024296,0.18278342041801404,0.1699299775362438,0.16917329181587973,0.16854438937681435,0.165252903958207,0.1642165409763794,0.16154569906262348,0.16483897297487407,0.1592894820116233,0.1551075721417592,0.1510170561159686,0.15473729479289117,0.145067791688359,0.1424485392202689,0.14664626290141175,0.1570113327467431,0.1605620853312712,0.1563079257808111,0.14543234269401767,0.1550043905936877,0.16155741662819692,0.16045095265438003,0.16223520429071567,0.1740081140358338,0.1683644903335731,0.16989081509853213,0.16763584965923414,0.1555578743439583,0.15660585682852635,0.15180672111208673,0.1483539110168517,0.14412854420872237,0.1408630215854839,0.1412407451098133,0.15298540480478917,0.1583302873649378,0.16218437069089633,0.16077006968272958,0.1584619514735107,0.16169276958656298,0.16521660739841826,0.17155812852200208,0.17088057629117384,0.16270413862046992,0.17321683541749652,0.17382634561205515,0.18696602724058647,0.17744239881442453,0.17819889226039637,0.16888450294893517,0.17210409343853725,0.17864205254138768,0.17798692499523763,0.1748198728382945,0.17695412867311427,0.1727771476378605,0.18920678227808785,0.1853307571457438,0.19770799870848624,0.1879062389558386,0.19469486619874754,0.19482334695163597,0.21123972819292575,0.20133450903941058,0.19769802921500826,0.18839496857504595,0.17446194101250007,0.18942844753102656,0.17742568883377904,0.1935414542637791,0.1913748661696646,0.19101637543378341,0.19305524268766897,0.19989773442703776,0.2104067169658724,0.19399909322922596,0.20617656509718021,0.21118666889606563,0.21409760051775198,0.20407814122546072,0.20912627414148285,0.20648299930392902,0.2080193811347356,0.20849137811134547,0.20902440699135286,0.20581304590790883,0.20090453030499314,0.1911322181693079,0.1964011244896161,0.2059426040995535,0.19565755403616278,0.18032249176899942,0.18179871115221427,0.1775096632066098,0.18155127365099827,0.17483690100943,0.17490503028172302
100,0.19670814820889254,0.19003018887179768,0.19770674225148469,0.18197875940096883,0.17976494242930238,0.1891161857138703,0.18573420875554747,0.18136266966672995,0.18886665994132942,0.18971068841852928,0.182929311581955,0.183210390337791,0.17941018746857926,0.18209297861107554,0.18575696213037712,0.18668550546463503,0.20392930540193946,0.19746710992498673,0.20842945838895183,0.19940628521565607,0.19455831663976408,0.19809847396487615,0.19944596706467277,0.20689833703657734,0.18875531960638445,0.19084860946514443,0.19261468731102044,0.19538060946690744,0.19296635793092404,0.1855410884522279,0.19793716696336233,0.1926913413829167,0.18504838535555793,0.17903609632555595,0.19109952167029143,0.17279178855246352,0.1758911142018777,0.19333300442537435,0.1826742782021284,0.18539789548027313,0.19091541682031593,0.18663749635927973,0.1758789239961685,0.17403203558879576,0.1841371427777591,0.17415433930555685,0.17782089836313672,0.18496834042684362,0.17631038752439335,0.17709500010660909,0.1726117278970813,0.1730599603989208,0.1811433103060228,0.17294583201361793,0.18774889948105072,0.19122135883441738,0.19271290583650272,0.1926372633798917,0.19290589525477098,0.1855201129324737,0.1922504654818995,0.19505193362601203,0.19266889206729906,0.201391710242061,0.19530965820605425,0.19484281704877995,0.19355954832362612,0.18647997401676863,0.19197527571701792,0.18683524247821237,0.17611457537770248,0.19311250614340864,0.19557562194096553,0.19697942709925156,0.20197897317768296,0.20591628766057712,0.21818475384514824,0.225626236852582,0.2228562405710276,0.21513714451602622,0.22450276800369026,0.21439759037932113,0.2072140981434929,0.21463033330633627,0.2080345175269069,0.1999341833025235,0.21775648621112215,0.21734807595019418,0.22254497884949734,0.2062538196164111,0.2061895733584646,0.2127434510814323,0.20892119438630175,0.21823620454023399,0.2068244128068577,0.19702921634396478,0.20261899177951873,0.21190006991336272,0.20482204597081488,0.1882011184311395,0.1860013087374831,0.17682289634461112,0.1747872703304403,0.1818722752822085,0.20089722598730606,0.1963162727635791,0.193192783589587,0.19938478438321475,0.19453762073751465,0.18633378247595453,0.2058852812540047,0.20769024564888952,0.2073238189307479,0.20660175197504385,0.22360484012231638,0.22104495129808915,0.22458994045562136,0.23061821162910492,0.2310430451853525,0.23517681260655154,0.2286119352153354,0.24412626123102757,0.257919988048112,0.2821590601106787,0.2698727285427529,0.24487164570437292,0.24664453666340036,0.24508955314566386,0.24341946299682338,0.22688046311583326,0.21845676593099334,0.22585535911721025,0.22315550249546182,0.22219628832554603,0.21204683764277366,0.2074302066454464,0.20960845651996232,0.2181850552787335,0.20840047284014246,0.2027161175757363,0.2013022086906837,0.2017065261969825,0.2056950781183728,0.19056450012626588,0.18300607220029744,0.18752457937667943,0.1986098713077615,0.18217106613799514,0.17780554473539842,0.18301277237710215,0.18318406831997405,0.18648598551777848,0.20757985296891354,0.1887008689259524,0.1930092397157172,0.18318672565974944,0.18522768547299825,0.18094192234791284,0.18675812281374896,0.1826345756994378,0.16597225705547697,0.17455640941539366,0.16533229717468112,0.17629049613272152,0.16851586733722868,0.1602310209839286,0.16507416152410598,0.1656221812433035,0.15678842590980022,0.15665707016082708,0.1581885335340369,0.15315105752344765,0.14447842545616926,0.14602526397438323,0.1452900924119992,0.15323500964026995,0.16087738560886825,0.15148687266766986,0.1569473546291156,0.16108095657895183,0.16549870506000927,0.16581220703703978,0.16585921287434494,0.16834316963754153,0.16191109130329231,0.17699793517798051,0.1681013882361843,0.15830367606748957,0.15203759810966258,0.16258691850748605,0.15353309332335033,0.1466233034449809,0.15602600907609573,0.15684042122110972,0.1555159723150867,0.16387609250564658,0.16157010231596122,0.16069523534081404,0.15872056471584814,0.15818270576044197,0.16785338351876872,0.17666592839265574,0.17444760043123372,0.1680004712708787,0.1695545310367244,0.18148899678355215,0.18787621404961738,0.1814943041131559,0.1728126380827803,0.17202786522182908,0.18036895951710288,0.17850956841852836,0.19120991128737894,0.17812074380075696,0.17650621417347534,0.1770723699675774,0.18871612048551983,0.2034441142532419,0.19677976609292883,0.19508772757552026,0.18649238368530321,0.20494602526403843,0.2030502226304418,0.18526325919771516,0.18153614133299462,0.18560937143220085,0.1837658467280211,0.1825657056033844,0.18950736804568086,0.18078854102806147,0.19502691904147415,0.20025636559779172,0.20276526519509122,0.1974066006476923,0.202021057436361,0.20795520740384024,0.21845505568569273,0.19913949387128319,0.1984657592806617,0.20921672522632362,0.19993909638318463,0.20517531081606605,0.20818694870898205,0.2093109264629649,0.22172124062997234,0.2133743445276766,0.19799875524533142,0.2013548987529316,0.20292774529315089,0.19669927536828816,0.1918710711160717,0.18512074952425112,0.1756820133914055,0.17599490690446726,0.17691318449088747,0.1728226260580932
101,0.1929759110787624,0.19409725791940963,0.17137627544966824,0.1819634657560298,0.18980305570301742,0.17501178728375932,0.1795258947866987,0.18626750613480586,0.17699345215387735,0.18768708963980665,0.18446169712008628,0.19093700235103594,0.1868360168470966,0.19262484399690125,0.1890848354727347,0.18492107097471736,0.19270185708042373,0.20655851372360404,0.2154080354893508,0.2121004549167842,0.20163022279391712,0.19958941672661107,0.20562404582283514,0.2020038794136937,0.1927342508097735,0.2020048701454119,0.19147933035940973,0.1849936835307838,0.1931022792807235,0.19533901344750135,0.18449929033003598,0.18894813082360187,0.17905172112490098,0.1884088939234958,0.18851720839267372,0.18266216465937227,0.18274958524994678,0.17940357787476208,0.19247082151602685,0.1881440983304813,0.1887076037931569,0.1907936867241448,0.1786237489146858,0.1892363226516492,0.1833851226187605,0.17278319482176885,0.18735396993252829,0.1916516223712642,0.18088476916760363,0.18539559026468047,0.18277933798212775,0.17510735981711498,0.18875318995499132,0.18241519004900938,0.18727892163583426,0.19878773712274975,0.19717569940793828,0.1851543841997856,0.1851377153015103,0.18089143333152988,0.18006035415111135,0.18451076097011668,0.19282218507074875,0.18820445524871146,0.18924512465760696,0.19177632852897925,0.18515566320537802,0.18601946885880036,0.18656458224849437,0.18632138336114018,0.1806519276180938,0.17807838156613254,0.18953568972075197,0.199439951553464,0.19963672466002305,0.2030661055995305,0.1987405923917692,0.21263830415372015,0.21850858265048706,0.20888131841544635,0.21549916910444622,0.22204735281192212,0.2146735805658595,0.22232970922877113,0.2181907825959788,0.20830912755491496,0.20751356907682253,0.20759304536769788,0.2179784700371821,0.2201793067587485,0.2056973041933949,0.22247407000951977,0.22174641128735703,0.214905386000279,0.21770955996238714,0.19273092243591686,0.20432000944723153,0.2028603591322817,0.19637053801395837,0.1981704474609274,0.18545664546045126,0.1761512786527875,0.17462973702468687,0.1865691358608203,0.1859369916272206,0.18865533883976682,0.19139390349517174,0.1869074446644427,0.18862810424109497,0.19843097668414805,0.20866004658224865,0.20496679016506184,0.2043748729384635,0.2078733906764167,0.22760489604449557,0.22209495835462903,0.21797008823494235,0.20928957689135483,0.22323110035749788,0.22990943808751327,0.23693591688996313,0.23276302892801756,0.24381689711003335,0.25040119664617,0.252772020540189,0.25111629782963735,0.24233904940450623,0.2488553031099113,0.23996682201747552,0.23308536187243312,0.23067413460976094,0.22695753190948847,0.2331185859007374,0.23780073904526203,0.20509539061825413,0.2082233359322151,0.20923329771501673,0.2027865982598621,0.20722745816078078,0.2087842818191701,0.20433991105241395,0.19898145857083427,0.20221142513807405,0.19886894966588362,0.1847275626234176,0.18945653929148326,0.19532528650077932,0.1784022387550072,0.1964197572618368,0.186927802288014,0.18281284190475408,0.1873376637804407,0.18864886646572943,0.20210103144920977,0.19671219298011702,0.18911418262637225,0.18214510314309187,0.17112777354278894,0.18039915543598822,0.17381509895224725,0.17948943893284297,0.1814210181869944,0.17278391094966855,0.1678972179670275,0.1650373722052633,0.16355431256664332,0.17168442567743752,0.16703481484292979,0.15967399817776398,0.16475791979804283,0.153068208755137,0.1644921207976728,0.15478326377641002,0.15545618298842045,0.146792206971409,0.15652618487480974,0.15129166415801262,0.14839559176644676,0.14713466338128295,0.15842109106421884,0.16305251426431872,0.16931030809421987,0.16471536007953724,0.1786447262618227,0.17893549538900458,0.16955238377477524,0.17061923877455634,0.16228022455985913,0.15440593870599525,0.15175324970387202,0.14994362291705415,0.1436835335897021,0.14763318866752345,0.1617396876237714,0.16084975361545456,0.15743670796777046,0.1610022331980694,0.16585168951744278,0.16161117952832538,0.16272987843280529,0.16165241607137473,0.1685010455439522,0.1706822267085223,0.17387346141566537,0.16700028026710173,0.18050801898453717,0.1866447162773685,0.18461708949774142,0.17130222344587623,0.17243558708416734,0.17394770371636592,0.1822938847455653,0.18040476321262872,0.17370307233362312,0.18773580101112497,0.18496484803599858,0.1850526889111011,0.20225586308832263,0.18518691632065576,0.20091129825371942,0.20558153289396325,0.2070749666086926,0.19891723326008923,0.20020098965515706,0.1854651862512534,0.1835461587374554,0.1848866272459271,0.18327595872561298,0.1826601037546293,0.1916764247082884,0.19547336534071166,0.19230815443477278,0.20368148374625653,0.1844126463167821,0.20166637415464436,0.20308071790610818,0.20702142802278403,0.19701359687996337,0.2068257462574237,0.2097605436806061,0.21332561188513116,0.2140285947286929,0.2043425929772023,0.20552099791654396,0.21798042751047647,0.21162101837822445,0.20953930542980886,0.1998534841756406,0.20406750750063407,0.1906175134488635,0.19633704486716336,0.1851181920042483,0.18692285255608143,0.17485163594272773,0.16787471949243804,0.16593175248277062
102,0.19777411964149919,0.181001344135994,0.1872259315011891,0.18217278595007633,0.18270658491034505,0.184800865128883,0.18232255573250047,0.18450884914724683,0.17470985368302436,0.1824963992422927,0.18804972385008922,0.18801253278609256,0.18417348242953124,0.1827795905012895,0.17718836470563973,0.18714093716173955,0.1936057716181419,0.20446115038969326,0.2105047984436793,0.21367464938227826,0.20423966995956708,0.21419158273537078,0.21056641349163072,0.19995250622741503,0.20701055990251555,0.20863655353251587,0.20593112877031475,0.19709227839880808,0.1966296924803083,0.19256612890087565,0.19614211771625453,0.1966276641412077,0.18764932217596714,0.19204703212014262,0.1952170339548884,0.19139897162088715,0.18144215692741722,0.16987094390737378,0.1724239539815487,0.1927975452285515,0.18238058314876787,0.189916194763272,0.17729431090537642,0.17787999149011904,0.1861742444397667,0.1833858404619098,0.19025089127416114,0.177731661152469,0.1829307015812455,0.1787287425964036,0.17845704606917406,0.17790112727064517,0.18464731633723655,0.1894939723641438,0.18123459431624875,0.18788806769011396,0.19616895563949993,0.18622041922063767,0.186383215521626,0.18911500998602787,0.19178489539783553,0.18877248808194053,0.19557932818796334,0.19263801743964226,0.19483213965780022,0.1868890687561877,0.18424711658538917,0.1805706660587661,0.17831858119922372,0.17590010552619992,0.16832394456153674,0.17654706416788407,0.18826691232084758,0.18939447253638142,0.20562035281446991,0.20493276514390524,0.19498855460979264,0.20199391655076493,0.21711483555155628,0.21142449406223207,0.20386696145317865,0.21160104102973634,0.22165983213304816,0.21079402667523597,0.2113832155114423,0.20705088921815792,0.21071822532868795,0.2055176853361376,0.21110236559420587,0.2070221430507,0.20497646543966067,0.214018590735751,0.2093715171278075,0.2136141414514719,0.23033986077540522,0.2080580385999753,0.19628056073289313,0.20807696277841653,0.20155937360053727,0.1937941665066137,0.19060346874885792,0.17708476521706112,0.18181763317336988,0.17236865784906535,0.1841037352831665,0.18749629917911487,0.18422730542475008,0.18677338937736873,0.1875098990470975,0.18936878817133523,0.20679112695201565,0.2009538587480324,0.2130542981173173,0.20987224104446844,0.20792815501091058,0.20845983995450007,0.2125601265674848,0.2203226771118523,0.2153094046053456,0.21768279246641464,0.22085625312946178,0.23428387578568843,0.23391754644594578,0.2549194659661167,0.2538650996946625,0.25892143183491095,0.24933744219803478,0.2307893691292532,0.24523107391430432,0.24342433934369945,0.23953865131560317,0.245185453192735,0.2341688914465708,0.21533027745931474,0.21454964486504813,0.21881072242448255,0.20843545755733422,0.20229981704234992,0.20504170286811432,0.19488777618007863,0.20365582201410187,0.1943838591370389,0.19930811695916656,0.19508519406960464,0.18836161265846355,0.1869090370413205,0.18615594061649526,0.19683702387898705,0.18736315894502562,0.19685359934411803,0.19278507112173326,0.19791359608888198,0.18531671793682852,0.18161591371541716,0.1815150334383871,0.19392535717148335,0.1920610505186276,0.17345223489269546,0.17681866203775223,0.17248220677476878,0.1758031287903743,0.17518995456750427,0.16662255895865505,0.16400938496104275,0.16386307483936413,0.17231171303991671,0.16372379397303527,0.1661477253749092,0.16188466094354803,0.15755601941043162,0.15493266812162595,0.16497616352979924,0.16217257031147836,0.14824293335775177,0.15994663215937213,0.1616732244215055,0.15178470119199952,0.15484029854368794,0.15446319010019943,0.16349034112759755,0.1606393358817544,0.16444137517465976,0.16233362993492345,0.1655273262559095,0.16305472938886864,0.1756995705575291,0.17576475778072143,0.17808059579928298,0.16458835324075713,0.16164110102671575,0.15149908155914102,0.14948100188054106,0.14779576847586,0.16280416080127283,0.16383108218739006,0.1584750874145241,0.1623596102099237,0.1640975133401985,0.1692536721617798,0.1598406731995543,0.15519867172189328,0.16210156211131577,0.17357453081517665,0.16796856038300992,0.16958971096344222,0.1703997683384802,0.18203386908146715,0.1844741423853888,0.17816684929703813,0.1789245361467939,0.17947790852040643,0.17922356013846036,0.1720455325813835,0.18691407248450878,0.16958713371773898,0.1763545625576566,0.18622899518533123,0.1880345694435671,0.19842513753427313,0.2061749509906084,0.20400993148723764,0.20737724471751148,0.20135196395344981,0.1909329136619474,0.18887522730228787,0.19169028363942672,0.1868609704513148,0.18636034252594352,0.17940741967153373,0.1857114154061406,0.18493473954754877,0.19030732291175995,0.19803874706039762,0.1942324552399008,0.1946154433776268,0.20307708460398607,0.2151599823580399,0.19951962046445665,0.2086383310327343,0.20981242338241052,0.21317393403787407,0.2119056810439882,0.21491221487232168,0.2106673343470649,0.21944005325822394,0.20845278412507012,0.20966903675668258,0.19991023514404718,0.19074044872683715,0.1994649387662292,0.2014566834725967,0.19165210779546454,0.18292413076855746,0.1700850335433595,0.16023253366786636,0.171835701419585
103,0.18814071926201573,0.1883348107534226,0.19013129227482692,0.1938904416974751,0.1749677874507518,0.18253918198942362,0.18441451467981226,0.18282631254901138,0.18715787260972125,0.17820594987169386,0.1735771286904442,0.1830441695548737,0.18531620588852132,0.18311490668692265,0.18924316377925263,0.1957996765329708,0.19190986503066537,0.20181314947043655,0.20864313516315236,0.209594026041628,0.2046873483927595,0.20531723169088698,0.2129497820902278,0.21134058245240153,0.2000744307882662,0.19577073890427815,0.19698731016267745,0.2051378030160535,0.2084287864928454,0.19157913145239935,0.20313405122478456,0.19613441750913307,0.19955996830933215,0.19761003723780102,0.19059684176540767,0.19454089072280334,0.1914266944395695,0.1866925552896395,0.19282200747503497,0.18876883693362737,0.1848497638125958,0.1810321878174314,0.18439107658715992,0.18312793575394767,0.17941787142747415,0.19246284443333891,0.17751910514622538,0.1824360245529908,0.1790520509506639,0.18237029474207803,0.18388389739915068,0.1834636797718501,0.19154856377271523,0.19052773298971826,0.17803373373986534,0.1872697367546596,0.19618341043484253,0.19457157750922283,0.1879950438394012,0.1903184096644505,0.17981569668465167,0.1982291049343936,0.19350023642916966,0.19745228320954286,0.1796588022506079,0.17898251238571292,0.1889288147407738,0.18686643487493182,0.17023635035174162,0.1722043032775509,0.18058850387276448,0.18224398363688668,0.1801245463344434,0.18411585963755014,0.19479486310331953,0.2031407071806538,0.20892562017439487,0.21554963907979555,0.21925222028617428,0.2179179476153904,0.20640109643418633,0.211229222269286,0.21772765745636272,0.21424554499309997,0.21465366103136746,0.2240675677891814,0.21991390988112575,0.21737540291715318,0.20247041358850698,0.21104278045472277,0.20827003978906294,0.20611243782160318,0.21189372707504675,0.20868224490003967,0.2077461576133189,0.2134540011626515,0.21027662604020092,0.192138501814356,0.19705195138679393,0.21214670948365488,0.19501017408638047,0.19449583247798355,0.19332552578636625,0.18013632567909071,0.17771365540456424,0.181014472898512,0.186964391328032,0.17888202393634053,0.19551015949140568,0.1888154378412338,0.19913437026006658,0.21555619062165107,0.22168790539502534,0.2119638015787492,0.20875837134837827,0.2109200181348703,0.210573880269121,0.21472712038458816,0.2097707350488462,0.21276515298178916,0.22167978930486223,0.21302363934526844,0.23507037492504487,0.24638161633866898,0.2594340646737928,0.24431346321387748,0.24039841503297815,0.24399442314127417,0.2464045936528208,0.25344399168372095,0.23959199292485361,0.23528042717254852,0.23925917450869122,0.22637736474526635,0.22892266863765962,0.21415415255541168,0.22146877323253117,0.2090840962761738,0.20018318740627727,0.20921845949503728,0.20512197999354614,0.2067831753303222,0.20699721386872438,0.21023658818091412,0.19532763422603389,0.19619071502869811,0.19551157305788117,0.2010332251307418,0.1875551095066379,0.19050299155996275,0.18690516371579266,0.1956402008459471,0.19324764049654208,0.17468801101080683,0.1837436334044728,0.1865316363084913,0.18859774685914135,0.19033418639432076,0.18587350993548424,0.17807301011493404,0.17043630096697662,0.17359095803469662,0.17205420847371172,0.17172637404103316,0.16722942635046187,0.16450640056032723,0.1668991788730829,0.16445614280782941,0.16123265295012054,0.15905887264624918,0.15739792402409114,0.15908216763498248,0.15453433940946412,0.14753396013965098,0.1540532979273332,0.15015195806037124,0.14907060017941495,0.15101740384599113,0.15777820103951204,0.15393132227690973,0.1627765726750992,0.16335886224603488,0.1667755954815427,0.1685849106132289,0.16977271737112976,0.1832526231418162,0.166250323862668,0.18388758108843992,0.18542389517397742,0.162425233584944,0.15854943546270003,0.15751793147003657,0.15303155807578822,0.1660791831027468,0.16438458894298674,0.16333467774052296,0.1615573794282313,0.16749343913112325,0.17044776071953197,0.16320708198208322,0.1603089981486508,0.16756588322422114,0.16614994429152496,0.17045945674089494,0.1715170901062142,0.1698688708658164,0.18237172248628183,0.18035782942180656,0.16907897252365583,0.18726952115253162,0.18687534179765133,0.1803308791632619,0.1768033949463186,0.17764230510970297,0.18062031693495129,0.18787963162836227,0.18281902985870974,0.18791307526784753,0.1982145359247264,0.19363024724273886,0.18407249543409007,0.19217827906218793,0.19857736336484905,0.1929033634326248,0.1796081749924273,0.1900281323477292,0.1805861337120556,0.17567784685612678,0.186714351249442,0.17833438975763857,0.17365592273010172,0.18551908771327488,0.19628627349806874,0.19369517390326593,0.1882963493117353,0.19388990595912642,0.20238743205839943,0.19999205363093558,0.20340653419087412,0.22196096280753624,0.2050445356434932,0.21417979571484788,0.2120120278555187,0.22067493127161542,0.2119993356663387,0.2007390063135318,0.20630316939258797,0.20529893667866886,0.21830480758511198,0.19417861539786505,0.19408523599705263,0.1811335087708882,0.18084695468713585,0.176757194581871,0.16985338252577803,0.16641566316671133
104,0.19302035054046385,0.18677459355379258,0.18586653383635654,0.18417581485743384,0.17980567717299803,0.17568286289130813,0.17880732249618503,0.18099538440885785,0.17773247963890065,0.1732994562262217,0.1675349807142379,0.17652848742633503,0.17633864527766122,0.1783695020880102,0.17774062378423483,0.18730747094992234,0.19721963467992384,0.19923937192120847,0.1972553268063846,0.2103543028275363,0.2260010724377395,0.21675324101030338,0.21162306494481004,0.21756528501934405,0.22165957693788244,0.20837379434180864,0.21373438702441286,0.2147221761668462,0.20124500973993187,0.19211094132111484,0.19094685073578838,0.19205600908400006,0.19001960019835562,0.19618919265120544,0.19645995489426407,0.18684599788887943,0.19049728920377823,0.19292472950106965,0.18485895769913568,0.18124085404547793,0.18133151915993398,0.18693542082718959,0.18927471459957512,0.18235912512909674,0.18831664140463875,0.18852766993656161,0.18667428647501766,0.18850661721350184,0.17287786879116493,0.1700117352207008,0.1861039967097785,0.18825525151622532,0.18272429713184793,0.1968257930609504,0.18833138489485252,0.18653077730053894,0.18703827996838296,0.1884468576549334,0.192481325179157,0.1939405844298909,0.18381955059547989,0.18840286381759944,0.18903224840872435,0.19031665677519083,0.19040923140985758,0.187860987112568,0.18340551890366105,0.18293251280829007,0.18743638515958233,0.1802817229644077,0.16832937077187404,0.17924667156835902,0.18092271653189193,0.18533186667264556,0.1863814988766769,0.1927591044848328,0.20944808792862735,0.21821711009322092,0.20947239585013974,0.2065921902622158,0.22682258729676605,0.21471396901673698,0.21039445999483347,0.2076430980690547,0.22001556192495691,0.2085327641782255,0.21826892022596467,0.2060289266532861,0.20168096932857404,0.19473867018190802,0.2029053648499653,0.20884082491872444,0.21624805003100128,0.2119131465176831,0.20827425995532153,0.20269396116203492,0.1992545636059185,0.1958513908219217,0.19279452650945988,0.2083917395743736,0.1981923923505603,0.19064007491445373,0.18848070605862685,0.1880395053161497,0.1738748626758529,0.1764220645374776,0.19132300787837067,0.19363310070453735,0.181342500564388,0.19424806442985612,0.1973741260434389,0.20627471702168892,0.2118124091962889,0.20151378946547568,0.20288415476678265,0.20484298697767195,0.20800913116549533,0.21022802000439564,0.21386553376939155,0.2024732900959873,0.22912991816745032,0.23006746116523655,0.2310429919857315,0.24062824301401126,0.2492967403644422,0.23160151715334928,0.2405535663716784,0.2355787429207684,0.23004780828315138,0.22844544340594644,0.23640790806083672,0.23958735884967822,0.24051407689585358,0.246100218901659,0.24289361580714366,0.22799147065650321,0.23524174917327004,0.22370603480597748,0.22281745015077425,0.20807519006079095,0.2120071461543728,0.214388655162128,0.21434462627140638,0.20274136212913016,0.20668601883341506,0.20093103439430063,0.20223558703318334,0.19551978455061123,0.18986014140780427,0.19505871551139956,0.18886953018140687,0.17735237146092497,0.18594131584852877,0.1930723577020483,0.1835997561277218,0.17660439203752376,0.1851102212935715,0.1886597262799904,0.17846481248505858,0.18242569101368208,0.18071949319917108,0.1716322911506493,0.16550156314607173,0.16225974906307988,0.1602726803523812,0.1620451361350231,0.16998883597351536,0.16367769483583094,0.16343181356550546,0.16620569473064994,0.15679131408593927,0.15200924431380386,0.1567498016679792,0.16304301585108372,0.15143490868141277,0.15660405384734807,0.15333171738572723,0.1540806138525102,0.14843557528889822,0.14617967769748072,0.1593936809121579,0.16898346069658712,0.16986750188997832,0.16820906624971413,0.16848284988946083,0.16746042921247112,0.17904916499583826,0.17397450119645436,0.17008777501229252,0.17045721952037335,0.16604327854912349,0.1540394644362059,0.15732509403414602,0.16247838738501713,0.16125426125872327,0.154829246416284,0.16165610107596604,0.15986065938756758,0.16070652117793408,0.17230520625971188,0.153978470011639,0.16192928565187062,0.1667491389467357,0.16622310861819495,0.18196304677014843,0.16530873403877877,0.17217040457672309,0.17610062608358432,0.17458426545516087,0.17976850221160756,0.1823601748756259,0.17813288430429455,0.1826546361608462,0.17161881542943236,0.17423644441519906,0.17802270675397752,0.17045392261733497,0.17674425250399442,0.18170367035340299,0.19068617181112127,0.1940453321287607,0.18892859722856276,0.19710684207656295,0.1933249470942165,0.17840404622403946,0.18558813179336253,0.1749214223120198,0.1792144814634574,0.17799930229279465,0.18147984513879536,0.1774965434230269,0.17924341102537444,0.18933525983695698,0.18836638362393923,0.18934602836868591,0.1956421379118399,0.19792112005180923,0.21011153714192424,0.213121026853391,0.20934543737299463,0.22162798604593514,0.20992148986383616,0.20292145142009121,0.2067936029685035,0.20408458375603875,0.19224024000625475,0.20259948170368983,0.20578613003154586,0.21801752244233302,0.2054776546575286,0.20096044326701143,0.18633472638700296,0.18100463665681493,0.18090126342147697,0.17817919807933752,0.17252959386955488
105,0.1881360406520216,0.18902911454227353,0.1825521280580629,0.18403655709172598,0.18264639302114596,0.17125876189852135,0.1710962535451486,0.1727863378496241,0.17395859845692832,0.16870474587242404,0.16247924786401494,0.16750068984450572,0.18164966446899183,0.17756472782529778,0.16886397181143692,0.17499969831532738,0.1985168338468671,0.19722735478586514,0.2125526383013741,0.2066091733109143,0.22277984630924047,0.2179440916411198,0.21532090673539447,0.21599987508801594,0.2130276124732766,0.2156334344132872,0.20260706717709398,0.21193832613298377,0.20476659094500393,0.19490981083893308,0.19536738792701047,0.18950636442760488,0.1957306867990635,0.1863875501204866,0.197154493562523,0.1963235506607432,0.20121638392738433,0.19385374704264138,0.1864894636890014,0.19326713112754043,0.18458015230242547,0.18587731908171568,0.1901161889996948,0.2041623142752991,0.19024878855522356,0.1885696521772039,0.19966067177519137,0.1796702201725811,0.18896518630397136,0.18346536954256837,0.17978986238582634,0.1903715298654825,0.1902308287779882,0.19089400954965105,0.20142512415135624,0.1862548969961865,0.18781674083153932,0.1942531186770913,0.1759069100771529,0.1833613509300881,0.1886812305566062,0.1958566626677957,0.19748472065345044,0.19616750118469606,0.19602204244534774,0.19965075046584863,0.18424669234121352,0.18068262854948042,0.17996887423102842,0.18002988331450925,0.17819409160314106,0.18449916288248533,0.17817443897881718,0.18449143122908918,0.1840149042381485,0.18593840448054744,0.1947347691204589,0.20115220610989656,0.22087888433296424,0.20954186260044202,0.21436219725554845,0.21980876187558018,0.20961651678476537,0.2185742012537251,0.2178101429245087,0.22034951553593277,0.21082732576827387,0.2116765263251065,0.20289426899024005,0.2017091456919154,0.20169733501134168,0.19899106666419064,0.2095556139587661,0.20485190170456521,0.19583260003299105,0.20932495185882213,0.19201904260669012,0.20142519835912803,0.2030732082181837,0.20668121217663382,0.1959668537153589,0.19609944295421902,0.20373378797598224,0.20425373179228257,0.1849256270534077,0.17721251943610825,0.17681646349533756,0.17977454572438298,0.18882530723316546,0.18863874568164488,0.19865737841497957,0.2046746705453947,0.20694903231560308,0.21383889423045077,0.1914274437606662,0.2091349418798505,0.22050645128444324,0.21463319971219133,0.22773280740573654,0.21217548325140373,0.22589535459405974,0.221971798052883,0.22831676377288973,0.23221485579525994,0.24554941285134738,0.2550803475223919,0.2469786998070748,0.23768353610406692,0.2306907069859382,0.24096929108859114,0.23678249911548502,0.2490272656502067,0.25190918335389645,0.24847425664139608,0.23196128182118614,0.22631148793476202,0.22611605509982877,0.22890912221062487,0.24125382074120114,0.22793126457559937,0.22573520725968527,0.21000135647079146,0.20591443852375976,0.20569522020754802,0.2040244284943013,0.20253591204685342,0.2053131659917277,0.1985443304303931,0.18868266426219632,0.1835878348502322,0.18078566871198207,0.18763566899107784,0.16956374505123206,0.1797502901141622,0.18290913672090317,0.18130475738163296,0.17737409801852477,0.17139241569556316,0.18136864148765464,0.17894229375251847,0.17799950722218263,0.1765137737580984,0.1761976046411629,0.16903879960484908,0.16432188188150607,0.16197601124373356,0.16451386289229203,0.1674741182839709,0.15662605163594456,0.16859651762773234,0.1537623472245967,0.15299139337450982,0.15475475427144778,0.16262372326472085,0.15645591975296247,0.1553713717235895,0.1509280635641163,0.15362432935791132,0.15149524437294143,0.15127807865272375,0.15514793515992797,0.15087490164849907,0.1610595569199922,0.16248186674117895,0.17187266062840442,0.16816050387377102,0.16993079922252,0.1718526763432928,0.1697889802609422,0.1770281374174848,0.17025696994210235,0.1685686854239959,0.1603407829711784,0.16647771258151545,0.16524460907295888,0.15317115951308094,0.15464646603494933,0.15547264961058826,0.16677344501140712,0.1633951645302776,0.15597823439119188,0.16370453102118454,0.15771935778215299,0.15926685344197364,0.17073886889657142,0.17132269599853228,0.16896918137406125,0.1746693081306167,0.1691010093992637,0.17764406397546192,0.1849591411001974,0.18685460266319862,0.1842217909196715,0.17894839189832487,0.1755870166822704,0.17627048522182306,0.182147535706011,0.18315349059671654,0.18768043440918478,0.18740695315355227,0.18750372501651794,0.1967855477613746,0.1897444579965031,0.17581409925773464,0.1876142838786473,0.18099438419416386,0.17232615579585883,0.17407014857314276,0.1682587274503931,0.17749813736367406,0.18389168827729604,0.1848921616522523,0.18409979292037484,0.19967176274692752,0.19287507147027755,0.18664587664739724,0.1954425903319244,0.2014373502505407,0.19950845337078724,0.2143617036689168,0.2086326142616773,0.2099964727130518,0.22091657424702654,0.21005402123202863,0.20012391023299106,0.2013850281253854,0.19774321461905447,0.2120201317275934,0.20773329031058854,0.21040889713433225,0.2032402825470432,0.20157780415628304,0.1910487937629075,0.1848577233081641,0.18693326866601168,0.16701639295006235
106,0.17687147598367137,0.1812335510490635,0.18461037309429698,0.1775903241742535,0.1862004387549765,0.19078542771136747,0.17256650364929318,0.16015533123769388,0.16681284909670233,0.16557192573145246,0.1713631749496367,0.16855521737419518,0.16896735277414035,0.17441342077428815,0.17170257173250297,0.17518063651145097,0.18510502133576867,0.19456257256356846,0.20686684932500682,0.1965727982636523,0.20913344907707954,0.21140915969736834,0.22936988666916092,0.21544752033612738,0.21852262055687707,0.21331549339740755,0.2143719211439271,0.20019486332716138,0.2043908265802711,0.19790555747665126,0.18369972239277518,0.18465071769782862,0.19090825149119925,0.1822194787593684,0.19061439719171738,0.1821558821602216,0.1870640789736649,0.18678173275918708,0.19018996565231788,0.19159646853782963,0.17531186101420093,0.18608428582040074,0.18180189259326815,0.1854228704864961,0.19701054390257372,0.2011519559982136,0.2072994739427347,0.2006061855248855,0.1882176730944223,0.1880759655106307,0.1811385554525288,0.1821824339774006,0.1816154537112946,0.18204942015405184,0.18931934794565766,0.19933080561234562,0.19717445995408853,0.19356739257958938,0.18117622231876607,0.18289839735797658,0.17733317915989705,0.1886541225377691,0.1896319452169551,0.1984152598018287,0.19464972747140857,0.1849671478957265,0.19167977900735225,0.19470055971100106,0.18184555931093524,0.18934136338299032,0.18922586535494346,0.18007602687522078,0.18517890001186516,0.1872514545761362,0.1822043327004909,0.19050101764812086,0.19282320624927737,0.1945016545267792,0.2131968580177996,0.21268178665868662,0.2125784323286163,0.2160504125814175,0.22533787786390666,0.21101158515826834,0.21065758447546884,0.22537150247693877,0.21355699441442685,0.21406994624128672,0.2138177228418131,0.20195214950377868,0.20162560799552004,0.18687624542222622,0.19660075893503914,0.1984761193851096,0.20693411784727073,0.21196931678149392,0.1997120432718915,0.19498819542793214,0.19500221299096013,0.2006940883098162,0.20823958998766573,0.20813930496590097,0.20298017845853683,0.19312771404504456,0.19966934993460012,0.18530920803678594,0.18221733893506978,0.18038141939376953,0.18284828866770036,0.1991226337714005,0.19871995950669263,0.1985066910147775,0.20734110083359525,0.19757619165062443,0.2022776502379684,0.21024781931400238,0.2150390337835687,0.2101118758019825,0.22198161156170984,0.23420043640831892,0.23063621384380845,0.20964784375077802,0.23114553039056035,0.23146295857309507,0.23568443395431993,0.2400713308439222,0.24281885114972204,0.22873820041591697,0.22976638956009734,0.23263314927795378,0.2382929534312764,0.2539756029306933,0.25301717359062714,0.24525608986804318,0.24638070863692185,0.23859289127698638,0.24556835442887287,0.24166085071969257,0.22600773348566494,0.22578854242560678,0.22868048256607346,0.23479881459362867,0.2246471431409508,0.21284649356451651,0.21373586345435253,0.21451842514765945,0.19669503611254263,0.19401785551209336,0.1898766671201394,0.1866859353243919,0.18427100310821434,0.18699164405398658,0.1949072975951571,0.19378461747212086,0.18452601377755257,0.18886557274056925,0.1915594140789537,0.17203891701228582,0.1806732263550487,0.17804529436175598,0.18385904501029232,0.17780849252909017,0.1686620986815452,0.17467469757242532,0.16454856528843756,0.15656655654461654,0.1545016066577063,0.16413911973242043,0.16661373495204487,0.1565730458198395,0.1519567512465641,0.1567288691398935,0.16266165997649826,0.15546835380187304,0.15543864437446214,0.15210237661459156,0.16545336336498748,0.1430727747723732,0.1455811011553833,0.15322336647321588,0.13943345859030168,0.1452044746916228,0.15395861657400228,0.15683933780960402,0.1679474058391535,0.17519120508027866,0.17120908253360442,0.16721833699061267,0.1734908600635664,0.17281208100155218,0.1729990028884738,0.17854755195179037,0.1636239226347795,0.1702919427130767,0.17663241221366688,0.16289681764237476,0.1611281423006134,0.15645988258690233,0.1649486631143104,0.16145975903492865,0.15847837156991823,0.15632088316063567,0.1586461729502399,0.1611930823538511,0.16208424411394146,0.16361435326128784,0.1766540505726375,0.17094610111760275,0.16986007049936283,0.1756065860885889,0.1835789155353958,0.17750014002734085,0.1939626906422599,0.1974629632429343,0.20644463448312278,0.1866846457480907,0.18313792955005526,0.17752196643920123,0.17640711602399436,0.17972570670927476,0.19319638685005985,0.18433423460454812,0.18251257817871383,0.19516009012606803,0.18833017068145633,0.18374862587944085,0.17960978789578394,0.1719690927181608,0.16680785586130004,0.1739469827649588,0.172017566701355,0.18611629564843876,0.18443443090745507,0.19214898734188424,0.19723418960243527,0.1981324181454246,0.19006747269879917,0.18901288020476414,0.2036957698029014,0.20957424004432326,0.21170577253816,0.1941357420155446,0.19950370306289963,0.19800979766878915,0.20241825659026794,0.20290056202020132,0.20688409313621384,0.19635745746449434,0.19802461609151556,0.21063391502304596,0.21067179712539952,0.20247881478331634,0.19561992136805792,0.18437732083320865,0.1777380863723003,0.1787072615965591
107,0.17178751601848782,0.19228876051479168,0.18139211306653374,0.1763177763272087,0.17319657520009496,0.1791575026476412,0.18024810186519574,0.17324587387668555,0.16622257277906582,0.16618388210506765,0.17574197389813664,0.16674829424989565,0.164569405397071,0.16978256874337166,0.17831447530942598,0.17917124026995798,0.17973741858550865,0.18139177893022107,0.19844539710493764,0.20153082836301472,0.19496933033074304,0.2032554315609127,0.22257485545095335,0.20213983645925152,0.20896521590625378,0.21781415517256844,0.2126593587609652,0.20241717527535252,0.19622820447790648,0.19440552347642506,0.18688016117920872,0.1950100528489878,0.1885410841347398,0.1803163883164371,0.19011540103566282,0.18036800429541422,0.18643360609347862,0.19338380450398882,0.19701476273968116,0.20350892958702435,0.18959208383813506,0.19191724471541738,0.18062888454731946,0.19375954234146797,0.1952272199774615,0.19455262728703981,0.2110110021125173,0.20643864508014978,0.2026225329057596,0.19066931222484093,0.18636716550853255,0.1965876313640135,0.18746849807421362,0.1841228972164485,0.17980791288340556,0.19783516977100982,0.19581079920530076,0.18351653471985022,0.19365749060148418,0.18237751756280482,0.1846772929844022,0.18669994929456657,0.18211071521248137,0.2024343325092268,0.1965664616074581,0.19238269310787248,0.18901597027952932,0.18611248160490895,0.1788569415281257,0.18324118852463042,0.1785107193159578,0.17790952493475648,0.18722226715611784,0.17238254968140473,0.18148632228256403,0.19386160322139573,0.18901858164970098,0.20366537913078614,0.20360575530496886,0.20998685059202496,0.22151293936609087,0.22039614809520341,0.2177521741894002,0.22156685846517116,0.21668088463662863,0.22177163586701296,0.21792798333882327,0.21101556934735094,0.2120186671494677,0.20749593835452104,0.21014172841169415,0.20253152368281827,0.19844534227245555,0.18890332401475715,0.18970898480866633,0.19463892620988874,0.20175866240225723,0.1892623376839925,0.19673212363850406,0.1962453793690623,0.1984763524594049,0.19485255282700986,0.20149145361596518,0.2125204368695597,0.2023689088383151,0.19951689930034758,0.18604281407182754,0.18361632883486012,0.19024760578603406,0.19679156069550854,0.18817945222388133,0.20198952132627224,0.21576351073386915,0.21491983575383736,0.20710476923631546,0.19790883850343113,0.21154073062612877,0.20483657238775763,0.21419434464151196,0.2119119266510637,0.22696662514076438,0.22002027339774655,0.2098697281663053,0.21948765573966034,0.2263908134758874,0.24539567263077072,0.2420608756466953,0.23051033399921694,0.23804227926450933,0.23469017024261812,0.24234998657444443,0.2395804079049711,0.24878088017522015,0.2395424570969171,0.2339307428870281,0.22478933368775508,0.2355606803578748,0.24431132552358373,0.24857027912791146,0.23716822321008255,0.2352532327334234,0.22230355098762647,0.22627954666963976,0.2157021629473315,0.21823881759452043,0.213504385448255,0.21756062611721425,0.21508399771097841,0.2041219271838514,0.19273402891639482,0.19470925720862284,0.18790840231881537,0.18533553669356648,0.19030526338852155,0.1898053720168905,0.18685856099245304,0.18030480478072206,0.17686642601162794,0.1752925666271863,0.1707499951429913,0.18075241144792847,0.16742029390732394,0.16767630690115326,0.17622844129755513,0.16993126875931885,0.1647691115674834,0.16161538457850033,0.1576957540028257,0.16788125224401337,0.15395932558126568,0.1552286927095152,0.15397137920431828,0.15758468212247365,0.14822620854481597,0.1647392179614423,0.15637020301183735,0.15387568525909054,0.14100126208843847,0.1452529629062046,0.15253552459382735,0.16153502379833956,0.14468116595789432,0.1482285976882774,0.15793413276997922,0.16453041759842402,0.17306514078515936,0.17981619353446934,0.17103571204076284,0.17146571705781308,0.17668789632836002,0.16740398807371704,0.17123021421619225,0.1644727295769441,0.1695942798134475,0.16694699258610038,0.16699297431215587,0.16221944080927284,0.15823188433753563,0.17010520395530426,0.16832231673254472,0.17026645736052692,0.15977992022946316,0.16344246364560924,0.1623859685499514,0.16206636820835038,0.15878475380354742,0.17061087094853217,0.1756253084502345,0.17327455812210196,0.17516014659907206,0.17862115776627632,0.17846074432030004,0.18996688438799322,0.188521158533974,0.19117975468493953,0.19287360590867314,0.18025652730493277,0.17166157781751798,0.18131364970284725,0.17640650673645308,0.18979191156917966,0.1750727283968081,0.186279344062169,0.18414727645201026,0.18082638493124167,0.18262372630509638,0.17362133849722683,0.17280766420680635,0.16129425540614434,0.16545077278622175,0.1842252692805757,0.18622269181281964,0.19025566628472426,0.19070145209887304,0.19166013953797012,0.1848312922932809,0.19134750333166425,0.20048422220317832,0.18301896709841914,0.19919655579935566,0.20115589760923647,0.20010904069416582,0.20590177949460353,0.19872770631129394,0.1992434380022795,0.19587719671018436,0.20497405837744992,0.19932933046848497,0.19373152628314672,0.1917746946850726,0.18972554105001885,0.1882578957245837,0.18767702045388845,0.18931520671382188,0.17812205624773433,0.18075932046358384
108,0.17335257615644373,0.18653533008776382,0.17852901136048432,0.17192075115338185,0.17386569463539597,0.17835241733048413,0.17049937840099008,0.17814379505732383,0.16693757481516378,0.16053528374827367,0.16489295464128004,0.1695862746445415,0.1729717980693461,0.1756073947886657,0.1775060255370545,0.18192927968047787,0.1806578760360534,0.18580050925334296,0.19034369688824793,0.19574025060154793,0.20507579319666044,0.20691810862382684,0.2063504878663373,0.2033918656578756,0.20479186450257703,0.21716718404909266,0.2100291622060644,0.2053909009741145,0.2056150974938426,0.19384410580384065,0.19555637130183198,0.18826951334232964,0.1969097541748863,0.19021685636795715,0.18967500317245417,0.1929443652720556,0.184029904182603,0.18264988369305524,0.20355782883297271,0.19475136038212973,0.2059595811725292,0.1978964119016382,0.1896039147639089,0.18808168200157596,0.19192550853154183,0.1943947357659708,0.20207760684507964,0.20169518937797504,0.20277428093091185,0.19353303174393452,0.20708736398079935,0.18871733718723435,0.19351084082782105,0.18676139104351416,0.17774475738769893,0.19052751363668563,0.19331355166326145,0.19221403694115907,0.19037521201292498,0.18660380710080288,0.18476210434812382,0.19469396959781887,0.19028931379305286,0.19964324119780028,0.20018825318803968,0.2025562788448424,0.17959035130698356,0.17059295810915814,0.18668915930411803,0.1840129975531375,0.18202682752331126,0.18747285791281745,0.1777684558410217,0.18481239707301284,0.18522909293661996,0.19776649197695373,0.2079412737849453,0.19354002820289698,0.22387670171671303,0.21317206881176792,0.21577518617507033,0.2216706526784013,0.2118167499140197,0.21373645402918406,0.22658408381864523,0.22218431660291751,0.21897659581862283,0.2255788093324527,0.2181949525794264,0.21651420764816798,0.21728112438971076,0.21284384705628864,0.20463273084766145,0.1974944338262969,0.19315186238430146,0.1941941755461985,0.1978506083634545,0.19806593571018916,0.19041256353329233,0.198954542801674,0.20043960120583212,0.19908701083925154,0.20475928294166854,0.19961911553463763,0.20227970891428365,0.19210178485728466,0.19643753240303316,0.19245761519187657,0.18815648876742624,0.19325992203495299,0.19691511798726655,0.1888503525870442,0.19206441154856613,0.21522955115582232,0.21630193271871848,0.20810206991446745,0.20171717159030025,0.20394190890468322,0.21699588590629657,0.2189562265913475,0.2276986732058241,0.2181339682325732,0.22191425464473896,0.21113162970822955,0.23109226008141595,0.2329186155332192,0.24036681010192382,0.2338441447327753,0.2462597305817638,0.23618124086547782,0.23253578710214584,0.23437365888916475,0.2399712976658332,0.251363375630739,0.254222508653827,0.24255609938915412,0.24194563984508688,0.2409362796382871,0.2509239988188436,0.23108257588973966,0.23396473388364736,0.23126211864716173,0.23282091944730887,0.21750222297140784,0.2149922476078003,0.22292973511654932,0.2102691213868424,0.21383037618718106,0.1978237180201233,0.19139103896173923,0.19106128750477663,0.19517642101374635,0.18262969759742806,0.1975770241852468,0.1896402852948325,0.17452257010680414,0.17950320200770986,0.17471725587103587,0.17685746673864253,0.17664058729714688,0.18500995605969242,0.16706566356356584,0.17138795625805678,0.16611528666741265,0.17146974421202588,0.1657896825608244,0.16909898469017515,0.15549162418564913,0.16050697135000302,0.15570802638102293,0.1533179486902139,0.1453694006936225,0.14037248879735212,0.14684832595277192,0.14496861841534603,0.15206105524598762,0.14604409438177596,0.15680792213123296,0.14334943976959977,0.14836996696832333,0.14790096240508893,0.14492523057407977,0.1590803727739919,0.16013740995633477,0.1634487486474595,0.16778112419406171,0.17665856567725377,0.15849322410025404,0.16746428517574405,0.17281403079370744,0.17144297725615018,0.1754223400534669,0.18078500267419165,0.1674241489464367,0.16846574233511288,0.17209632644113154,0.16774056441423457,0.16829863747673407,0.17086743499644527,0.17326701757524662,0.1725191858648449,0.16375286232548553,0.1738190612155604,0.15867649544165277,0.16683140219603046,0.17197843794594964,0.1603360573026214,0.1780262730278459,0.18170187129320975,0.17641718988303326,0.17241319505284342,0.18398842427011933,0.172663802118576,0.18008850798302503,0.17937082266940074,0.18833398680706223,0.17666295886278097,0.17489637172116693,0.17431333019030562,0.18357418128840955,0.18011533907325594,0.17374491382677013,0.18083317185926012,0.17780362050754583,0.17924332848075225,0.1796841212309278,0.18639669173370152,0.16461169998368114,0.18000459850861114,0.17674311299536075,0.17093350580742436,0.1719165154804616,0.18647263166057718,0.18265312208688894,0.18343913760686048,0.18562099656955247,0.18810476626640438,0.18833771627725057,0.1781313256798423,0.18224297652219745,0.191992383404333,0.19630590787641716,0.1896945702606661,0.19685102024240395,0.20715336863812084,0.20245466112233745,0.19921206806327454,0.1950449229314442,0.19167964659969744,0.19120991128737894,0.1792581871251654,0.19932915559994588,0.19086337539381648,0.18530297846428634,0.19892671457986402,0.19248531406215852
109,0.1847492993348093,0.18604161461334515,0.17885933017737443,0.1787350803961027,0.16482933254043777,0.16913196710501113,0.1673213269053218,0.17010398974634652,0.16354708205021115,0.17447270726553865,0.16309682247349702,0.17288093392656478,0.16455364245354917,0.1755187834203009,0.18223294764208464,0.1827281258899694,0.18969893818985062,0.19078626238258872,0.18214321583217305,0.18441833639042318,0.19610226055694235,0.20234952068748496,0.20398438806912736,0.21682851727009514,0.20612525218845626,0.21303084989162832,0.21021209477353733,0.20933435084584767,0.21782408580435084,0.21101955361166042,0.20085890001968834,0.1858814279112308,0.18112454187352736,0.19617751546000878,0.18572065214871025,0.19038582050251954,0.188532575341706,0.184860277229634,0.18177384759665932,0.1929647139485279,0.19821741586647104,0.19661557603630772,0.1974038779389483,0.20118287493804726,0.1910464622747798,0.19539029563370858,0.19866227292831826,0.21136150856435582,0.199470729515496,0.20984020410154297,0.20310065780238587,0.20148757502111803,0.19777835938403915,0.19871199337934456,0.19293721264444622,0.18017672970551718,0.1905698534513795,0.1918083458467054,0.19078529592150847,0.19600496382412877,0.1904944819526653,0.18452044784378147,0.18763065731171483,0.18880135202562276,0.19385013152189778,0.19487996816151834,0.19282946663585124,0.18658593363723183,0.18217043694250978,0.19055484696926794,0.19493157868098487,0.1919057113209501,0.18679119477718004,0.18170032327892918,0.18035392574510825,0.20578380822827472,0.1996764505273991,0.19828262511123826,0.20244520277255496,0.21562588752751502,0.22336519405997077,0.23956485175945136,0.21150955912888034,0.22029173327062349,0.21939372402897447,0.22265194842982447,0.21334884692808348,0.21516543209290415,0.21777423659504505,0.22570417885334862,0.23210927764656636,0.21280724040172633,0.19863582112003808,0.19849153943919742,0.18495577664592516,0.18454203270701577,0.1881719562969955,0.19796948349353327,0.19012949733003442,0.19873689487979188,0.1967613347604596,0.2008565089362751,0.19856483077694909,0.19226170970633016,0.20593743538038123,0.19522086376510597,0.1848896072902859,0.18478644057344995,0.1852205630180664,0.19019403843171673,0.1868215624904531,0.19187650532648262,0.18989826638340038,0.19885177410303284,0.20281384565403004,0.21359530386266207,0.20795750582243253,0.19786198421998258,0.21944571246042496,0.21414961600839708,0.22945255604961654,0.21577141021858323,0.21429937281297223,0.2128893323670011,0.22535157617470583,0.22493441104212297,0.22894754976692555,0.23469454747554633,0.21585668344101025,0.2444785156010379,0.2370843024886867,0.2407893087668094,0.2342333879052996,0.234073204102768,0.24505230956530002,0.2496331172844188,0.23347930936984532,0.24904716364961452,0.2363954427899397,0.24922155417303238,0.23744892076507468,0.24399981665293166,0.24068071888051437,0.22077302076721297,0.2165859099134874,0.21833305920826407,0.20918502918074336,0.204440060121479,0.19561469192807035,0.20937402404063368,0.19472647401967222,0.1812524977169176,0.18765822320482609,0.1865561626542978,0.19720457680169676,0.18971916301286937,0.18472165034007793,0.18386133112042477,0.1817424590756572,0.1762323368380363,0.1737921676266421,0.1740140840987379,0.17126440102293283,0.17305581620157723,0.17725251254497126,0.16712703175557084,0.16510426797564243,0.16419646389589182,0.1645598565106087,0.15791122405449448,0.14723362334977105,0.1431765851454938,0.13612503361204406,0.13628309880634334,0.14401243711755704,0.15517794633327964,0.15396464323981804,0.14919696888017003,0.15322195524035673,0.15465714900334301,0.15588165210626606,0.14816785714192043,0.1529931547631579,0.15982160951475638,0.16258137792271327,0.1558263865670376,0.16184850792001476,0.1658253413642468,0.16573807868968765,0.16543248750153652,0.17550027446669195,0.17708969909395392,0.17047594242900593,0.1709043827069212,0.17277308977785044,0.1839075674476008,0.1708802615178097,0.17310989780860475,0.16762272631545214,0.17607394708139168,0.17357465071625625,0.17207536522331138,0.16801246359568425,0.17653165793534276,0.17475012698301712,0.16928251397160834,0.17850886966299492,0.17723426967082562,0.18930496300320965,0.1822642949710177,0.18849520197769426,0.18977644197393043,0.17908891280751574,0.17550395185449275,0.17784763731136607,0.18597158821365747,0.19293530236019937,0.17969322369701493,0.18255233822908828,0.17486906985816947,0.17528106366217525,0.17800463053356128,0.1827640191388706,0.1780137708872622,0.1770916155956002,0.1767737601962738,0.1797188372005925,0.17350288475205541,0.1780759213393666,0.1715089151942544,0.180028929888545,0.16672134298818425,0.17180567296960855,0.16095986532421636,0.1802302976747534,0.19744949167407697,0.17742425895742897,0.19184527176180396,0.17935678065526625,0.17965826446782893,0.18754703386859464,0.1842786406604552,0.20435087423027093,0.19005714452133202,0.19016736987996966,0.21299651614252438,0.21347420260417665,0.18463400911602681,0.19288191090501075,0.18958422606666692,0.184564980015227,0.18737502336011652,0.19234725816994708,0.18196413613544665,0.18161955197089016,0.18517996599037004
110,0.1991304004002964,0.19676623692765588,0.18583319768978457,0.1824734570280159,0.16628275065197315,0.17004892860477633,0.17533446801845365,0.16881860218576766,0.1695518372033483,0.16637654445158004,0.16817177188387558,0.17253952575718842,0.1654182035289984,0.1726716344862245,0.16860894073591395,0.1846506326630502,0.19334413388805233,0.17953899920962935,0.1970621696262294,0.19338785661869756,0.18512377596856536,0.20345594757830965,0.19230403638409108,0.2072390534453735,0.20414431959820117,0.2019681279484796,0.20768010753770838,0.20390015222128002,0.2103238388725826,0.206426619264004,0.201293712631507,0.20282502584971066,0.19815356948297838,0.18648589963782813,0.1855600581739057,0.1922421434085746,0.19393442193495894,0.1932254823040064,0.18607267451281795,0.18980030238556164,0.19548582434124892,0.20643132493471564,0.19987301745554076,0.21087004950809057,0.206296851582315,0.21424120383341838,0.20528537011255799,0.22212052945360844,0.19845516666730295,0.2058997882574861,0.2002924873917322,0.20463461559344337,0.19916875930686093,0.20651257408059673,0.18728228522613435,0.1871913601815444,0.1915164575237907,0.189556071726488,0.1909796090626505,0.21084494826196903,0.19316422679108405,0.18709910067861904,0.19088662525750458,0.1905806483183784,0.19571557135546583,0.2019364931563483,0.20011388342543182,0.2000144765706075,0.1891768109196636,0.19271867451507563,0.19382942169020353,0.1893086681111473,0.190146878361493,0.19540246138366243,0.1974410809344791,0.19854316923414128,0.19336056214568587,0.2064710184456888,0.19744255847089912,0.19637401063249169,0.2107952886440906,0.23302810313609326,0.22629543857895432,0.21913664082218035,0.22442141690567308,0.220209981281444,0.21019612234959867,0.22340721774143293,0.21674939802995297,0.21659807871802012,0.21623231603007453,0.2069049591168198,0.20211223285018837,0.1914021007046387,0.19252928589433824,0.18766314919838972,0.19438667894536238,0.18822270045317874,0.18727077164832928,0.19801660032701268,0.19178039112010997,0.1991165784961262,0.1881414123993174,0.20032153066274289,0.19416126819671317,0.19044974697122904,0.19428152330891396,0.18738451543311682,0.18576573062216942,0.19511731902491847,0.1973696404683998,0.20246337867190178,0.19873074471521657,0.2096845828747069,0.21371071632364788,0.2053138751195054,0.20756322026973936,0.19625056240573382,0.20612302148214176,0.20835493911811112,0.2117528674313223,0.20651152795514227,0.213754418126674,0.20901877589834644,0.20273272597216602,0.22780124851692693,0.22861419873980782,0.23512255910023314,0.24203323188341028,0.25313488486514846,0.24993213552519902,0.24620280694974886,0.23732669974820092,0.23529722212128698,0.2336242929378914,0.23690973121177297,0.23107927697206151,0.2375780973763311,0.23185912896540958,0.23160589010867996,0.25287971885811855,0.23818686044791915,0.23154147736115382,0.23788359876669757,0.2400996903722908,0.21280782841067397,0.21087539058428895,0.21389276763376391,0.2091722654124188,0.20594834200396542,0.1994318987033167,0.19634772787323895,0.18242233063921875,0.19293121530393886,0.18628925247102118,0.1897602308416923,0.18607481676598242,0.18132041316872424,0.17960672752738777,0.1750896602494156,0.16921606826491054,0.17808686960939024,0.16762577547135257,0.17020440667898873,0.16823486345254304,0.1699225042863267,0.16928317661147366,0.14967766518321274,0.15796832020696178,0.14903353403228378,0.1449018732692204,0.14158557210394027,0.13037250193316804,0.13605233507376563,0.14351589377477897,0.1399516425652425,0.15418282545197276,0.15767505821112282,0.14354530751118325,0.14662195300066874,0.15003514419366518,0.14795716458172228,0.13746843863997865,0.14761245390698904,0.15533273890050203,0.15885339464751455,0.16019512660197255,0.15419951225143932,0.16608384858798234,0.16863281896721938,0.1719312418206487,0.16964513122052988,0.16371331404296588,0.1783376337649921,0.19092108773154506,0.18279890925137984,0.18653296777863518,0.1748932708525628,0.18333606258778792,0.1801713364469624,0.1755207637514504,0.1691005810933963,0.16722353503647808,0.17206280556567843,0.16841970410079343,0.16796736142538898,0.18085803167871095,0.18962552666333718,0.18386603043607708,0.18796924628429754,0.18037340344103503,0.19024681727732617,0.172038718945277,0.17984571715869593,0.18572407328106075,0.1776095034093021,0.18714395354157407,0.17775568529746086,0.18220869597892986,0.17607374436888543,0.183394454798879,0.17863995472721664,0.1725233569363761,0.17357085388895238,0.16924420220684397,0.1691309935059479,0.16489249902583838,0.17800303204458442,0.1848078863375934,0.1835913435146377,0.17104874812123094,0.17078990619559797,0.1632314355218776,0.16799807290863758,0.18139186246424152,0.17900122372362048,0.18358859575971023,0.18479865243960023,0.19067370259854702,0.18204506068972706,0.19074822265646776,0.180099289702719,0.19242336274249544,0.19902954950548224,0.19804585624462884,0.2039979344192038,0.20593866827409057,0.19720364139845847,0.20070942187841598,0.19255331507017961,0.18184250271804336,0.18160278314669961,0.17988849981653157,0.17778851399537257,0.18307224192739163,0.18047040792927535
111,0.2040157329850299,0.19463247263014466,0.19803500332702545,0.1855208818505908,0.17984497176211942,0.17155911609281785,0.1688279317042729,0.1695277898047984,0.16725045194725388,0.16471577727831155,0.16688822669495068,0.1646887753187315,0.17296721788372432,0.16750385248801322,0.16940241603802492,0.1797151128779435,0.19242048280146437,0.19476925362408365,0.19385169377567385,0.19153789049389502,0.18438207579259003,0.1954323075724292,0.20194388175950131,0.20471171657208903,0.2037912485159708,0.21246749618526048,0.2142492942472511,0.20780773079381648,0.19888973540856675,0.2060878079982644,0.20005352123440062,0.21180943414899722,0.19408711297676756,0.19785110948873677,0.1947205555691687,0.1912079740779903,0.1968311001997835,0.20108611333779483,0.19308747352184571,0.18986136548531807,0.19155297439216942,0.2075286208786789,0.20591913251887492,0.20859140049792763,0.19845724584577765,0.2061227367128605,0.20486897755567396,0.20717850744456737,0.21868268623482295,0.19705863492662432,0.2045875492642675,0.21807822316212114,0.20478799782338708,0.20327311853891805,0.19371613701971613,0.1892281310535228,0.19492121060148399,0.20513010390040665,0.18928146994773673,0.1970914842123594,0.20328071519164517,0.2034558913613616,0.1995162231038066,0.2008335707816789,0.19718923402459917,0.20247559785843752,0.19915372640874437,0.1989228670332975,0.19131239121905297,0.1860410577245356,0.1912876800324483,0.19729394643028178,0.18696378862701488,0.18148849531161476,0.180918842286838,0.1972633072121779,0.19706121221096132,0.201472585603423,0.196086944845605,0.20627989420612194,0.20758678365360017,0.2244157844077967,0.23264327342729738,0.22632488063850761,0.2303636228963971,0.22676655375660434,0.204392662034867,0.21724725615913293,0.22571041537644082,0.22413552668521805,0.20769885386762338,0.22915445246860108,0.21965636885933507,0.20438621448505787,0.1965053052718829,0.19459922215968434,0.19885259827637622,0.196165703457325,0.20412180028170207,0.20275672606147563,0.1909254399404509,0.2010383679722759,0.19584789136872074,0.19571862229164091,0.20208065924193933,0.19898912851358577,0.1894484254048972,0.18909049554845264,0.1907559969029372,0.18785635871436399,0.21412910412592293,0.20004858783809173,0.19730116062544253,0.20878130123028085,0.19720304201619154,0.20064300335425758,0.2107418072050567,0.21726486497906156,0.20567532867799876,0.2118750899872229,0.2072074184578491,0.21365418299350986,0.2139717309653335,0.21065986425576952,0.2209021282297863,0.2135367851381662,0.2110802014569188,0.22567123208313275,0.242087519196423,0.2420587019299763,0.23260679641571694,0.22817433842576168,0.24321043247675,0.23270242011972803,0.22865968453922647,0.22482023632686993,0.2336830433514705,0.24568904940916633,0.23156360389241112,0.23370106956228753,0.23876490933310907,0.24583091634177387,0.2343691797100336,0.22855172316522243,0.22040502918962543,0.21516463939561797,0.21706454888237345,0.22171337857620516,0.20587945029550903,0.2057434414690563,0.20329400884680285,0.20212168960550653,0.2052116914292293,0.19885565690508925,0.18614805380952223,0.19704983702152973,0.18699590668787489,0.17889409275214613,0.18994042262875485,0.17943873544875694,0.17747459754178752,0.17346082195865137,0.16717444882376692,0.1611453952477566,0.16425344988532145,0.16289674262563525,0.16360448307657832,0.15231441261248305,0.15049081701947636,0.14390338173714093,0.13470074570832413,0.13934583746168105,0.14446511911420984,0.13869985274777064,0.1311468911334425,0.14296179748618723,0.14322010902723192,0.1404206567801656,0.14206431447368978,0.14471048530949282,0.13962365417424297,0.14058338624569125,0.14468016653925825,0.1407676952216577,0.15058371247947802,0.1457333673735589,0.15530698902191603,0.15978293709421643,0.15827925593635034,0.16032221337224245,0.16638148646532575,0.1685516467748907,0.16880795161575518,0.18423095357267658,0.18856730752436207,0.18182307571226014,0.17694198702190408,0.18153513812997568,0.17286827566665322,0.1760427321047386,0.18269144042952287,0.17371615171765223,0.17386253197376358,0.1637206650028058,0.17474779321178407,0.1704531768981098,0.17732913679109658,0.18466691753743025,0.18910695426965424,0.1774035066209132,0.18241279591368578,0.17636914112298793,0.1810886370256642,0.17519108406252326,0.17593218642822223,0.1705616544388644,0.18476180654703678,0.18636021379282397,0.18261640963561365,0.16624714660723441,0.17895123502381763,0.17332371935863453,0.1711821591869632,0.17603794899994465,0.1793773897532742,0.1734666134757244,0.1737094719091863,0.17556639838651233,0.17611842784839912,0.17510389233491813,0.16270222796705533,0.17426184186140375,0.16318893193860692,0.15745229673041325,0.17287552021769684,0.17989015665847394,0.188688008169918,0.1862310534756251,0.19025641102194557,0.1943012971736143,0.18986171522320006,0.18106116065580932,0.18862019955957782,0.19189784603183796,0.20403511165322633,0.2028444081838193,0.20163157846905083,0.1976607368420255,0.18702617848918276,0.19802184382226448,0.1841572834725623,0.18109610097821194,0.17846181271822698,0.17985362683491274,0.17708668166531188,0.17976154828391647
112,0.20941703191157862,0.2086045130850219,0.19479804770476153,0.18685696904560734,0.18150504461717834,0.19861749034060674,0.17265779886917765,0.18179540418697437,0.17530608862140268,0.1689142153020541,0.16865215698840555,0.1688719040004842,0.168791471766095,0.17586001262495746,0.1843653915195226,0.1822977464605384,0.1868379958043823,0.19025430824200187,0.19017082913618558,0.19194437964883101,0.19416922625638047,0.2054423149019831,0.21656695985802196,0.203969142455671,0.2042442787479169,0.21275721658992436,0.2090697500374642,0.20337626628114752,0.2190179451262325,0.2126757632136728,0.2107388471950878,0.2038227796401716,0.2026829888696273,0.19689306970787826,0.2050083734838681,0.18799426466676197,0.19147642045833949,0.19739985530777898,0.1970914796741603,0.19301563947266948,0.19021225752332285,0.19161204237193452,0.20370696109079675,0.20625671663027595,0.2043532739742726,0.20108890072479318,0.215706782051828,0.21993639388021366,0.2147616836459096,0.20730410404382266,0.20910783231579264,0.20118938820756258,0.20909906940729692,0.22115680135264168,0.2012024524420569,0.18424249237658058,0.19186802272395787,0.19643982564907742,0.1811643749739479,0.18731346599618715,0.19681718229470513,0.20625714406199583,0.20327995223711148,0.20229731098639078,0.20431582235868392,0.20388814752486317,0.1995703897602046,0.19295009645074113,0.18828368954101687,0.19198027082731345,0.18975743445219267,0.19000174955587146,0.19319296152679832,0.18850896111171814,0.184884754099772,0.1911807231442296,0.19061294880785087,0.1807435466520045,0.19815095053657264,0.20065009514256937,0.2136189125927098,0.2119544309438433,0.23329165281650913,0.23991638005008578,0.22701146950561019,0.22028133508658473,0.22628345441271444,0.2100748683252794,0.21550165014459988,0.2259629313114109,0.22040563819206832,0.2173304103440247,0.2248978481121875,0.21502086270513068,0.20239055437818718,0.20128325643554024,0.21485303852295157,0.20951552041324442,0.20195515815388745,0.19124689813988394,0.19920038387108688,0.20137289793748103,0.20005358572404686,0.19938930519642273,0.20643222805550507,0.2073392389018964,0.201645716103912,0.19322201197387226,0.19100516006085302,0.19656572385290555,0.20762172738803641,0.2016379809073215,0.2033076123389028,0.19403737914691593,0.19665755256736403,0.19931073100683766,0.19713488324996553,0.21422201498818144,0.21945799140990013,0.19115197959983457,0.1955736675206505,0.21191592783983254,0.21766073932484759,0.2112534450463255,0.22377506914782694,0.21262410571188473,0.21420909185023762,0.2261917184131069,0.23741404091031845,0.2506682909340825,0.24839468566805387,0.2332357397168108,0.24253526800774503,0.246556978939234,0.23077464948182044,0.21852015505283584,0.22058963394150452,0.22056952097294236,0.23521320520472058,0.22195155906106753,0.2381662946290467,0.23205193809901115,0.23747565816659935,0.22289975955441985,0.23574473379974087,0.21512644475593992,0.20961965409737723,0.2188912493217958,0.21936735559777942,0.22415833907367236,0.2043010506192991,0.19639947385595197,0.2068203648845875,0.20915276002583902,0.20046175121773066,0.19148541484091194,0.19502728727600455,0.18774457645264994,0.18537061893288945,0.18225141127960148,0.1838290318675067,0.17695494357886832,0.17060623542813902,0.16981318201192572,0.1701838718270446,0.1632807550514393,0.16184064477483892,0.15852406487989848,0.161400992130993,0.1507363517858251,0.14139693644885964,0.13734536251771864,0.13830408252263118,0.12885106129121432,0.1335106775807674,0.1346824475154642,0.1376144377251399,0.15175394855502228,0.13613318328229326,0.1430876002161672,0.13954394608921206,0.1428222925539333,0.14412489370434226,0.15312496413924337,0.14303884676026657,0.14291802302275877,0.1537276541519666,0.14424939488500216,0.14671786546208154,0.15614712774811976,0.1649259141640347,0.15854454355237707,0.16591135109333668,0.17290370520521775,0.18271247476970112,0.17771590602329107,0.17592813548656214,0.16915537411341436,0.1741285565808185,0.17536725335292025,0.17848149703984809,0.17908598502247527,0.17213480821378643,0.17384183597536762,0.17601549446557424,0.16637880473422462,0.18443014173002056,0.17530733996314646,0.17140030878973564,0.18364960559770785,0.17216901705278956,0.1886475633300271,0.18587325314191774,0.17972624469393297,0.1637917035858935,0.1683215415814149,0.1792903437972483,0.17547388843860554,0.1803738187666231,0.17775842761247487,0.1618755660207882,0.1763932247910264,0.1808867683910023,0.1677125645744846,0.18500727227180702,0.18052730548222176,0.17661557517419696,0.16753609943226552,0.1741858210577475,0.1752958360286866,0.17512582733238974,0.1680034499297162,0.17280213342482914,0.16762971243822528,0.16893346889730643,0.18175568344503926,0.18153676833769672,0.1885306218464878,0.19428340218690468,0.20186984985191228,0.19802243201430592,0.18508311492091165,0.19994523191870825,0.1998069497850027,0.19932947550392519,0.20696671187951668,0.18644287875570056,0.193474663505555,0.1957970796805933,0.19433409401457533,0.18935692831596712,0.18137444645310094,0.18405117738666635,0.180156277664351,0.17616158127809428,0.18755282065412804
113,0.22181698605119723,0.21663872947601437,0.20644962578500806,0.20845609601526535,0.20229714329602214,0.190439091069361,0.19415076226917558,0.17937284646207133,0.18220953508291635,0.17723679989020763,0.17760103811845152,0.16995654740525917,0.17756918443228303,0.17085453075642107,0.18457624223797478,0.1893537018661962,0.18649654905327145,0.19261592914780523,0.19379202462616743,0.20059306762993137,0.2060881401728323,0.21072463002172692,0.19763753109166637,0.21241716094864527,0.20497943890847614,0.2172334502417286,0.1994439937145234,0.20598651973550108,0.22337146881997105,0.2007494434818267,0.2110601293671544,0.21267027859912374,0.1964424038866577,0.198578803680094,0.19924904385250133,0.19438654466784802,0.1925743319737006,0.18788071315357283,0.20657929930017271,0.20663976534905262,0.2117529161892275,0.1981456808102895,0.1914064198056832,0.19491640825803344,0.20580418413033477,0.21075122128362792,0.2163546830267349,0.21234630093588805,0.21925908631143798,0.2096058985366418,0.20569360986930924,0.20856873159579334,0.21156542755769187,0.20401014757245653,0.21589848757539604,0.19224369270344532,0.18515412839972734,0.17953329432750806,0.18211193126025402,0.2003828319197278,0.20561557094064603,0.19709769256655524,0.19776890092101768,0.2125177454814575,0.21085140535702365,0.20106614899762904,0.20307766443162584,0.20450545645292562,0.19506167985324205,0.1925318571388769,0.19387740581788768,0.1954461950509587,0.19180233943223696,0.18470906078448754,0.18853218464104302,0.18559270430707336,0.18866546051410205,0.17797286837995102,0.1906036443012211,0.1883627403303067,0.19026850245764898,0.20610574619111258,0.2178888466308258,0.2351924628998705,0.24044015540688435,0.2206265632818483,0.21623684690664166,0.21632330027374586,0.2270932365763687,0.22551773446800327,0.21869336144783552,0.22735290093189056,0.2230129076069836,0.21694922347475662,0.22656817163882056,0.21357248457046477,0.21690616705094873,0.22536999756448345,0.21669944548524914,0.21488702829689435,0.19017910533362753,0.19739891897827347,0.20516279170729698,0.20313096420754906,0.20767499084875915,0.22420758458648402,0.20756063945310932,0.2060029786547163,0.20140272856748595,0.19776483442189827,0.20359160213387367,0.20433294762257564,0.19580409035934607,0.19198296735680037,0.1930674675431187,0.19677143372069628,0.18626403210326117,0.19282129709381549,0.19695255539019368,0.1972692575256323,0.18853031797127312,0.19592874650507935,0.20185541762899406,0.20839255530348233,0.21956297162042895,0.2100760292451117,0.22386396934843164,0.20867167397800868,0.23343087609552052,0.23341641794243675,0.22871460595805335,0.23602798566441976,0.233973569119286,0.2456216248453694,0.23574891356857963,0.24118844637328035,0.24523852761105777,0.22552313497991106,0.2248493311354723,0.23188966864791818,0.248719708476276,0.2382809922937907,0.23295530236352222,0.21933058652582177,0.234967177482366,0.23183521258223116,0.2243825090482769,0.2217925734258875,0.22443257897048496,0.21883919068862862,0.2177011383728483,0.1971984695159798,0.21029333090764882,0.2020538685883068,0.20236209644771,0.20181695068638192,0.19617965660279676,0.19276989020162044,0.1844425848663434,0.1914488667690714,0.18806812727141506,0.17749629820265939,0.1676389376541434,0.1708465841178994,0.1696366158670161,0.1654425060634694,0.16290034346810126,0.15793267814955883,0.15792576888551937,0.15068776795831038,0.1490421133390592,0.14800520881901036,0.13095467286531787,0.13265725302971987,0.13205261322519923,0.1343828972198628,0.13040913071881932,0.140079957077056,0.14951749076237522,0.14419692528202221,0.14212353465963726,0.14952506504261648,0.14904657477376151,0.14495026043593348,0.1453627063394666,0.1443504027708502,0.14471714962706866,0.14737472238229463,0.1477648032977911,0.14969455376840582,0.161825739387024,0.15758395641986478,0.15819763986011548,0.17099405050670427,0.17101472249461672,0.18070064385514767,0.17013814757647233,0.16771271904353618,0.17291975040707033,0.17031421611349964,0.17429635301214394,0.16425568132499532,0.16714996885244304,0.17615671382096887,0.17764410487952398,0.17149821336223928,0.16791511839151663,0.1765354788808351,0.1792285536057467,0.1821926278831142,0.17016823721768715,0.17111922316955538,0.18300388100073597,0.17945741183830213,0.1670938247255241,0.1745243382692617,0.18087435690296966,0.1721828135021992,0.1790138364337662,0.18180289727043084,0.17631140245148968,0.16563663538636245,0.17033151137880403,0.17260183159631395,0.18000832883040996,0.1868406201061545,0.18105653302805078,0.17372323179504623,0.17333166148358084,0.1666694875045054,0.1752717811179984,0.16869351983769218,0.1760295991454189,0.1712871565789762,0.16811431679619424,0.16930141971581075,0.17496512847470985,0.1824642557415145,0.18973484637922222,0.18970129691342977,0.1981085868156049,0.19514700033790044,0.18287489930449424,0.19142991213325933,0.19286445750311437,0.19836328416737356,0.19391263149439833,0.20071416822040505,0.19405851335016042,0.18868027475893176,0.19752224360835927,0.18308712287351112,0.1836921934275532,0.1819622506996318,0.17377840228066513,0.18202033108921756
114,0.20933584508266334,0.21295497970459198,0.20924645065340614,0.21547049035383126,0.19713065730151882,0.19842541166892075,0.1892234689725054,0.18419180338569946,0.18423002031865612,0.177848661087609,0.16712926375090428,0.1832598809073779,0.17788441505034203,0.18525140053042127,0.1915612225230803,0.1887524511019589,0.18187395039548226,0.20080289971844117,0.1997593131164327,0.19930661307122333,0.21502447699348864,0.216910162647004,0.20880759918451966,0.2075315835841413,0.2103464563632338,0.2103328952631827,0.21763372727116387,0.20855600543187872,0.20275010136081698,0.21620926479870073,0.21561814231413431,0.1975970743162428,0.2102483034280544,0.19814669368186405,0.21034214577593074,0.20646117754646995,0.20084563610940157,0.19265372029574182,0.1980431019184666,0.20081849592128578,0.2028031096969895,0.19518796670628383,0.1858630244867042,0.2033837028807116,0.20622679861093945,0.20793753915916016,0.20644743910456698,0.20582664734620057,0.21310978944870615,0.21644442296256136,0.2139101045580404,0.2182927439489494,0.2130415435321899,0.2094910627760549,0.20950071041816365,0.20319401414535038,0.19195021371861917,0.18887657550107628,0.18596537919391212,0.19496968947785268,0.18732075519579838,0.1954928283766318,0.20525937397188002,0.19493009749300644,0.1939087916295397,0.1978890529142202,0.1994317728801131,0.20623164218629128,0.20410080141274597,0.21395025084162878,0.19588234747099378,0.20025545721842722,0.19555610563375303,0.19376837626995072,0.18716856039867882,0.17765723557021712,0.18161135554417654,0.17864826386112798,0.18165723520170557,0.18280505464131086,0.2022288489779784,0.20590519308875,0.20914866653366518,0.2186465857200403,0.23103937444023812,0.2225721392305429,0.21764104374871662,0.2200588302078077,0.20444778041365794,0.22294605912116047,0.2204854828314417,0.2219458352365394,0.21946627882584827,0.21124926179805717,0.2372745180857471,0.21685527958512624,0.20645171741405904,0.21193695972050344,0.21970083119924794,0.21814285862855576,0.20001184684538434,0.1831702339039177,0.19649819256927806,0.1967154813996514,0.20256372277458887,0.2213469285459601,0.210252757329635,0.2149354247622919,0.19685491383778053,0.20276129204882085,0.19614713091679126,0.19039165103984174,0.1950634000904525,0.18853630874442942,0.19409471046104676,0.19130014534792614,0.18994663315688318,0.18406003488388947,0.19908668078088107,0.21155451573734566,0.1910187945221236,0.2057043614840968,0.20871929540380366,0.2004213854745799,0.2158773608119827,0.22385907247652284,0.22222412251562385,0.22529175596278123,0.23183003458310306,0.24096357617769604,0.2208274716231023,0.22449847746985596,0.22725895220599504,0.22109931649213335,0.2217629550198478,0.23186057043340025,0.24357504979142017,0.223124366295105,0.22876111254228088,0.23574804503908497,0.2419702092211839,0.24633130066876321,0.24254157866629064,0.2369760193189366,0.24459630946636327,0.22213531089145325,0.22822262695199147,0.22940717664399166,0.22813546281644903,0.22500905722793071,0.21942696691210087,0.22606061251781748,0.2095041836780865,0.19481791899950424,0.20440951133690544,0.19461970055106698,0.2070342989031305,0.20214981582867073,0.20529019157691406,0.20283552010285608,0.18370056836320775,0.180250592101952,0.17733264833853624,0.16431336888692666,0.16813332435886322,0.1675448179735402,0.1697985588937061,0.1666360644302022,0.1548388724184026,0.15293398320943102,0.15441838285587425,0.14793093424205747,0.1383193692994925,0.13803683724332166,0.12121629344249754,0.12276992767625951,0.12865835668936368,0.13425145462137417,0.14495226301162017,0.13998225971756534,0.1403117366628428,0.15241124124045016,0.14080789303001226,0.14275489206394423,0.14271348120532365,0.14355125708961144,0.14025036494310403,0.14337947967646178,0.14964906233498,0.1588182111376785,0.15572057547099893,0.15933588613424632,0.1713082584527563,0.16680270914431766,0.17880686960577577,0.17801217231620464,0.17144313516104037,0.17065059230721505,0.17591598322122504,0.17212644532552634,0.17257143084796348,0.16975825409049877,0.18059357695286268,0.17509857028651676,0.178436789231021,0.1788145688987413,0.17854019303877078,0.17201293256828523,0.1842466074924956,0.17335668754349184,0.16896618559304857,0.1814998205572335,0.18230979385791432,0.18535922287884576,0.18400011735415409,0.17407700258180744,0.18318904559107002,0.17634502013824221,0.18008033918675465,0.17940956780881456,0.18550537595112446,0.1741976131405258,0.17888255939554817,0.17133362358389745,0.18487011015671748,0.19074620228270314,0.18615075414603102,0.18195072901635484,0.17423997496027643,0.17413489163998988,0.16518876261332957,0.17894105766721347,0.18248665054975116,0.17863300332299456,0.18304353734380124,0.19066856587136446,0.187810902657906,0.18962539567470915,0.19092196695767064,0.20030517053191504,0.1923069145822785,0.19041041518387342,0.1890173194829467,0.19047290259110242,0.19237082167659417,0.21188426196170945,0.19917290145237485,0.2017356583812805,0.1895108152960756,0.18798954641254584,0.1893746311673094,0.18205973237942327,0.18122620661803815,0.17299928173014614,0.1688691821289185,0.17157598468014945
115,0.21503522119568053,0.21090316636135695,0.21099088802062085,0.19673043851378783,0.20679793606869462,0.20250788598016717,0.20255369965229636,0.19351961885790456,0.18945989836774546,0.17783170811228083,0.1725546233214024,0.17456637758846066,0.17441771796587113,0.1967078266237081,0.19325938803879206,0.195978364939818,0.2035428119434334,0.19586708501505548,0.2065999442541182,0.199563446048257,0.20666650735644795,0.2221203248731346,0.21328396215980477,0.21768329370014464,0.21816064050756237,0.2106896976972436,0.21619288647550886,0.21779384392675952,0.20743727562627953,0.20259026848789005,0.20158624722245025,0.20438682628761942,0.202443198349062,0.19782714800961806,0.20364845986987556,0.196542796002768,0.20027304454417502,0.19739845081518617,0.18910355790829367,0.2041417859923176,0.20571705574391086,0.1965143729836304,0.1930218172171161,0.20245101105130833,0.20539449527376774,0.20893966786198304,0.21246108744110526,0.21881802808590145,0.2149436898698544,0.21103388786760618,0.21774395150092724,0.22575854634222411,0.21024728678983276,0.20414215733518362,0.2151997685968056,0.19917157423206622,0.2025816061147495,0.1988011443600271,0.18389727758887073,0.19248261047687543,0.1991133746436385,0.20849608284199192,0.19765161168281117,0.19866937704865664,0.2037232800847899,0.1998307259062352,0.2042760257786173,0.20207775108840553,0.20170210935969374,0.19893349835216426,0.2101748276721898,0.20347972405506964,0.19768399538736214,0.1900621334861354,0.1891184936453363,0.18834144582129142,0.17600588933916606,0.18098771623745752,0.18150078177297552,0.1949744482395131,0.188030975863455,0.20568034873968746,0.20760184076600713,0.20992124818292868,0.22558083505772258,0.22343993687576125,0.2228448490330282,0.22569976142041762,0.22136293276684987,0.22260668382397428,0.2273163636099591,0.22625891490500466,0.21227067454855178,0.2342930467606999,0.23691262240493663,0.2257778327945668,0.21451541209255953,0.22549514719006947,0.21145774668019832,0.21728367597691048,0.20175115514747669,0.20585963575203606,0.1981765346540203,0.1956104670390332,0.20651152795514227,0.21808500220697133,0.21279160975952408,0.2127703950819698,0.19893336551442936,0.1924624012717726,0.1895230339037441,0.19876921382753904,0.19564029544639408,0.2018771802359364,0.1967113731485461,0.19995766470137857,0.1962696554173665,0.1901763465611278,0.1915911304894073,0.1873158381897779,0.1962378648868122,0.1938537916791213,0.201343368436154,0.19474006023418197,0.21265975049434152,0.20369218177915324,0.21007699668320595,0.22629293748315918,0.22820265874888473,0.225506310734332,0.2240299077255626,0.22686442564741072,0.22669158551394947,0.22536776616106394,0.2193656887345027,0.2268557021585694,0.23792446421962246,0.2412277133037101,0.23531493938263284,0.23825131151418497,0.2382169720098396,0.23675654845345612,0.23313399186320588,0.2235077054135751,0.22743274860867702,0.2242664972535519,0.2212132314955702,0.21874573796655425,0.2316103698070704,0.2340561731607098,0.23008070529409108,0.21978148324878538,0.224398164386954,0.2166867221515067,0.20849689897954218,0.21765873460458482,0.2041002186638441,0.19774951635626775,0.20768058573937861,0.20117147490769957,0.1980994774723227,0.1972836480331835,0.17552011711025092,0.1786258054084314,0.16840966036215466,0.17175852425628305,0.17783658090345753,0.17188631459493306,0.16660448942908737,0.1623534044713435,0.15548446369660798,0.15305234921089894,0.1433312868335171,0.14414779385185547,0.12703108280398198,0.1306549896880882,0.1329639780601626,0.13593052679550952,0.13743710546642618,0.1362592518321602,0.1397178840931325,0.1409217410067708,0.14324451456653525,0.14626048189767352,0.1584283867930619,0.15209992503369396,0.14983870122610957,0.14743819315690873,0.14790130296003226,0.15805782448661015,0.15672201254028295,0.15173997214347995,0.17066143772710674,0.1647740817156335,0.1716325282695861,0.18306676199701147,0.18832778564221905,0.16889745284766888,0.16246630374827284,0.1673264896243155,0.1767981026623269,0.17545102106326768,0.1812164840506991,0.17299243032206424,0.16767927981253627,0.18312726108694252,0.1723109988691095,0.17573141256732744,0.1768252578290182,0.18408215929867477,0.1858449652229937,0.18864877958973592,0.19414191090765945,0.1861243525366521,0.18594825193826564,0.17909307776730155,0.1909224944952895,0.1822686177164784,0.18131870140351455,0.1789850675632343,0.18031937773677711,0.18190351868420185,0.17517660287466802,0.18074912351514885,0.1768232627797795,0.18091888394494576,0.17056593527926492,0.1813898576583677,0.18211012815784225,0.17224967057557444,0.17158475542067922,0.18318406831997405,0.18917986011417048,0.18004277578742783,0.1862825181271123,0.1774332877985822,0.18202917467909752,0.17398139149969674,0.2013313983756199,0.1930080397849121,0.19692941917829512,0.19454259292867915,0.18534752878023833,0.19246333191224044,0.19590493213403415,0.19917490009591218,0.20559781743156758,0.19372474593526928,0.2024799290634168,0.20208412581562848,0.1975106826314178,0.18819479164077546,0.18312882125816402,0.17704440229640142,0.1863136182457529,0.17887852289640713
116,0.22942408061219455,0.21795342596859135,0.21673432621922017,0.21005198983936768,0.21028204892416058,0.20337576989312478,0.21080548174640415,0.20177209811244468,0.19692677560151578,0.1945297819555016,0.1793754898174993,0.1713660948538747,0.18013674045878644,0.18787072009763064,0.19307538077133768,0.19371747516800603,0.1940326432563985,0.1923568692517259,0.20163092384396125,0.2134031373876419,0.21476737055229317,0.2158259692723939,0.23107305172344486,0.22306190147910143,0.2174923070133988,0.21423237379141002,0.2136859657753663,0.21483829645010616,0.21468761926376945,0.21367391137745914,0.21567276193421997,0.22204331371355493,0.2115173515725476,0.20690872283962036,0.2123168195733649,0.20923854915536508,0.20244109605644275,0.2128922245418852,0.2073365653881854,0.1891336918597013,0.19056041941386995,0.18739353334785486,0.20087310835965871,0.20193119249998714,0.1918444766313385,0.2122088539841453,0.20635766259838098,0.20924394526806347,0.21137508731277696,0.2084547520534799,0.20283410495827658,0.2094830073352635,0.22011437199421713,0.2074582929379907,0.20301710476847515,0.20758166926390487,0.19972168020426845,0.20165095354834545,0.1936108091532072,0.19684022373701415,0.20265739694104595,0.20391472124764995,0.20541634618558952,0.20148631310205,0.20490091604775335,0.1991880564221409,0.20020643390078868,0.19509986550174413,0.196571721017688,0.20004631695052266,0.20886631278374837,0.20550628100336457,0.19632816164203834,0.1938878523091696,0.1963142747793859,0.18876588129385888,0.18806379689260733,0.18856153285557664,0.18593767664567468,0.19545699160472152,0.1930923641875018,0.20326451121448544,0.208725302914486,0.2198404477956467,0.21244856404105295,0.22321958686169238,0.2272098212367584,0.22160594143513618,0.21694402827886294,0.22083148860458734,0.24012672625776355,0.22929157633235434,0.23398337446649495,0.2472489750833596,0.2565086411409739,0.23944694475821765,0.2422471631941304,0.23108491708569512,0.22160961538465884,0.23230512976354933,0.23037401959514375,0.21967913002515221,0.20313764344935223,0.20070728213290115,0.20139904181321222,0.2101328737916844,0.20623130978042564,0.20761431748650291,0.199086237036601,0.19683966171852404,0.20010844169654005,0.20125744271023868,0.1996869073962124,0.19666439480790804,0.20342603767179004,0.2030202975737875,0.19152818802923469,0.20139399640227773,0.19258085034017244,0.2068308420227152,0.20938472696763108,0.20234645957031563,0.21202848001609584,0.20004162785654647,0.19401262869382363,0.20785869675833715,0.2175307213469661,0.22291269372039188,0.2222459215766897,0.22739394698965304,0.23714364998251006,0.2305890605803745,0.2299621180334262,0.22560493739000403,0.21117981252598073,0.22619619755829448,0.22438380070154573,0.23975208903336973,0.24987246433558116,0.23923774489016303,0.24700326841420522,0.2366916842407091,0.2307993598941211,0.2271059957314204,0.21859035732167967,0.22972978175558598,0.22372097326797738,0.22141018764783144,0.22479782243176033,0.23294940204477332,0.22270491406212645,0.21526201437912362,0.22559143145558017,0.2026137618498774,0.197805188906132,0.2016703258457894,0.19939109803232039,0.19582143554170425,0.2014543966007764,0.20164405853680553,0.20512160214524344,0.1891945404956,0.19887688545094293,0.18792358982805954,0.1889196794435193,0.17945022202460587,0.17310152740530577,0.16180889795085102,0.1673029119366001,0.16507849469023803,0.15629388983134748,0.14675874863186078,0.14838739134957554,0.1388401262781686,0.14115036320456004,0.12437525953470673,0.1289656347457087,0.12928525608268243,0.1343531954093835,0.12647771184111412,0.1354412645753601,0.13607771247862155,0.13709543692414838,0.15302169208467092,0.14220700830412725,0.15077141127333946,0.15457989216572043,0.14677125237123928,0.14956879679810253,0.15189273425194352,0.15900544624363153,0.15712308587198764,0.16763550226336651,0.17829505573180704,0.17991343690122674,0.17858192496989506,0.17788199846214306,0.17163304202840646,0.16996374820298848,0.17221358197996245,0.1783637932970722,0.17338271528499438,0.17886756714358432,0.18101730716904385,0.1786133434193248,0.17573643013194176,0.17701109962318448,0.17533604254339946,0.16822944028871264,0.17328225859590515,0.17980534595900557,0.179923006700282,0.18740703945766343,0.18011691505755084,0.17915869897528064,0.18727577371502252,0.18784891891136898,0.1910341014639882,0.1861537545658723,0.1804682055358177,0.18226160904489747,0.17814211328115,0.17350779873506056,0.1805184101604584,0.1804449781546499,0.16836309471452118,0.17229493080846933,0.1801592644302565,0.17309821921464646,0.18892294199897283,0.18978107398036453,0.17591578069058134,0.18294300142912412,0.18131836740243107,0.1783883957925943,0.1900406906182917,0.18925388349565295,0.18104027473318215,0.17772163499957472,0.19803176580711904,0.1962723172888794,0.20453926923717855,0.1991160108951478,0.201905114367102,0.19221912678407302,0.19438457527496028,0.19685463280736326,0.2099517021685628,0.19635803619143286,0.19394433560963645,0.1959852828296025,0.18246387761637853,0.18398761933877436,0.1892846515823214,0.17800372882006596,0.17382370398244337
117,0.24254638157840652,0.23530664948878316,0.23062362807688497,0.21434551465738155,0.22400803684114418,0.21283487857867428,0.2135197242940997,0.20795463280316143,0.2029982434658658,0.18847671336656754,0.20143556916411773,0.18750208439922353,0.19202978691377182,0.18299397879145002,0.1961157395530919,0.19574211654397586,0.20086353889518643,0.18798517455791744,0.20374707841993442,0.20692516015295345,0.21420657636823298,0.2195551860971148,0.23342023394789668,0.22989360998963848,0.21834200799361478,0.20622917289836823,0.21740673806313401,0.22078588236310182,0.22456941103723715,0.21658241898920838,0.22212400735049187,0.2135943694041172,0.20876625471341276,0.21710413741192203,0.21723300006354127,0.21901380984413668,0.21108963065194986,0.211530307145537,0.20520800582674997,0.19887002118443906,0.19498252942162497,0.19006821669935509,0.18185879118233755,0.20272352070072439,0.18865216778313007,0.19083990864925537,0.20466684743287455,0.20603879439159875,0.2121312738923368,0.21712273451630504,0.2120008489259206,0.21467778219256142,0.2052268597977412,0.206043586108068,0.20687061235456786,0.20000551906684214,0.2092220726010304,0.20109929125863849,0.20255680121695235,0.2011432439686743,0.1936695306227203,0.222186516486478,0.20279190736209665,0.21483532836985608,0.21097621663163663,0.21449412433531725,0.21818168929400375,0.2090712423855489,0.20888761917830434,0.21498011952025742,0.2155038334835634,0.20954581903914035,0.2152725721769704,0.19798481859824996,0.20099522958034438,0.19019395084414534,0.19297817724369476,0.18441192445431734,0.19077339127978415,0.18983098446579685,0.18795089581626653,0.18844481826581996,0.20346687738504182,0.203069266444567,0.21158895808554468,0.21579143347850616,0.23255795510302438,0.22713841976037566,0.2157706649718212,0.21965029961341903,0.22967160216308982,0.23708643153469094,0.23752810283535886,0.24250421972529512,0.24544839693815076,0.24803850210779022,0.23409131431193064,0.2484942248895765,0.24296275305075127,0.25008532034147896,0.22853851442617737,0.22558686039938022,0.21357799245226125,0.2019460393384161,0.20921253413628216,0.20534706503917696,0.2050780597906149,0.1989726664493866,0.19420307400748094,0.2015873612322991,0.19396224402717402,0.19915044583741906,0.20246413389974569,0.20275065691231767,0.19331502056781993,0.18545088064900336,0.18069490206157093,0.18116591842216268,0.1891071719872065,0.18871025435519553,0.18825759228895123,0.20093312563201954,0.18919541177066346,0.19717779696297194,0.19628388261329774,0.1977968905392556,0.21140721255601672,0.21032887553366386,0.21949968432754982,0.23528340683403962,0.23610881416256316,0.21991041595249589,0.22760887908461586,0.23969545543579537,0.22678749290966324,0.23338250660656376,0.22335706799340332,0.22977279123490435,0.24075731982660087,0.2419461969461519,0.23815055612190322,0.24490401213301805,0.24187796161102795,0.24993311386013006,0.23196966750901682,0.23003255329493408,0.22167825800041638,0.2081771698280953,0.22874294066756787,0.2266101195981312,0.24407230353184037,0.23616650360262473,0.22495611338206073,0.20693997867626931,0.21494715438072787,0.21506404009393112,0.2036698295800684,0.19444648641776593,0.19906114142342218,0.20554409281786398,0.2034421046238871,0.19736565034649212,0.1926366423917252,0.19085278423985508,0.17571862651812242,0.18238511863073134,0.17274751154055987,0.174817175856956,0.16599893433330867,0.15719365062141508,0.1540089642043581,0.15321066584539672,0.15118405860661147,0.14724481136705647,0.14049730702388685,0.13057438830584875,0.1345947127676847,0.13124718578709935,0.1313466498274977,0.12783329990570685,0.12958149913097936,0.14420090964535526,0.1421768866708461,0.14574309903936986,0.14643672247378597,0.1438023555326677,0.1474307245883921,0.14292328841429963,0.14075797166960338,0.15203199694072883,0.15558903958154366,0.15553172901867984,0.1603533731273662,0.16000409583334224,0.16833685147720082,0.1754603535013809,0.17995403954990422,0.17547118136763687,0.17427981891043315,0.18091096907670223,0.16463031152886726,0.16787212965537707,0.1709879871975908,0.18040077544244593,0.17996854271641613,0.1819837877293811,0.17728410531818556,0.1736836750606515,0.17664355645097768,0.16359672296779945,0.1677883100918072,0.18319423390743755,0.18727443694273846,0.18476065789019733,0.19567833303733242,0.1960620774238236,0.19400244350380544,0.19671532739530573,0.1948962576581371,0.19403679832393558,0.19153797870037367,0.1793791244948178,0.18433049952409533,0.1902022280478395,0.17525006995616063,0.18799223017565125,0.18673485983070756,0.1874395789396669,0.1836690585947423,0.17553975989955156,0.189184913173273,0.17923127737381536,0.1879870791157521,0.19093726614043535,0.19064011881095827,0.19053159364442834,0.1891642661793198,0.193739243678369,0.1964863160157216,0.19119780405069223,0.1936245404452908,0.1929485414629518,0.20925652067785222,0.19243758585257287,0.20386343613175112,0.19440726926177912,0.20238761846419895,0.20268520101518764,0.1957867647459904,0.20028048296288303,0.1877216228393894,0.19037735996515606,0.18500586649369008,0.1902082719479099,0.17611258834681198,0.17642125208571663
118,0.24667105995496852,0.2530923393242555,0.24153251302368292,0.22140085821529693,0.22870286230257872,0.2273388192341276,0.22592297589057458,0.22202030759239344,0.21250693133835058,0.19519665451494989,0.1964620222166803,0.1962232569783621,0.17851474751539456,0.18728728760035915,0.18228947745343704,0.19693373150405438,0.19856568119387016,0.2119819583628178,0.2086069627805805,0.21557788161673158,0.21661244277689531,0.22505517307561695,0.23667822305573638,0.2272664352771728,0.2295373164803665,0.23200326671269964,0.20860379259180292,0.21304723394505998,0.20903687294199028,0.21454346971874141,0.19472109360269024,0.20272751644672451,0.2118688454658216,0.2084463524886311,0.2166083030372256,0.20723242067230152,0.20924009088765033,0.19885833095436442,0.20888276132145994,0.20403254651654323,0.2071344807642143,0.2038424169053465,0.19232812601736898,0.1917898855545208,0.19229265685312172,0.1951677161300208,0.20387067460731195,0.20766958737953573,0.2045212790098281,0.2101710529317715,0.2077617046742197,0.21298283323341688,0.21242596508568387,0.20918671501969097,0.20897431003174716,0.2108415498703133,0.21242870422496288,0.20412227029005764,0.21889986816041787,0.2065011145406901,0.19496933033074304,0.20348383778460305,0.2056572385286739,0.20788832497337786,0.2172116926964575,0.20992216657185747,0.20165877746650454,0.20434663945665957,0.21078674623321272,0.2195594327119713,0.20786228638185694,0.20994575604335186,0.2141050446141086,0.21400632046669382,0.22256844932384243,0.213243695394657,0.19989148206033425,0.18719110156730176,0.19643197806399684,0.19759125515557627,0.19067335136493033,0.19302070609741678,0.20341656204392267,0.19930893568108404,0.20429916894574998,0.21393360030292288,0.22618364575914043,0.22110562942213532,0.22142527870970913,0.22265466562420852,0.22596251507269255,0.24546235693087753,0.23911603463663775,0.23067408149508464,0.23319938459468997,0.2483143968807351,0.243852998390996,0.2337214650713137,0.2357945158610322,0.23634460871020832,0.23193468463878222,0.22135248402018065,0.2314904611058496,0.21348850697063962,0.2128216470886736,0.2138580980004511,0.2114400729685994,0.21317849900219252,0.20604334889175957,0.19971207868065063,0.2112332105676567,0.1997056491047498,0.20565108255801748,0.21040482750481337,0.20206120100186648,0.1939677821269248,0.18632683200547256,0.190411993560676,0.18570641236239296,0.1826085045980497,0.18043558832684814,0.19569744698105837,0.20974223910143247,0.20114098844357156,0.19148616439186392,0.1966507060368216,0.20162521801739694,0.20041524317281323,0.20952589285724132,0.21865504388343232,0.2206058881852147,0.23252266935295157,0.2299709080233406,0.22467476701250771,0.23933063880413114,0.2326767023190362,0.22609778097213562,0.23325421480122438,0.2389619205177802,0.24639426777988144,0.23936756395613945,0.24747315778229026,0.23990643655430405,0.23253546584230556,0.2297458101775554,0.21697909826557293,0.2333727801754881,0.21459786651957075,0.20759323656804665,0.2224135284691517,0.24667906861856218,0.23845377378658494,0.2261479212142488,0.23220630084140376,0.20842557102003645,0.2118790416935069,0.2061216451009271,0.21468198390149826,0.2084477923899961,0.2041582103339319,0.20959421908494888,0.19625320142381514,0.18260308059470065,0.19402875633828529,0.19261894507047264,0.1843653915195226,0.17797856465877215,0.16807723694362908,0.16408481812210216,0.15702760252757558,0.1575201076757145,0.15595453208388013,0.15109148859203422,0.14347095858307377,0.15188888709526316,0.1372359838072329,0.14066530752316103,0.13144164933334027,0.13708186361801059,0.1330328821041836,0.13019940513534128,0.13951310356441152,0.1466621340386437,0.13703452539514965,0.14722209719078164,0.1504603265324387,0.14843454993581093,0.13784404217738647,0.14075343424183648,0.153456044646173,0.14583172064663666,0.1505840592116888,0.1512199186172793,0.15524477777016102,0.16830464417389746,0.1671499303647448,0.17123478783408186,0.17421325693119072,0.16464350387789248,0.16681784248157241,0.1694128700617841,0.18249270140105897,0.17143306901517816,0.17826943990496996,0.17369631303796462,0.1769080925933991,0.17410570416884766,0.1669692898350393,0.18000907490404633,0.18043945222337096,0.17133058588192013,0.17844200730413098,0.17913972368534056,0.18763057090462382,0.19974675192686275,0.18804063105962024,0.19345880464476764,0.200182035062536,0.20364400050939618,0.19288608574411123,0.20146800224676792,0.1997375369039427,0.18739167795194753,0.18364533467204439,0.18182048001954537,0.18531629122980756,0.1732554480620263,0.1820043634204699,0.1773666649493124,0.17916624839947232,0.18941776154201836,0.18067967471002358,0.18156151585267388,0.18797920129714327,0.1942737843125635,0.19169328506861333,0.18022747572678816,0.20747090434713977,0.2041393464274998,0.19619588306889782,0.20984102550052464,0.20684646346873753,0.21236708213334532,0.2138391896600049,0.2078423288609067,0.1950226709226577,0.20736435251695595,0.1989044868645804,0.20687861497411272,0.19908084204708495,0.18746659877029098,0.18626969352124223,0.18161139736174134,0.17789252519646317,0.1769234909399202,0.1746076229343951
119,0.2596785036818996,0.26029810115978774,0.2476959467896027,0.24228448253433144,0.2272533531460602,0.22951554211003966,0.21672055289816952,0.22278482216947376,0.22404842743153777,0.2228865182096156,0.21239099525085844,0.19833007677537498,0.190009930892176,0.1938313408272733,0.17557622209603554,0.19224980147346232,0.2061191771300399,0.21443772940117048,0.2000738963904338,0.2186638548182302,0.21641950531187545,0.22110374570641225,0.22460028344275423,0.23658047531449378,0.2316494108463613,0.21526746669833205,0.2273240056013572,0.21977110914950718,0.2090927622663789,0.20610702755034627,0.20069718912686976,0.1966545775575463,0.20475489826486076,0.20427786020228803,0.20896492721033855,0.21061010274576375,0.20707654008018375,0.2021514030778921,0.20875567953581523,0.20830106959930766,0.1973330279908855,0.20502744515959914,0.20051628972494037,0.20527979248134212,0.18522653391980792,0.20236329395803618,0.1993487096987332,0.20525734168508977,0.20166846840199923,0.2103456814196776,0.20778768282113597,0.21438751977445505,0.2185158279089162,0.21237651991330767,0.2155191671008063,0.20947181705732007,0.20762502607443267,0.21118618262134983,0.21503779592294756,0.20852512970347586,0.21293669054832517,0.2012098744169428,0.1923525729945258,0.2112204677320586,0.21417846416753392,0.22301968599178973,0.20895063726103325,0.21842588297516966,0.21003385327562643,0.2107481640882933,0.20546663102926113,0.20578413991285247,0.22643100804869762,0.21093750266595804,0.21542698334431398,0.20681145973446297,0.21129499017037714,0.20699111311128246,0.19175544287014043,0.19224559613995085,0.19809968273583578,0.1901991185798707,0.18659826442535687,0.20233074470095622,0.2039382132365422,0.20392029465675393,0.22546768203148423,0.23323224894954042,0.22424950857743506,0.228798356227981,0.2254040421795813,0.2408099901875832,0.24664351440945875,0.2463189927627102,0.25364423743953396,0.2418400923437769,0.24556637538973475,0.23678947793004324,0.238913065074825,0.23428727439926642,0.23947749132837773,0.22708351081671457,0.2163339101237021,0.21597475996457488,0.21653519729999843,0.21703401266424044,0.2259980542150314,0.22390350906967668,0.23174741577081637,0.21267419616651162,0.20811265990111275,0.21029860895323227,0.20595536048457042,0.20217067914299278,0.20692192023135203,0.19771985805288816,0.18594007423013834,0.19183948505425488,0.1803851990598309,0.18924233585893674,0.18166606115030837,0.17854899088084888,0.1944360993689269,0.2012573917348825,0.20279881827507046,0.21045536431753514,0.20747692369904377,0.20973306326444188,0.20374834980681186,0.21445343157962474,0.2117861229299378,0.23469773588178583,0.22165365649251442,0.23515596521763818,0.23222956035860595,0.23051261632004877,0.22290530267650918,0.24255760736020004,0.23064513581610635,0.23793662660788004,0.24348516176120238,0.23890156789233338,0.25990821105071554,0.22912706919303913,0.22584490633031998,0.22687743314894682,0.21992115109835683,0.22316341568757653,0.23104293878612267,0.21997002288913936,0.22948874978531258,0.23896621235153773,0.23452702795777328,0.22463121181565945,0.23202912378504648,0.2201072257780128,0.1972413244044908,0.1970498597077319,0.20033421102916976,0.19831704835462888,0.21235647124431675,0.20772692870441725,0.19622119668657476,0.2019307693834146,0.18623744289665925,0.18374321031960875,0.18471203796678998,0.17810376488982993,0.1706941746413527,0.15839446450497643,0.15906758955391662,0.15192666339757804,0.1468855250478373,0.1499550168623152,0.1362325858174036,0.13943570601023617,0.13846690978229528,0.1362843540258508,0.13952434744521938,0.1291861632067734,0.1344181766483634,0.14079362797780687,0.14404162095258108,0.13291959214354623,0.14878734699470653,0.14207674539408827,0.15124046361988489,0.1414829152969375,0.15321066584539672,0.15619063839703876,0.14632380971814657,0.1483802163565463,0.15611117768231625,0.14766888647054713,0.15517973289569387,0.16349011525750018,0.1687964466455091,0.17125466083375462,0.16947225179142542,0.17537254318680692,0.18234153227658517,0.17667382026258313,0.18487189801783366,0.1755085183883526,0.17542948966927366,0.17405143169040524,0.1705289429402632,0.1725267733177069,0.1739675711085752,0.18226874362322254,0.18800378810938445,0.18307110377450853,0.18356585438235515,0.18664699404757643,0.17994384659516302,0.19165652079913548,0.18891028359860293,0.19619964624675904,0.19922828891115804,0.19963300771772882,0.1995503327471039,0.18822694780918545,0.1911841568121529,0.19165378472488948,0.18935557668842584,0.17711869349488027,0.19042370026366862,0.1862578990946257,0.18475465946494515,0.18871698955737265,0.18764128568736776,0.18367354153399598,0.1841259921405199,0.19477414203873017,0.18714231607220272,0.19773430874909978,0.1955140850897666,0.20827732922085648,0.19804618913763714,0.1946128443069931,0.2129070781946546,0.20306084075090108,0.20868113973312563,0.20969129413277351,0.20914919627519798,0.20858078615016692,0.20343817911145293,0.2033318583966378,0.20358393761089277,0.2013086423881463,0.19263859407556078,0.18226538613981028,0.18111128002055538,0.18782716350379214,0.18086219613673282,0.18269076737062293
120,0.27338897706264575,0.2525125688128056,0.24945981733553138,0.2331139696781685,0.23770756319871267,0.23669495427976026,0.21846773193959867,0.2071723059375278,0.21528318006341612,0.20972055579637222,0.21026495763018632,0.22246228821552605,0.22081415000497762,0.1911948103794779,0.1980072216561383,0.19336096285233423,0.20754964744538845,0.2125244495478388,0.19999652051841718,0.21082883066200314,0.2240819112312831,0.21383022847844113,0.2251595645085072,0.23427022788165858,0.22114295066635356,0.23920585191734337,0.21638173562408675,0.2196639050730722,0.20585323672555794,0.20592287830891026,0.2195152011687034,0.2005332211921468,0.20785773953586806,0.22138077323034552,0.21043341347264635,0.2133493873080298,0.2072204917585809,0.2145597724897598,0.21344004313260642,0.21316259567848375,0.20812186068897326,0.21564833035771794,0.19599569396940447,0.20328655680346114,0.18646923967552295,0.18824038395420456,0.19464349762500957,0.20032288676400167,0.2063753391615148,0.2025710550329663,0.20566334732786232,0.22300392142959438,0.21571587154627098,0.21957960525425843,0.2109471197758581,0.2137486103902804,0.2200951638968374,0.20397433692056713,0.2138354968199135,0.20230724223054922,0.20627405207163688,0.19827226141068816,0.204338405425855,0.20904702915016238,0.21096611242722185,0.2175203533160342,0.21991664429877497,0.22806744643727273,0.21231623292112295,0.2147717718266892,0.19849021401700925,0.20115944095651372,0.21792562490227377,0.21811638942010167,0.22079020362078194,0.22874199260937897,0.2141983396044771,0.21205836079480267,0.20359588689203278,0.20802618279496088,0.20203048666599524,0.2019933398174437,0.19797755661254757,0.20167232726062118,0.2115974355628732,0.19543007558756495,0.21036355428179643,0.22935937685068192,0.21944328707018232,0.2397731230452324,0.2382268454817245,0.24064021115894654,0.25979692118042547,0.25210008958201524,0.23911917299182878,0.2468271905534057,0.2343634054728855,0.23392541035793787,0.23363047932766218,0.23977847845582154,0.22851152045349402,0.23279668944119578,0.21847115264207,0.21997483468887544,0.22287676733460232,0.22768247304901845,0.21018392604310857,0.221590378852227,0.225120943366457,0.20738244957372765,0.21580405455228177,0.20620932469639408,0.21303428357091558,0.21311489282542423,0.21779073471803126,0.19829827212945714,0.19475095679412657,0.18412522900372486,0.18614826812051255,0.1845998313841785,0.18921614930134775,0.18234804017457595,0.19152726191057742,0.1983446177410032,0.1950708965492857,0.21303855122088244,0.20759180256972368,0.1989407862410633,0.2094974784085687,0.2116080572494543,0.21196653475863333,0.22217797287461943,0.22272583716314884,0.2361851020716116,0.24161138785100647,0.23984220045590104,0.24041380387653713,0.23510696759386118,0.23627196869840028,0.23484980288187468,0.23715866665235805,0.2558503409170924,0.2557431440532342,0.2364811343834711,0.22627782728406587,0.22579790077151615,0.23335623005326916,0.22176504860483517,0.22849352624306743,0.227472709151332,0.2239276899930948,0.23840941385679543,0.2318636135619212,0.22513068874779976,0.2216962259720089,0.20651618800930477,0.2064699725307417,0.20213216143053,0.19342410678424288,0.19125130181315025,0.19368768125457128,0.1876237448701753,0.19294325459820424,0.197613704684076,0.19131168639945512,0.20336432052452524,0.19544849022506058,0.17943695881383567,0.16748294929284321,0.1688422379673666,0.15789195421671723,0.15286709057607548,0.14942628525380056,0.14524226066666726,0.14308101094038705,0.14556031944067305,0.14237475836051514,0.14558914648664215,0.1499367179170305,0.13557949127341126,0.1317877368365418,0.13079224670355752,0.13417265078231608,0.13741716989270972,0.13623917340621836,0.1452619935342096,0.1442560379680904,0.14926397397153482,0.14346897647222262,0.15248109427362688,0.15890435506262407,0.15416010590522114,0.14591737222597412,0.15528160096063673,0.1539582620715949,0.15938810234357492,0.16067584775308794,0.16810684598006498,0.16617741540313932,0.16807003867196543,0.18120843098860578,0.17748085000247166,0.16883959432744572,0.16538998202548919,0.16720732536792518,0.18032361283376425,0.17860503590960292,0.1813526892301406,0.17991820102327793,0.18102526837219038,0.1874015160746706,0.18474023851607618,0.18614462486723374,0.19353802282255927,0.18879709170813933,0.19813653782552804,0.19596166463496698,0.18958894069046645,0.19772384623025832,0.19989161047490944,0.1938487478219246,0.19270762542826256,0.18729448952893296,0.19310797068529478,0.18921841488359176,0.19831466013198068,0.200652465287967,0.19285344446430683,0.18686587551714148,0.18563847838563255,0.17867854199491046,0.18478188792394654,0.18733188363339287,0.1963336135890539,0.1970978695619761,0.19328987268159528,0.19819113737870117,0.20735169984021007,0.19933801855291033,0.20147593040622552,0.2003069646845821,0.20669187263570432,0.21161911801268823,0.21422793424297823,0.21111058052564738,0.21300451050697397,0.2176137836020149,0.2030885879455646,0.21565011794019776,0.2089819128319158,0.1948073775410607,0.208568635546365,0.19051465998996864,0.1799590119324666,0.17575447836322067,0.18723847703738455
121,0.27748531215285005,0.2570608859580487,0.24807899851308846,0.24352497083175,0.23006105128066254,0.23989638299424473,0.22696009261017983,0.21023155372980099,0.21642244544537456,0.21280430038135875,0.20753010222612314,0.2199437371255976,0.21878276162905,0.22476298956621904,0.21330350901343553,0.20425363772998456,0.21130807808998733,0.20833176824122532,0.211409111018616,0.22839516189937578,0.21941635693409858,0.21697580084590326,0.2298402048191396,0.22339970742138676,0.23641503914454376,0.24799287303763873,0.23381194787619625,0.22029893620292706,0.22437134947367263,0.21114222801246774,0.20435045074896063,0.21174999073478656,0.2073180427043226,0.21545600357798864,0.21363519429961672,0.2071954909833302,0.2206654295796869,0.21583948694403665,0.20032329267364668,0.2098231487198104,0.21962263609183105,0.21307402017124244,0.22086896700329678,0.21011448834077925,0.19463641645900567,0.1935534870708353,0.19780205534359113,0.2002692954645069,0.19457650576538787,0.1968639206218468,0.2023977545380242,0.2120315069621299,0.2196074656215681,0.22537721085691242,0.22191619636376156,0.21428629698456617,0.21837323106624118,0.20969380487445416,0.19714900066256846,0.20533340073310014,0.20040960405023991,0.2066377669750137,0.20614120006871506,0.20467372798587438,0.20681617417794113,0.2071314283401925,0.22014351676766192,0.21509063415273244,0.2119661931092205,0.2135941234946533,0.22241603790107634,0.21271494314552847,0.22230590561517252,0.21023063398733366,0.21757044499512743,0.22633660641891806,0.21789205758319014,0.21039053597713428,0.20170675842033642,0.20666845842125567,0.21877878191443478,0.20396926926291326,0.19500828368968465,0.20973291838602445,0.200224786847408,0.19771770920527992,0.20271858680994892,0.2287458902070619,0.2154232134812001,0.2255481659641731,0.22649206948773065,0.24192447095512298,0.25269811365297307,0.24268900437886734,0.24416150879276624,0.24928962253177672,0.24265084051457808,0.2374356898721514,0.23091736865980675,0.22859177504427497,0.23239886355699846,0.23681755883295708,0.22642714989425597,0.22541899022044914,0.23302037669886158,0.2200109012124342,0.22872261094773888,0.23681379634403904,0.23141457057687934,0.22991070861753163,0.2292075927451525,0.2394381785019373,0.219322455736376,0.21975876207937153,0.2176041130837897,0.2145810667623413,0.1904913677068652,0.1816448544988656,0.18074109122204593,0.18873663164859647,0.18038204241019642,0.1824440061425239,0.19167461517658926,0.19969792073600784,0.20458929226858452,0.2139057701952352,0.19903698298601827,0.18971623617718475,0.20615216495213706,0.20359781834423335,0.206715622688783,0.22846748450071294,0.23466990633921359,0.23169822139998367,0.23449387316939677,0.24337109716792787,0.23090492705374527,0.22728182082693368,0.22946523641682742,0.2262729297119197,0.23849341922152692,0.24796866277250998,0.24529658385091813,0.24636646950347296,0.2335806163082068,0.23393047356446245,0.2320211099214183,0.23407703084568848,0.2221793029961906,0.21410400932693507,0.23302466913236228,0.24808865236968608,0.2254739120198375,0.2309274181387121,0.22065740173104445,0.2111988261278665,0.2016307474205418,0.21092555474623764,0.2013517182296835,0.19919080190469401,0.20274110070492524,0.18624812100900603,0.18630096308824665,0.1826437435195335,0.1837339873116723,0.19572477388068935,0.18414379956369015,0.18096033851549376,0.16934493043727275,0.1808724827589887,0.15469133946167166,0.16587036487381787,0.16207857137919543,0.14833068420500567,0.14554423240865128,0.14346038764163008,0.14204795965652908,0.14453598949993418,0.14401542155649882,0.14047951526524244,0.13670550388456884,0.1323353895107839,0.1291677218708653,0.1267987581077408,0.1281870048029456,0.1339124636398168,0.14297068566847412,0.14085296712242923,0.14195902242635425,0.1554841056808119,0.14183192586387844,0.15104487704806852,0.15474263932201224,0.16011676240683237,0.15445074233942876,0.15663687135399024,0.15899654968977098,0.16046041090361757,0.16859209211657455,0.16190091379919685,0.1610846656477477,0.17723324943129382,0.17612463253099106,0.17622904997007913,0.17575022917334754,0.17283444524466066,0.17705932327385823,0.17458366246351156,0.17850480049393835,0.18406634981921574,0.1819647227194624,0.1857727884893771,0.18987745409470003,0.1915485196670336,0.19226507424776432,0.18827783685255578,0.18431369259860322,0.1883974412253159,0.18976927569617608,0.20657830040311606,0.2054060352925348,0.19666377895122716,0.20190053511752254,0.20991496457699663,0.20420520140165618,0.20735890938403295,0.1966776995944189,0.21129795799185677,0.1973835519912486,0.19244356784842023,0.18563839289597361,0.1881150749769596,0.18463877069521561,0.1898656498187656,0.18661085384062312,0.20143518419177844,0.2114336952150317,0.20984484263209813,0.21251813695397226,0.21267664468277514,0.2028443754891662,0.1968963112803496,0.21542212221734802,0.21164104634492908,0.21244215586795576,0.21902329085049863,0.21476766726458568,0.22242807332524916,0.20975242958033127,0.20833517415059583,0.2000128646508703,0.20328180111960098,0.19968999311165536,0.1816091810440747,0.19140214477660614,0.19487996816151834
122,0.25918269417810763,0.25359051168582364,0.23954731093473247,0.2403119126405518,0.25206642387941514,0.22354018190454558,0.25011624500797175,0.23124997794973245,0.2202114010322373,0.21650697890423268,0.21785478334698488,0.21218061311051692,0.22288256648780572,0.227464538403882,0.21408986090393722,0.21504552028972146,0.21644148253049425,0.1992199184566143,0.21269035689480678,0.21679147488908335,0.22242541011145042,0.2178289008190997,0.22128786565835562,0.2219908121202688,0.23994869925775109,0.23993925165445254,0.23590177029182927,0.22723744628922354,0.22091871071004207,0.21075680199265065,0.2168899356988129,0.20296282541313485,0.21759774981659574,0.20845705599327422,0.20960411279320443,0.20956323790764722,0.2137141117516772,0.21773106657096894,0.21121297802710604,0.21332595572566995,0.215776825755699,0.212193267293286,0.20008833024013406,0.2154697957601561,0.21229545669951932,0.20228656045174237,0.1879071042980405,0.19610299205657644,0.20832203052584342,0.1994742509868627,0.20317723696573634,0.20151189170358294,0.21463201360857395,0.21018242575270094,0.21426587068344177,0.22271275999466342,0.22008492702047194,0.20946506459259048,0.20630511702725157,0.1977800899173178,0.20499071960302123,0.19576658276799722,0.21701697222371696,0.19821604663379938,0.19799806226489103,0.21037101386581003,0.23340620640368742,0.22411612249900215,0.2175956454699642,0.2256613074215697,0.22399885583261103,0.21268443115184954,0.21725646059151713,0.22200885654513297,0.21955634885254052,0.22028184230368714,0.22603188143018893,0.21494225458885166,0.2215678278027278,0.21861315903813985,0.20891960689820133,0.21214294817594778,0.20384244506721905,0.21104584192387765,0.21450019928031422,0.2089103227396675,0.19880290215295587,0.22622406400027267,0.21349907610450705,0.23746619857815995,0.2301719515679626,0.23369757183056908,0.25018127414367086,0.2513222852147566,0.24681968857136877,0.23891256996944207,0.23210516240755544,0.25163671092208695,0.2431823214630968,0.250870040542779,0.25210589446792836,0.24669468910062922,0.23500148140995716,0.22677229747149272,0.22227048646117847,0.22405492774700358,0.23174336030839987,0.222563478296259,0.23320459317869552,0.2386236585649301,0.24140151981505661,0.22497248216431037,0.22454702214864755,0.22621515678293883,0.2279519963480998,0.21395424125197282,0.20778074542904354,0.205765566399777,0.1827615783428742,0.1833274509935962,0.18118010207542562,0.19250783064082067,0.1981708444460819,0.19143899249205096,0.18822794465152257,0.20568134329475232,0.20472595232468432,0.2033797082502921,0.20740541935265216,0.19929222414037556,0.21178407478644923,0.22053087468405042,0.2164539422623902,0.2369589954180242,0.232085388900058,0.2509513867943368,0.23711143560819403,0.22677083542117313,0.23040627356444995,0.2255922106221265,0.22032125664363786,0.22796690339537728,0.2435378120468588,0.255678965239154,0.24084464802470834,0.2478563786104532,0.23600597597257583,0.22827260766605503,0.22863667728052603,0.21278803300282842,0.2341652249574439,0.23780867874613862,0.23685431440495086,0.22926744967596974,0.2153648386278049,0.2138988747990479,0.20995469946624745,0.2045423305590574,0.2048880834407932,0.20457120343292187,0.2096306591959212,0.1852482866896642,0.18627368235087263,0.19411580621189375,0.1853411272139382,0.1936028739803625,0.18351843626066897,0.17958923480087663,0.1748830826713742,0.17351491027397817,0.16925332141325905,0.15386576484683684,0.15348219444842065,0.15624927108380965,0.16410439032677648,0.15833101650453568,0.14501068364219724,0.1470381398823498,0.1457524957471238,0.13847519965833943,0.13601850589575662,0.13226319211373896,0.13644009087677214,0.12674738269079525,0.12902028592212336,0.13299000428127386,0.13391153860848418,0.1413787052295236,0.14164818040529115,0.1430661861793143,0.152445988246049,0.15640045061561497,0.15097498669249435,0.15416614045827892,0.15546083642223138,0.15311332933371294,0.16577032922653284,0.16740221495824112,0.15540679358538423,0.16096590660530619,0.16434942917071377,0.1693059418149361,0.16619892102992,0.17331489963630628,0.17478912166803512,0.17516466385411483,0.1813906929914557,0.1722124320281645,0.1696833383882126,0.1852809632969642,0.17978017548070246,0.1879820580503546,0.1847516815956708,0.18909528497562578,0.1848705358363673,0.19733163306122384,0.1962891841797061,0.18733602461614637,0.18590822313093167,0.2119831298216482,0.2104556066133669,0.20582574687476746,0.20418512485493065,0.20410871098376182,0.22007899795835337,0.20927497561679995,0.20751146668980927,0.2131005153557863,0.20297603284796126,0.19352835272462154,0.20058898001050554,0.18600880385570445,0.19041997333256502,0.1877575890692599,0.1798354475222472,0.19872948175854685,0.19840714142321397,0.20415153514160633,0.2020449825807961,0.21385204124065849,0.20930740821213464,0.20995242731730462,0.2080398346855421,0.1984986328835428,0.21194510952536,0.2197188918525118,0.2167446567844477,0.22496134504688642,0.21538318755649652,0.20495952221039862,0.20154866228154328,0.19932934790945006,0.2019865958806552,0.19228021541285806,0.19075322976194406,0.20239007437663867
123,0.25056511148462945,0.25388088292712063,0.2623457300519006,0.2603748303579804,0.2635645522416916,0.25668293705774925,0.23315498211248353,0.23561384140972022,0.2320788693560777,0.21444024759766364,0.22441165055435258,0.23543265487246934,0.22792428442842516,0.23531905734696823,0.23787499929065084,0.22082813264034917,0.2154654297940401,0.21416564228373333,0.21583307588392403,0.22108587666088744,0.22928070054496175,0.22742300830868487,0.2194045349915038,0.22050365876035388,0.21489880475647455,0.23279068593571595,0.23789603295373846,0.22445681703190337,0.23134179447497263,0.22493094093372434,0.21513783803735875,0.2193003374743132,0.2098474518505946,0.22569882597512514,0.2190144150024932,0.21773262074387106,0.22186597262290947,0.21987315083425615,0.2153024639620602,0.22088402117620237,0.20749015733269516,0.21427855054938688,0.220158268028001,0.2215318121085245,0.21884826100204213,0.20999110554594205,0.2024483026758733,0.20313522523910715,0.20596380194698338,0.2174040348533633,0.21154628353108393,0.20793615066154997,0.20490832346982277,0.20612881187619028,0.20462137562168645,0.20846948810781746,0.2268590974886053,0.20318960684354354,0.2062948565245302,0.19779740063738552,0.21941458865430974,0.1998250981690803,0.19564313348107437,0.2047741349639667,0.21530087756072394,0.20821921268627577,0.21591688197059253,0.22722645865019114,0.22731421761748088,0.22148764221204215,0.2284363961258561,0.21799734281963298,0.23055598470965843,0.22115165816567167,0.20892831417826765,0.2114955334537111,0.2203166401851885,0.21509836041750693,0.20969844016884545,0.2070685774836615,0.2225965864076041,0.23789866229239262,0.2179360624319599,0.21473117472808845,0.2046775925074926,0.21500323773105792,0.22145531094334045,0.2181117187167258,0.22517128176206153,0.21297194638532244,0.2337619384751027,0.23916278387391132,0.2609396046204182,0.24929708478085497,0.2429736064759801,0.23825674265587876,0.2356953421443761,0.25310224655116875,0.24528941078933078,0.24078775634576965,0.2564218327861716,0.2372979027941,0.23713474964157197,0.23154142404676456,0.24843323808281956,0.23637432409317147,0.23068056157585892,0.23715702842398473,0.23246570942677677,0.23143609878850535,0.23834640181128178,0.23960451640973854,0.245834256039419,0.23574750220977578,0.23439168440308522,0.21517187286661546,0.20490832346982277,0.21069527677711697,0.19929111363619278,0.18661442027987601,0.1869167839331842,0.18566151928378183,0.1929846204070305,0.19481917504109436,0.19849139318528014,0.2036048973669505,0.20422951218103189,0.19276545156196676,0.19959126834923946,0.2090814002635853,0.21971555279634658,0.22645389764109553,0.22092069458705688,0.22680509164822532,0.24189333377013245,0.2512974027358571,0.25705082377739863,0.23403326957555112,0.231988843564933,0.2316256227632267,0.2039391899758677,0.2305868305972368,0.21700642880888948,0.23913899513413092,0.258437183877283,0.25480033813619896,0.2608398849626451,0.2361989703042787,0.22035210315602577,0.21801330565037677,0.23422039011633622,0.2292431672026301,0.23058109645390848,0.22531790265323562,0.2208011342383211,0.2165547429382154,0.20868325397059445,0.2019319643412933,0.21788187300664355,0.21157137083944563,0.20513633874481313,0.19817740166075234,0.19728353446761945,0.19233034028949494,0.1828189877630773,0.18001989331926846,0.18257583687552598,0.17507502619505827,0.18145042927890342,0.17125521289444526,0.17430666755446403,0.161686924403851,0.15436647960661193,0.15508650181839784,0.16497867070177202,0.16164660956794258,0.15953846163170055,0.1550636491107874,0.15054869663832507,0.14686624797693712,0.13621909793892473,0.1374412195161936,0.13643317942360444,0.140180304815003,0.12872591869611877,0.1289593988551664,0.12993106553081513,0.14205352008310163,0.13906857353601076,0.14329498785740616,0.1433586821474625,0.14262084328332428,0.15046933444240426,0.14848685197499797,0.15297906422176177,0.15632088316063567,0.16149727547365078,0.16041678198611367,0.15758903640830937,0.15609608112294693,0.16272969108321697,0.1622918085580927,0.16578040642044514,0.172333695077888,0.16541096678699851,0.17645521575996312,0.17767879491481386,0.1722764048059201,0.17621582196086152,0.17116481696001207,0.17834124741228102,0.19065170784171961,0.19466900092065184,0.193148482324524,0.18445579334588386,0.18607040375139114,0.19957577021403086,0.20200041886779174,0.19232670889658687,0.2016075676544056,0.19713022154829207,0.20500138727438189,0.19814810349821482,0.21186216208041742,0.20897050873538514,0.20589324575682616,0.20809080966010643,0.19834200540354682,0.2069860610576313,0.21286982346797467,0.20342991142432335,0.1955272220116162,0.18843614026105215,0.180130477387051,0.18840798288792635,0.1902327560875018,0.1948568151871713,0.20742356775443582,0.2117132797178224,0.2140999175266234,0.21884201252362775,0.21200729260377166,0.19681996489059847,0.1999019994413175,0.20770416244702392,0.21292654147981446,0.20478512143866245,0.21314428869158916,0.2175541138405739,0.21897049493544496,0.2087533722955298,0.21043806511613097,0.20454327251346877,0.190630110669487,0.20451873601633733,0.1956806219260635
124,0.2669438993002353,0.2789773855858481,0.26458121105536764,0.26301468663670474,0.2595392229260543,0.2488741558698184,0.25078000112952864,0.24885507390581235,0.24194068170212046,0.24145516506251036,0.21840214529972887,0.23423948255266042,0.24324224327920652,0.24505027826005707,0.22967086179051274,0.23374939742913292,0.22393325867799285,0.24138428915625781,0.22112507845238302,0.23616954886569388,0.2309105629118984,0.2410814528332691,0.2248572008409028,0.22616786585475815,0.21129820125776091,0.21688364325518059,0.22051254418703106,0.2274889991454622,0.21649326988036316,0.2319106536631716,0.2159352282120487,0.22162487313228593,0.2270881644884494,0.23188763966315667,0.22782469629322116,0.21650179429859207,0.22233969214783492,0.22563428961223117,0.20461666409463794,0.22318530688854593,0.21203751216039077,0.19846873427074405,0.22574503121193576,0.2163232006532075,0.216363650363789,0.22007980876083885,0.20362598118605854,0.20478068905605237,0.2076657619995996,0.22522676553266527,0.20784917259104596,0.21698544344137982,0.20830999092578945,0.2030994559286161,0.20231995512084852,0.20665137533288871,0.20730563152253714,0.22246807658416926,0.21144961561562836,0.21464684037491683,0.21071769161305495,0.21405683512330656,0.21467956172983682,0.2008253025892955,0.20936606951688222,0.2150094756184979,0.2057242084517481,0.2218644911185404,0.2233575308626726,0.22217495455136066,0.2164635616660122,0.2291542414096477,0.22311558112350158,0.22201744477520738,0.2094790038481855,0.21689043510692063,0.20444829824856633,0.2090901624316039,0.20975841852876714,0.22681856578944298,0.22767151631485255,0.22043060874111933,0.22715358742742242,0.22279067022974705,0.22290222314721933,0.20912978934762821,0.20894924199848636,0.21120325153397548,0.2131820332352532,0.21494799577036752,0.2255032471950716,0.2463731634955812,0.240460972943335,0.2501184334905078,0.25139000117662447,0.2616128066170397,0.24430536259162208,0.24570183501253934,0.24761098055755734,0.24646945229767403,0.24380909364768993,0.24312045508123212,0.24716438982109004,0.2286866433574212,0.24026134281153425,0.2420057584486879,0.22691113074762365,0.23791306939294415,0.2456049978062263,0.246585252937804,0.24764770064074945,0.22900965895908096,0.23231486518992392,0.23715959498679284,0.24725267563778008,0.22176535498478386,0.22037772730892294,0.22893147160944463,0.20406558568902852,0.19447290425747,0.19439357198236054,0.18958911530841432,0.18910947980867104,0.20303508891118419,0.18963089727499416,0.1944454566424564,0.1963252865468731,0.20510455246491133,0.1987017216187403,0.20620832758831895,0.2123211706280872,0.21954017193889727,0.22522868437487265,0.22586217189045782,0.2424705513506467,0.23826634346172987,0.2406816610016786,0.24006513973547583,0.23300159823195327,0.22365144063757617,0.22004525095471683,0.22116342147232534,0.21614390825659022,0.229949039573921,0.2549546868247663,0.24937855262729017,0.233562814507589,0.22766658857760952,0.2361427953973894,0.2270591459575381,0.2303452176467054,0.2224230030033375,0.23016903663864552,0.2187034832395494,0.22421388301086223,0.21558602250767242,0.21428264576366837,0.21159119922468497,0.20287813786057451,0.20748208328253137,0.2023707494346349,0.19586020737619833,0.19760467269643106,0.19266689571330736,0.18517028713063977,0.200300549163836,0.18554382270689876,0.183186514758359,0.18010816437167848,0.16803884972361843,0.16424070478554684,0.17019688217082993,0.1648126718590524,0.15859430935311528,0.15629460959296643,0.15941680469267414,0.1559487866124241,0.14919319000214565,0.14899373251032813,0.14931519301448648,0.14380897802835887,0.14668476182094645,0.1427996029831791,0.13503644621347924,0.13205991092392913,0.13832573928852224,0.13606549313730573,0.13994487546696874,0.13712479774127723,0.14368088686557898,0.13842323670868345,0.14007608657827722,0.14974005903065551,0.1459318203893692,0.14070418015419064,0.14397563412204864,0.14251251355873484,0.15240527537972914,0.1498335260700849,0.15864500400634518,0.15917618804635655,0.17331861104847426,0.16257943127558985,0.16766742709010185,0.16934169403996605,0.17797557306514897,0.18412026869165288,0.17384223626144849,0.16824129400191193,0.17761661947316534,0.1711946939811864,0.17664900680844778,0.18705417242391736,0.18982302937617584,0.19026412141391352,0.1907991343537811,0.201633273075786,0.19931834158696873,0.20065832377917175,0.19859371498609407,0.20546062269121018,0.2063690191411211,0.20637890316813515,0.21751584563063459,0.21027778807499062,0.219406252670107,0.20849421053850667,0.20259957033919307,0.1957134803424833,0.20101436299929995,0.20620433920423248,0.205794659329656,0.20480638877898563,0.20217190345165492,0.1925124406588939,0.19092935261698174,0.2034371110853781,0.217228348276899,0.20924553522066835,0.21580077498968817,0.2120550405003378,0.22196137167511612,0.21053814880376578,0.21905158501669925,0.22549634140328992,0.21837167232067,0.21552750428258055,0.2098544582459662,0.21291987375608312,0.2179490598624299,0.19704407481076208,0.20417717941326746,0.20663105828922732,0.1975260094857441,0.20486034511050585,0.19671797266316898
125,0.2535613176798012,0.2554200584828256,0.25945258377404085,0.2661337784924614,0.2627689223700548,0.2627846540838493,0.24750689389941266,0.2451232465326561,0.2405660293332771,0.22675778181826042,0.22574144464013587,0.22920722330645982,0.24993593378812307,0.2505281895658099,0.24613235100077233,0.23815927523604508,0.23042006775867768,0.24424264811427512,0.23136326264296178,0.22790287297976122,0.23124236371473655,0.2402739566084863,0.2436606508872858,0.22256686063285241,0.23371635257339754,0.22111499732786521,0.22282319645362833,0.21838273462672173,0.21295870637410885,0.22372375502279282,0.2193428590334962,0.22244241425538644,0.2241755273161732,0.22502061121033448,0.2196571781047946,0.24069268963544577,0.22233370234260827,0.2345414468933072,0.22828606386049763,0.22567881876799337,0.22078115449570568,0.2238992815431527,0.22145648376175084,0.2144053904865977,0.20999303964440605,0.21785167326829,0.20859053596071045,0.21164889236680645,0.21053771250041517,0.21447071518067662,0.2130255523235778,0.19417843655283337,0.20015415036656525,0.2105303439581884,0.18454577207375572,0.2044710372018629,0.1999504118439378,0.20465638566539715,0.2160684219074063,0.21141777601310904,0.2008972398647953,0.21054886275862963,0.2058035206970991,0.20923705561304662,0.2083765771910683,0.2127400710749791,0.21832984175710754,0.22482717318139833,0.2114638817023311,0.21877329103463594,0.22657834487085401,0.2214217607688883,0.21974494835183092,0.22054839417301658,0.2213210897782129,0.2243336900068081,0.21905299729901181,0.21647612235983746,0.22893679572671136,0.21934200044066102,0.22056936860896767,0.21344820158862735,0.20623510873653214,0.2183946523743569,0.22367533682244528,0.21400045661064784,0.2111375608037633,0.21237691112567508,0.21775994591819514,0.2325108372425728,0.2350288632170054,0.24400228871895258,0.25841992731883734,0.25152896281822557,0.25900312256127356,0.25449660898659343,0.2516268610608994,0.2527888999472499,0.25032141206295916,0.2575615322064855,0.2455000020016801,0.23623524910090798,0.24021465539572442,0.24205396440988883,0.24338617192834983,0.229307098980708,0.23825570030595336,0.23166989402314198,0.23294183912747454,0.2380536254658044,0.24966772273276477,0.23201875924059068,0.23111524835916314,0.22394186978745448,0.23445840165676976,0.23035693955211303,0.24947182263574574,0.22453569928823003,0.21841994831444556,0.20601967607782784,0.2187911243032357,0.19333082312577934,0.19194628012178866,0.18796712550185787,0.19228428867833222,0.19834380937416313,0.19679693941397114,0.20692963895164135,0.21161707148427267,0.2061545383803091,0.2141473970801822,0.22747475188405367,0.22371752187952743,0.22874999855759473,0.2261753129991804,0.2495911603016611,0.23831753600231678,0.22941974885165156,0.23725883850898888,0.2429687951039415,0.2403262998755299,0.2299018679917023,0.22129831135477257,0.21657543730944923,0.2379549809383047,0.244936552035882,0.24703062661390235,0.22968678032689574,0.23334983600220807,0.23665549882481735,0.22130651539374474,0.23526704624891873,0.2207540601761908,0.22827103082019057,0.21589883556292389,0.21494665944718422,0.19983898121975321,0.20588793605404587,0.19918020544982837,0.20084036871160438,0.20397938591693135,0.1907438305668937,0.19131027676804924,0.18956331725011133,0.19811594484335018,0.18837844169349421,0.18923723769260625,0.17924931306439135,0.17453776081385922,0.1651981578017007,0.1576728798647389,0.1628354654918051,0.16187232328256076,0.1578032705745889,0.17105650722687246,0.15878179234636697,0.16020759465351847,0.15925753888710362,0.15124951823588112,0.15627049938303691,0.15325829862867493,0.14786827278129056,0.1433243563189056,0.13323336599311617,0.1382620525969978,0.13645014452457654,0.13513753722911487,0.13480499976834173,0.1423295250080188,0.14018482376696226,0.13269666252751638,0.13239055414803497,0.14991945680810045,0.1431505430887665,0.13964037293305448,0.13641056257006715,0.14356150416385022,0.14464519123599712,0.15570049741246492,0.15991426267998435,0.15969694199522302,0.16226606331119603,0.1654257453128097,0.1779195616874476,0.17461325170985545,0.17356389991536175,0.1722016069962402,0.17556837925488863,0.17510223925711105,0.1767932176177086,0.18156837217990252,0.17788597151436042,0.18371241235833702,0.1967165775517122,0.1929294827736107,0.19484362460635232,0.20069511420821778,0.21876966410704618,0.20101054912943297,0.20901843900015563,0.20134383668303957,0.20388180039184042,0.2099160279432401,0.2054050420686989,0.2182101762075726,0.2121832025150759,0.21118287598297644,0.21650353910393735,0.19613794466326023,0.19247268288289404,0.21340426756206538,0.200668206905538,0.20480926546242847,0.20036001706173803,0.20245936482304272,0.19253983708196143,0.20139249393300504,0.19536918733543743,0.20132325339275067,0.21685128500004502,0.21913109050408375,0.22741489171068133,0.21968494714590517,0.22068052069327934,0.22857824819776465,0.22243631924710414,0.21091807549865818,0.21626059821937,0.22613370587312667,0.2237143796169466,0.20967367150357313,0.21347071268083578,0.1970531991451804,0.2027988789800792,0.19678684367588242,0.20462344872795668
126,0.24648210824917222,0.23642930195727718,0.24311356957064884,0.25571075823467054,0.25474812723420853,0.2521325986647682,0.2496740465057923,0.25370089539828233,0.24314463988320467,0.24202286628610278,0.22493296084105688,0.21235793815591852,0.25269927737347164,0.24882144049280802,0.25328472540130964,0.247789785654024,0.2504585719397011,0.2360935921554651,0.23647111546571076,0.22866121141862922,0.23767778966457906,0.23557575951910048,0.226704896309694,0.24546896983613214,0.24938331866013658,0.24116651077245183,0.21095989469580245,0.22934057656767928,0.21778095604443265,0.22565673494950497,0.23503627741715594,0.23269979463063334,0.23489977457458774,0.2266029190231837,0.24930850819481934,0.23043407501627877,0.23879668853071112,0.2321579178163049,0.22726282453374488,0.2208179125179714,0.23081594126688793,0.22393630088841865,0.24240652175520003,0.22468521737748043,0.21276956221630197,0.21989264334886374,0.21778155779628347,0.21095979754520308,0.21224418479758156,0.21014303486262564,0.21311312625811488,0.20488440365031416,0.19210001554260808,0.20520332804200433,0.205752016373984,0.19800363353153608,0.20123831395600045,0.2088717473912283,0.2238239727727626,0.21661503638904736,0.2019730435741215,0.19990279298520408,0.20478101912379174,0.2171689342168673,0.22010043455351674,0.21551623923848784,0.2033302806061459,0.22071055355523692,0.20985320190958398,0.22955449432220634,0.22273476084826035,0.21855930450473948,0.20755456988121992,0.21869517427161547,0.21727392006994573,0.22808729777091696,0.23424681791374752,0.2189088401774847,0.21692329868776097,0.22218672112791654,0.21387459492339503,0.2200120663813088,0.20572747699043298,0.2153261622234573,0.23070961794640724,0.23097862941821365,0.23418803360877066,0.22540611823709159,0.21850973986314307,0.22946180208151523,0.23653150765672976,0.24530070704424975,0.24498201362695035,0.23374315406912835,0.23640562180472682,0.2453518291010692,0.2487893010531822,0.25951113672199666,0.254897161938947,0.2511973190491633,0.2469851260817166,0.2582652648127043,0.2417452224570772,0.2508893925512672,0.24406005229932617,0.2520049085215234,0.24001716405817972,0.24370110590576777,0.23993654451505844,0.23960733014617686,0.24640527449481447,0.24144760397443302,0.24059887925449858,0.24123893360084928,0.24600662336596849,0.23255463512294225,0.23094650803581082,0.2410449293253646,0.22072844309024245,0.21461723728383186,0.21218603623929685,0.21087956642899958,0.20082136745621826,0.1964588466012696,0.19295276217324994,0.20874419165451039,0.19800575357188516,0.20067409820119447,0.20944056461984562,0.21759920282971845,0.19370186401309958,0.2141812752215724,0.21615734629731553,0.2283846441556556,0.22052300406238157,0.23456909916720353,0.23592295541512345,0.22691442240927726,0.23385728318526977,0.23775480349742775,0.23612876735095653,0.2357909325044748,0.22018442733234475,0.22271496511042904,0.2258965509267625,0.23538565917094315,0.23794172184719908,0.23823046585728277,0.23005575399017847,0.22096073201514718,0.23320797613577765,0.2127443328310779,0.22196132056662746,0.20951648527009414,0.2241201993029793,0.21412555419187093,0.20113920997754645,0.19048913074482327,0.1972296163800118,0.1984251740855376,0.19574455040865704,0.20319978308293568,0.1931335840817907,0.18510651311199947,0.19340740592535333,0.1849976024383139,0.18502094721626877,0.18040443089508,0.17372799200929634,0.1711245424759573,0.16491987615493714,0.16761269151047062,0.16643677806714363,0.15671335200110903,0.15798869070822766,0.1584816557933715,0.1620578601191251,0.1643384172689669,0.14623791956534402,0.14804747338127533,0.1601130387571817,0.1494108030527571,0.14362267126804487,0.13878706767904264,0.14052869070800278,0.13570942175133802,0.1377498073050625,0.13937600115684598,0.14109447242869566,0.13440115471529568,0.13894886384651683,0.13795041140520187,0.14232329835321617,0.1368229657879173,0.13931632186842494,0.14181396509689653,0.1439517669378077,0.15805018189798717,0.14530146731248408,0.14919731241928202,0.166275590946697,0.16250412890143678,0.1755191471529186,0.18078375385994833,0.1810791720087163,0.17762982993379595,0.17521125484255384,0.1838358468338407,0.17339896464453144,0.1779047730371062,0.1791456223101916,0.18458788767393783,0.18382022781297855,0.19380987435324695,0.17750414542246126,0.18433122106783018,0.19258967487487166,0.2058049423423658,0.20965069188892313,0.19411290094058412,0.20642467048229196,0.20745088886933993,0.1985918858788067,0.20045690929948864,0.19681301753820113,0.2087156909803902,0.20972012118733963,0.21480619389235647,0.21752325831834554,0.21143325705581845,0.22327602923021025,0.20762139274162,0.2064488651978799,0.2108004822108246,0.21391443900867252,0.208920809539594,0.20187852827465602,0.2115848656318442,0.20378016521052836,0.20718594949805527,0.21948679658003475,0.2173020883178253,0.21591210922020307,0.23174394727883074,0.23337240402331189,0.23369283652334694,0.22093336129875482,0.22460421390275542,0.22838701060576266,0.219970377439212,0.22407494577602036,0.2063766221968078,0.1966522501078798,0.1912125529681752,0.20268426761749206,0.20045728778650077
127,0.2257835514663823,0.23177778063237534,0.2427221441978903,0.24174088071229138,0.24238871705268203,0.24044690983554973,0.24196452628655357,0.2522644194975063,0.2436822522459723,0.2363665955571917,0.2418190440503884,0.22640082235208636,0.22970312309499574,0.2458235012431043,0.23625352658717214,0.237451545162035,0.25305970649594683,0.25102749945702024,0.2408510256100534,0.22132012152011096,0.22839794918264736,0.22588552410004958,0.24310976303061738,0.24273091890423298,0.24628224285989167,0.2437388737245295,0.23800539414428412,0.24357011434137094,0.24028950347102573,0.23084129393773084,0.22224075306131516,0.23962951016661185,0.23930980891834353,0.24978772926654522,0.24770455908834205,0.2318955955208656,0.2380554891447793,0.2446039691581922,0.24050770823270085,0.23822607753034583,0.22156405251193906,0.22877654660138874,0.25061282958528275,0.25473229008702336,0.23115053342787814,0.22065445487254756,0.22397863830914463,0.22364098685948902,0.2225374462743423,0.22031308912912667,0.21178636675786291,0.21741464764773588,0.21468974492129325,0.20269156223495083,0.19193797121593703,0.21640689807363175,0.20937440972219418,0.21345655695715815,0.22051518449710256,0.22893542515003595,0.20623187961938044,0.20109263736565267,0.21325690401990857,0.23394420941065622,0.21954598538002915,0.21040734678999598,0.19961363578177496,0.22103757128654858,0.21878311426548208,0.22575256839634233,0.23426893326011308,0.22916231455309957,0.2188263921080996,0.2206315418500898,0.22138276125673823,0.22065257500061897,0.23256962895769315,0.22398364094478665,0.23172143002415474,0.22638106567285105,0.23410883296046675,0.22301439677992574,0.2114082348029902,0.21152470595457892,0.21543685474578667,0.23036919249808788,0.23542289720769413,0.2367679424064874,0.2328780200309825,0.2333338247774915,0.23150746527520977,0.23713338458815195,0.24402526889475892,0.24640884894614523,0.24771391318249114,0.24239145185927824,0.25102223960130515,0.24464880569468067,0.2511135224050838,0.25836519000050073,0.24538284645769576,0.2521070554611506,0.23963618664440822,0.24975345223147893,0.24406690841789147,0.26209334885987906,0.2500016068227027,0.24926258809998417,0.24055716671648514,0.24093345029584196,0.2405935055204004,0.2413327712655226,0.23383999873500805,0.23277192597895022,0.2347818930383764,0.2294121420554524,0.22868190427242235,0.23967784986046659,0.2342565268331048,0.22289088058128675,0.21125913634267846,0.20435030958871891,0.2023706189614331,0.19732906132750017,0.19399266086421646,0.2044591730846271,0.2052873554076965,0.20782792426317934,0.21310655083071423,0.21414902429195837,0.2072047943545443,0.219662033640161,0.23180532057242842,0.21331225165334372,0.21904447330485488,0.22122092299984963,0.2334599563567897,0.22817738571292545,0.23021599799278034,0.23383827574457106,0.23300910943711323,0.23380091151260526,0.23959822700070596,0.23036478984940975,0.24040140415571837,0.22761029412880696,0.25228707406607176,0.2381615236128454,0.2275395003019291,0.22952161969976334,0.22916183965443523,0.21567797634856378,0.21446864107500485,0.2203129369422888,0.22470135949046655,0.22713329436391805,0.2215046766714469,0.20190973556282907,0.1931066812117496,0.20332533662976965,0.20436367319059556,0.19093023188116864,0.19740244160021767,0.196808780362778,0.18163766069429188,0.1943198649644665,0.1849576079235719,0.17876903672159444,0.17805337084441425,0.15698060553769358,0.16549386548016107,0.15814992853419232,0.1587541547426906,0.16606170781888574,0.16805293433837004,0.15720125179207756,0.16309231600401078,0.16392470093108655,0.15977017099505236,0.15426521188092981,0.15533023525273573,0.1543362699968587,0.1524473923319551,0.1425689660534079,0.14453665511429645,0.14299010991586453,0.13904359883532885,0.13995873225726185,0.13250766467285024,0.13617958300724972,0.13792373201029787,0.14039511599285162,0.14437067931903627,0.13367247830432247,0.14206038914584734,0.13890791735834032,0.14512893222997783,0.1464920309303623,0.14623690939307216,0.1427759307524248,0.1516522995373965,0.15869147616022997,0.17077067694770967,0.18678457131425694,0.18001442185559807,0.1761617029662456,0.17230703130741437,0.18769819662165438,0.1778550495844897,0.1795186195578909,0.1754558690211122,0.18835410947541192,0.18324346695231253,0.17968801041001944,0.19806856265435452,0.18268677113447407,0.19238787601468582,0.19111285482957135,0.20560018447754122,0.2209399747299718,0.22265687016477217,0.22115649581344032,0.20416496096165523,0.21366854861899934,0.20120238758205986,0.20906541747434831,0.21059657313999755,0.2131108689989741,0.21006306600447852,0.21085184231044893,0.21750653004348877,0.23369579607911656,0.21555083025441268,0.22932663577991108,0.21562683087379167,0.21290766647946469,0.21492839719629042,0.20281222051398218,0.21621897290113481,0.22004378160817023,0.21460809525120011,0.21950954017448446,0.22175616377044763,0.2258311260322128,0.23274169882952017,0.2368300463622816,0.22238930622487166,0.21521428769890125,0.22401304013341192,0.22026130094519414,0.23433248604417525,0.21658615926737473,0.20723180035186253,0.20240592434996707,0.20266153604375764,0.19787477771464373
128,0.23341045219975035,0.2440521848595999,0.22927589635655327,0.22789631350218542,0.24615961273724188,0.22964569054291442,0.25134311895233985,0.24552702409475485,0.24279615230142057,0.22693004539108716,0.23066324635685637,0.239888539300415,0.23246014266382786,0.23292328151986313,0.23573186926201883,0.24981004637450957,0.24422690171642705,0.2348784109157257,0.22863625611659005,0.2279197710635996,0.2182905323546329,0.24219529384025948,0.24654823623050842,0.2552236997746696,0.2483112521929901,0.24332739124536143,0.240888240801656,0.2452757994932432,0.2540516383670477,0.23113728093785788,0.24596652189098034,0.24423494349991387,0.2399809123038269,0.2398020547267664,0.2595069539303819,0.23876183060444106,0.23214808205882645,0.24056985143753537,0.23055545383549617,0.23129865108086697,0.2350770326346791,0.23948813391877538,0.23266154086427893,0.24580759632787677,0.24352373721354587,0.23571710576322846,0.2235931014133418,0.22547199108840613,0.23339357696057506,0.23339180351902822,0.2228330476032987,0.21900922078101864,0.21265627388584332,0.20753636223046412,0.21578139677353667,0.20439336798333124,0.2092545451803022,0.21108209698291844,0.21050770669503419,0.21799854752079825,0.22101634876448115,0.2148519996189156,0.23012499919878016,0.22501786514283417,0.21312765180190077,0.22605368965732878,0.20883284256669335,0.21508483963627784,0.20994928502417876,0.21988008693361719,0.22682222170224486,0.2192184486301726,0.22839873804257926,0.22664894403138644,0.22072818896737736,0.23288681422892799,0.22145123162333055,0.22035291496466983,0.2403505387806882,0.23575613334385281,0.22552375812422246,0.21578179425792482,0.22618901013579,0.21489736977519105,0.22290355760468797,0.2357399570118102,0.24405819780854573,0.2338058643528059,0.23135639048159015,0.2328462242693566,0.23706192136715087,0.23170328975168877,0.23030835852828468,0.23135367363688533,0.2401542628650989,0.24089750389648074,0.23874308420278842,0.2477167080718407,0.2454087255039555,0.2645142052587152,0.25500928877289775,0.2354923480584359,0.24796877696632558,0.2381234685836366,0.2196513617193486,0.24095691820001833,0.23773120954447738,0.24674093152492305,0.241723403195145,0.24974028327928496,0.2443389481729757,0.23419757831366023,0.23925658522404172,0.23872571348472843,0.2435144852762027,0.2386565180136493,0.23875682775502433,0.23659349511829247,0.25325265090253013,0.2313406758409258,0.22150335058866338,0.21229975843261606,0.208766975767757,0.20615026622927332,0.2057434888432399,0.19716107616488013,0.215204129179841,0.20160169073284256,0.2092263120582861,0.21745339875799088,0.2221020156838108,0.2129443394413505,0.2143719211439271,0.2223446069803384,0.23082226588634974,0.21841361148185567,0.22135849836046065,0.22185003419865618,0.2262623013029764,0.22876127056491372,0.22455265794039336,0.22775614325172483,0.23576101903150026,0.23374579133016657,0.23059861789523498,0.22863636140750132,0.23401155365795517,0.24381201289932644,0.24233246501982236,0.23191946473178,0.2200166257970906,0.20091829774604572,0.21378715111717225,0.22483271246519845,0.2162811150798381,0.2157765773335908,0.21006200189338814,0.21184689353109487,0.20752288673019378,0.20556856299324727,0.19535984408757306,0.19463820913490562,0.20162896462412283,0.19270008223890317,0.18748334784093895,0.18975538087989743,0.1766015455339807,0.17974942094655283,0.17029488357613573,0.16767167389758425,0.15919616446087698,0.16435415959561034,0.14906545155220244,0.15762496385753047,0.15375314217703653,0.1574577350339986,0.15014158628879426,0.16293001593969808,0.15679384128370366,0.15838607624224332,0.15294102624180056,0.14093180037908998,0.14308496446944138,0.14061187519035065,0.13848412777219823,0.12657735025510594,0.13396057407544923,0.13674611602699652,0.1358313446587154,0.12967880505900653,0.132217517913671,0.1426234704805431,0.1346030807538388,0.14026166824255326,0.13790436092185174,0.13452128276567427,0.13882733921884033,0.14299208541088396,0.15076932830370388,0.15258435282486235,0.14723023320933853,0.15818124885059023,0.1558317687127055,0.16842967087368033,0.18278135814519045,0.1747800261544284,0.1755427509697684,0.1898799899238057,0.1855584345632784,0.18178933459717808,0.1819535779465052,0.1852740520978829,0.190146878361493,0.19010607704259025,0.20087527299967037,0.19694835148989243,0.20005750581229423,0.19684947461064553,0.19295378404330965,0.21433603873014023,0.21491181898975648,0.21219390246520697,0.21079198812612243,0.2079515682930215,0.21809851070982209,0.20315477755074265,0.19209037306403784,0.20331754636549715,0.22185534687951594,0.2240360463999828,0.22367080459119626,0.2261758337876841,0.22174130544632983,0.23000411179968888,0.2260890869626464,0.22670687994616828,0.2205596175335045,0.22203523573723594,0.21759845126999539,0.2245328557371886,0.21694667581507113,0.21939685612218568,0.2264736085290251,0.220637790620239,0.2215685930722155,0.23380753326824583,0.2362599458017906,0.2356713013803782,0.22245491210559254,0.22103054778026796,0.2250707198731768,0.2152646413884118,0.20818397664757585,0.2005141705064272,0.20937074577605358,0.19458703473084857
129,0.2229609468341142,0.2290756354707854,0.23467304037522405,0.2367663613945954,0.21867367313523517,0.22455260623523907,0.2260771137243867,0.23903863491277197,0.24366109972720512,0.23969865658842981,0.22980840049939036,0.22937442874979616,0.23415826956964758,0.2429562636054235,0.23515482814048522,0.25198866168838485,0.2495657596383305,0.22970619079920523,0.23055072910930333,0.22579082998545547,0.23341582673590464,0.23939297397364775,0.2520043282594458,0.2597406960407298,0.24896442823039827,0.255660715490704,0.2573344913707548,0.24875349997084503,0.2544532486735511,0.25947468894677395,0.2496561678885083,0.23355383344940733,0.23619842643667688,0.2429147016996909,0.24469043893157122,0.23725403104144568,0.23795333720920614,0.24495753326028297,0.24063189988403316,0.24296599783841555,0.24132865920016808,0.23578056279459586,0.23646376489927434,0.2376694712554508,0.24807111576087576,0.24150492960030728,0.2392408848427794,0.22112421288325126,0.23442110026927251,0.2336559797416219,0.2290909852498104,0.22633796143714352,0.22788954431928027,0.21999231000472266,0.22359588157819393,0.222097617611759,0.2158295473972026,0.22418853551090157,0.2069557989783731,0.19773671274809182,0.20904558510943078,0.22240431039082925,0.21014637360746263,0.21069401540700367,0.21610772924064353,0.2098526220645598,0.21524610430982796,0.20994773806637718,0.21723810213762565,0.224354972769614,0.22545434005219706,0.2161401258476534,0.22864773311132341,0.22315354993277697,0.22878429036119108,0.22273927411249797,0.23205017485190974,0.21382067686322614,0.22826740411603905,0.22226122313378452,0.21850058295670566,0.22412432778764352,0.2202132264395646,0.20426360857463127,0.22381948906610719,0.21684134878882136,0.23677050475852546,0.23586635735988234,0.23884557517199287,0.24263955454804273,0.23320180093362858,0.2298210476135777,0.2319379957683709,0.22858656421873244,0.2572213421520633,0.2411719528366964,0.2564153381044354,0.24141869611511066,0.245901625729805,0.2572551039871888,0.24509762333411333,0.25298688053847046,0.24854492512913054,0.25621762429382505,0.24524344039869306,0.2514716318357584,0.24711163830162305,0.2410917225973529,0.23724463490887507,0.23582443358410082,0.24722062498097244,0.2440205490732534,0.2359054639712641,0.23365097627637896,0.24528692568306026,0.2461449329654957,0.2581291195055492,0.24755442859751478,0.2396156612066326,0.22744903574111452,0.22275814875382405,0.21218652481626335,0.1988123230892962,0.19870789376222178,0.20886371576461948,0.2068601332018505,0.21056321352518623,0.2205010185882843,0.21268923050120545,0.22421145654773214,0.225301145595688,0.2190532494932401,0.22341992413175238,0.22085391385639616,0.22669847571064447,0.21450578047898589,0.24057660950961293,0.21512466151432955,0.22571753561764324,0.23039465524927508,0.21955058569037506,0.23242728006840283,0.23647062542083963,0.24069884150499288,0.24071945972781303,0.24345556148854497,0.22621932385850138,0.22609694799866195,0.24212760152368132,0.23225153873267457,0.2256708163817437,0.21370436849421015,0.207029102784752,0.21890087623388566,0.20560340370379906,0.21325587283384853,0.20573690393634206,0.21827364455505444,0.19841405824257577,0.19478131791548925,0.19674523367695843,0.20717483422183064,0.20002173497585551,0.1964104044746363,0.18847610579040805,0.18147524859636024,0.17676248564131802,0.17409920982014995,0.17195689716776183,0.16936314119931245,0.16850395547904573,0.15936982655893633,0.16139798187896542,0.1569401271027538,0.15983949545428894,0.15621077966076188,0.14947755999290127,0.1595629290765624,0.16023072582775216,0.16003939465423678,0.15210237661459156,0.14812896896881422,0.14622613465634934,0.14553551934198955,0.14447077415979487,0.13946974279709246,0.1385501499032438,0.13140533568060542,0.1331257293073452,0.12957642689897378,0.13253146540363528,0.13079525834100555,0.1329257134579224,0.14222141655843945,0.13852718211446122,0.1427525911454826,0.13636031631787304,0.1374019828251016,0.13742761197541536,0.14040287472806057,0.14783320757369187,0.14532053899659025,0.15210868086120524,0.16413809928600873,0.16584599948939538,0.1803574141330353,0.17620600303785178,0.18786055454715753,0.1804901475611187,0.19726979805918235,0.18837015710948976,0.18910059702764623,0.18813682041227428,0.1850755292571052,0.18564702755034318,0.20051122487606682,0.19631001217972116,0.19546917951079848,0.2013571288582329,0.20584342527128344,0.21782734595895145,0.2101313254811558,0.22849536769074336,0.21770720388963535,0.21679511893968356,0.2113827287841617,0.20068102473784522,0.2032932552043754,0.21664591273427258,0.2202605401909257,0.22101848619240633,0.2198830740803092,0.22135161756089555,0.21971808237969087,0.22859219612627368,0.22375698421269774,0.22614313059653446,0.21561129101112753,0.23233679813977265,0.2273245813782396,0.22672421140310914,0.21543799569069544,0.22226245139808826,0.23181615598061855,0.22728632155879563,0.23872730758023136,0.23164589048274153,0.23257734044913264,0.22510642975073283,0.22233999932168358,0.21344205814395026,0.23011106371380938,0.20701913995004875,0.21258185871573526,0.1972855650297705,0.2026604534292475
130,0.21773994054605508,0.21659718099596748,0.2265383327931801,0.22970275285760322,0.24102916708925085,0.23240314454169844,0.2337011233739536,0.22825862667926403,0.2451260686345684,0.23997406045340078,0.2447880428333599,0.24356590807083295,0.22389165157537086,0.23513539038622053,0.23423565315394357,0.25669830440966174,0.24402706694601187,0.2311271158881671,0.22388000091002103,0.229294902525683,0.22873177489828891,0.22609496969896112,0.24534612323842883,0.2516523556117599,0.2557767118660438,0.24414790386768007,0.26021300616127757,0.25931521547210545,0.2653548317815958,0.2696820246434027,0.2516888636703244,0.24447384330522487,0.23332286470677865,0.24475777695204612,0.24431897629095586,0.24778950037565492,0.25288437711759026,0.24015221686399935,0.24689687894807938,0.2446393983531797,0.24707784227574237,0.24890137741970322,0.2302282434419143,0.22803693757085194,0.23589742486065485,0.24728512902597635,0.24063123499444103,0.24257832894886405,0.23489204016483795,0.24402470700645926,0.23281657715897733,0.23798994026565454,0.23171764179111592,0.21615869014733788,0.2222448469249813,0.227057682057844,0.23037279955007267,0.2046085134090262,0.20541015012816127,0.20097732894010922,0.21233300203673275,0.20992439005642946,0.22057038437078677,0.2251951847759761,0.2096137656415787,0.21864713951834744,0.21590584514542052,0.20928928774731864,0.2123095354229181,0.21365246115116923,0.22316413508259203,0.21781124628535742,0.21902223178155364,0.22773233546947474,0.21884125667139945,0.22254892458585734,0.23178130300035305,0.23392729558160405,0.2210987055729891,0.21556522413471002,0.23350430938614333,0.22364000845206444,0.21851799147016512,0.2250564167799013,0.21947835677897157,0.21734707502761957,0.23774308834180485,0.24572984120299304,0.24241846670866293,0.2433978849332467,0.2471970023788271,0.22974639208849781,0.2287351456391265,0.2563002324114817,0.246750306045851,0.25442805620967707,0.24659660886983326,0.24774842371921574,0.24963507161715032,0.2471439024568092,0.2587515738152223,0.2602381722068817,0.2567580093905227,0.2437561040790884,0.255977621877698,0.24565788021762208,0.25143052372311475,0.24411754850341372,0.24104648340446513,0.24324140315171233,0.2538066518245615,0.2383235722892251,0.23041253390409774,0.22561958704837518,0.2404847824416437,0.25390192876349676,0.24383480671974908,0.2546537054794487,0.2511124816287846,0.23834415168912876,0.24196363485793762,0.22032323515544217,0.19672221241325286,0.2106349335307853,0.2093597543223305,0.19804935848950628,0.21015266414040512,0.22356535314382195,0.20971635461345084,0.2172731196047171,0.22031958253214223,0.21498259458459745,0.21688029734759587,0.23202372775309624,0.21291815783155194,0.23649452990404896,0.2272662259571468,0.21974985642663242,0.21295728434778274,0.2196192984984595,0.24046136052094358,0.22514675918095228,0.23559441996131317,0.24215124150045228,0.2639872792292751,0.25487133866126116,0.2329784759704251,0.24133504960216742,0.23236178282713868,0.2253558311225508,0.2175142930050707,0.23013199375265964,0.21424046387179288,0.21608299961582011,0.21202486726610645,0.21619403142433113,0.20889488212548873,0.20354555370857003,0.2063052595378269,0.2021158163126869,0.2148955389509134,0.20628089166025326,0.21014651877148494,0.20344533690459,0.1961880904030644,0.18800300890050334,0.17669631809462916,0.16740826675579024,0.17409027046479061,0.1740951209100656,0.1730282837181466,0.15548553774894255,0.16217413866686217,0.1553359579354978,0.15784796962546674,0.15538246254935384,0.16036921376032337,0.1467300278594797,0.14846633917529278,0.1530484726833572,0.1406099325789235,0.14038703443292946,0.13729382354051842,0.13907465779636255,0.14196850205198835,0.13865546766942483,0.13284095833362516,0.13116501099768052,0.1307717694078511,0.12907555467134418,0.13624074192669633,0.13102313903795665,0.14215266303054702,0.14218343430920624,0.13895238324849554,0.14363424635422523,0.13467035346445858,0.13355710602574972,0.14846223695541458,0.14397861779830426,0.13830121644006013,0.15069748347092768,0.1450594411553436,0.16039964398094553,0.15592832009051638,0.17326326737254524,0.17251775580639175,0.17963919490379848,0.18752609065232279,0.18752591793448997,0.17589265322478945,0.19010152464873983,0.1947455757006699,0.19074997952061443,0.1881133856957716,0.19578571885639268,0.2006266031101661,0.19417731877511712,0.20382239010552977,0.20562456663704365,0.21526850761133431,0.22594222436493477,0.21800251304249132,0.21656052718984942,0.21794770488174997,0.2084150610893078,0.20894091872927514,0.21050901542125225,0.2146191151549622,0.22543741712099552,0.22593332824459408,0.2336198818730575,0.2067471825923498,0.20570421938860695,0.22300048110324736,0.22931750079904856,0.23122458039423716,0.22644597205338315,0.2294625946158712,0.23022177606727368,0.22917513718905114,0.22238111325097104,0.22765883022874892,0.2237290095429267,0.23412478954729707,0.23880394665699026,0.22857640608215346,0.22461616085475095,0.23621800645931493,0.21511861841657728,0.22145388317278933,0.2177678683530308,0.21378567433295118,0.21398744829353025,0.19685060777057153,0.19741068250844618
131,0.21815792792385746,0.2234834669244004,0.2264434171533101,0.24534341158784928,0.2374208196658819,0.23268736414563876,0.2337236177354726,0.222097208493205,0.23121867067134122,0.23403472456017196,0.23080993569621328,0.24059826985593832,0.23356007175259308,0.2294271445897685,0.23254772757434522,0.24969071903883022,0.24514142143811685,0.23320958708496992,0.21812196426151384,0.23149605795159878,0.2469258173484737,0.23049924118026474,0.2312242609458947,0.25363547702922096,0.240158742009437,0.2671917226656887,0.2429015577586898,0.2455419497056532,0.24656912841284578,0.260580552160077,0.25626718596881937,0.25827180635078417,0.2534235673342355,0.2491019343647065,0.2499256325726927,0.25263469899013,0.2528826302602327,0.24759895078284846,0.23855229551686477,0.24173631639800536,0.24832880577749175,0.25352687307544264,0.24746210336591526,0.23440598706960283,0.23086298145070516,0.22997450883910608,0.23495776371553678,0.22139489370214624,0.23245120400605998,0.23916674889393735,0.23195225552784499,0.23590747379172286,0.2312826740879188,0.22239063761164052,0.23250071885657542,0.23313254247840456,0.23560440173483227,0.22362893729789105,0.2166690604089179,0.206894049471764,0.206583723045198,0.20845883196424522,0.2028129770430741,0.20595057081986212,0.21601812890126673,0.21457652117176465,0.2190435654433662,0.22453771564624428,0.21779976157568076,0.2162075223649166,0.21766685383568932,0.21475075531813356,0.22368187781808566,0.22478343316431373,0.22665938184132145,0.21728527698809924,0.21886151441368978,0.21798384058288067,0.22613865250218074,0.22115664858298825,0.2190334279123454,0.22116240297947568,0.22351974844296366,0.23477178393715134,0.2275985023626833,0.24357000217321384,0.23857509201485474,0.24885725135327574,0.23826694695387782,0.2377592926352716,0.24393358584618824,0.2334148055645125,0.24676263550348354,0.2448953280371428,0.25901266476471113,0.2617309008701337,0.25003016069188044,0.2391833806662817,0.25083116773566705,0.2568922484964109,0.25007144291672034,0.24922666152450051,0.24520244704875488,0.2549629057252964,0.2642183645183845,0.2549599703732638,0.2572835384433478,0.24220706107437434,0.24822561764608259,0.23746876848687187,0.24279072949161123,0.24356596415396237,0.2289778113944475,0.22792208021583285,0.23512840618169106,0.2429437886931055,0.2589291824030912,0.24906855433847166,0.2556059740607206,0.24478612644684686,0.22682953370463016,0.24075898292499204,0.22687205244541941,0.2091311858157835,0.21159115050401645,0.22484451625414775,0.21597446158462333,0.22146953815989587,0.20705498932845612,0.21863359703473356,0.21701442376845012,0.21346746857791288,0.23096256816859753,0.21890258996943504,0.21717053438260442,0.21800120792612243,0.2238953118653041,0.22981088753381487,0.21263179233683255,0.2207581266537098,0.226987478236379,0.2317294335370272,0.24173314369372598,0.24027467583616274,0.24904934277783658,0.2519341264089028,0.2471660971781056,0.22819057357997458,0.2356090672740023,0.23179710094543782,0.22347492489864076,0.22659112727142225,0.22307417731119772,0.21412658958322334,0.21073695475148546,0.2147995167673467,0.21974515074450107,0.21297508487903308,0.20129037548867515,0.20086892715525448,0.20312608588050515,0.2102580343568828,0.21780437544740539,0.2138240740383045,0.20504784059756612,0.20510294675086765,0.18628363335195877,0.17177612440144824,0.17116493519651968,0.16177101112753858,0.1628559386400757,0.16363206081006781,0.16120547960089512,0.15508043123946924,0.1520502014942733,0.15232423300213765,0.14927978468691078,0.1454082340277226,0.14840071725712234,0.15317151220311553,0.1454564553575265,0.14383182797971658,0.14108342687208475,0.13488665968715802,0.13541382323240186,0.1336438566891566,0.14197634773812665,0.12910854891434773,0.13934808346931848,0.14492723280396377,0.1438778700656207,0.1440900526339636,0.1368585706766906,0.14517940093231294,0.13393559149997006,0.15118440672117187,0.14233050818894233,0.14233640741710857,0.1423501732337103,0.1398978370663586,0.13976647109914733,0.1433042267245112,0.14373019010546928,0.15857743907802052,0.14709706248747184,0.15802216223454618,0.16827244303270525,0.19366890630692277,0.18387894358852377,0.1807493732294638,0.180065702625851,0.18906158740051937,0.17877039510878812,0.20154597061843435,0.19622759450546767,0.18912985953003694,0.20296478357372927,0.19803435125890037,0.19219018286485334,0.21088646160939808,0.2066702667416708,0.21566481640239746,0.2092636518973492,0.21706065040254532,0.2266395504134166,0.22552495248896526,0.21198361793140486,0.21648325037928923,0.22614719220065876,0.22539734702437825,0.22983364250261945,0.23388022340048648,0.21738641475403492,0.2195723247245089,0.22286573396418738,0.2232371657414242,0.22558301662835725,0.2281310503280685,0.22282740366218504,0.2302935104783265,0.21406689019464498,0.23037746758353797,0.23763176843316036,0.21460804583586568,0.22384005301114976,0.22580850736578367,0.2319305724952613,0.24388607252897182,0.2352564287295945,0.2389781528586764,0.21395936485092318,0.22318042486191636,0.2042903723518034,0.2051192878395768,0.20501436859667874,0.20502635934825492
132,0.22077312243696964,0.22643027812254488,0.21917807081866664,0.22020551926711246,0.22955914577439038,0.23612039441808086,0.22493850273124955,0.23389411786438594,0.2329339010103205,0.2355020001490637,0.23264332699539686,0.2378489836605781,0.23304811794604383,0.2340103682316246,0.23147761552398194,0.23505890029084167,0.2429308109888292,0.23477421656879907,0.23820325953330404,0.2457244660300251,0.2510485977881092,0.25014538795089863,0.26077082441303273,0.2557637553460496,0.2540282404239651,0.24991015277363726,0.25337688928730584,0.2524800107380499,0.25370031123105513,0.26659991094119906,0.2595661168209126,0.26551557399485226,0.24679206960264843,0.26928241901568,0.2391085467976506,0.2609420079740611,0.24863072708222,0.2491163315986034,0.23871378559068476,0.22961951748670467,0.23643202396587748,0.2511346857921116,0.23539395184831757,0.23417638636031277,0.22474585978040992,0.23373669559633006,0.23673005554381862,0.2320427479884614,0.22031288621336617,0.2184171319217083,0.23209810788185606,0.2459217836112568,0.22440839519836026,0.23163719648059403,0.22466514482905015,0.2291383070200415,0.24086744173692368,0.24046213567803482,0.2138175751418138,0.19851636303246603,0.19535693369191118,0.20217520400129488,0.2162739439170574,0.20852047233099233,0.2191729736487354,0.21840802918641655,0.21492171627266243,0.23107427547702314,0.2177711276662296,0.22215822662178414,0.2127855342084813,0.21300156776123794,0.21891191494209433,0.22876026975674918,0.2200539659014228,0.21929448004335916,0.21827872080984664,0.2183981222205906,0.236995336379919,0.2115398538649865,0.22831008724204585,0.22986629717290907,0.22503480839566262,0.24101373885640523,0.23660978450100928,0.24100918827129877,0.25163207564526424,0.2430446692261949,0.24584693598258855,0.24571654493680417,0.24243638524250238,0.24251605781017785,0.23130940954455037,0.2431825454423952,0.25540359147392977,0.2534778413726978,0.2515695077644912,0.24871907850895145,0.24149264042010818,0.2573967150215955,0.2600914045777229,0.2564029396233598,0.2517821861064402,0.25699755997104196,0.2632176454928129,0.2644800997355356,0.2591522596645262,0.2585532492856336,0.2599357417042246,0.24918293680213172,0.24653676899166618,0.252257449270302,0.2439025831998075,0.2432723777705133,0.24352334469997325,0.2520908020425677,0.2427712754593044,0.23175200493230014,0.23569816424589402,0.24474757644609396,0.23956854763161828,0.23568492236994384,0.2195816276664751,0.22701847397089306,0.21966127495568494,0.2104125307986325,0.21293644539604156,0.20401582693776865,0.22020556997131294,0.2288326552808528,0.2176612405077983,0.22183787681153824,0.21127874087042298,0.22859182767948236,0.22088091871203863,0.22414166825371795,0.2465947351050229,0.23368218243290906,0.22165090047706018,0.21389434365972465,0.22233918019236362,0.22480429272631075,0.22073703261514935,0.22041837687887675,0.2418870956747441,0.24574132749298572,0.23521028059143498,0.23189020259422718,0.23490112677027783,0.219186246724923,0.22407107617220934,0.21983265243325437,0.23279004271216872,0.22437584423557705,0.20706104429098238,0.21500219810074614,0.2091410576669664,0.20227780393932254,0.21611180965193874,0.20938173780683145,0.20491077694253643,0.19682875706448377,0.21172424847839763,0.2122709678115289,0.214758321024286,0.2035008230268299,0.18703143241600306,0.17790288869904505,0.16961368903545684,0.1674272330416387,0.17315913194197272,0.15632088316063567,0.158381335246766,0.1701722338984532,0.16051802220109987,0.15364520102796506,0.15612375926375757,0.1541164511757144,0.15319126414122022,0.15429824983446783,0.15411893525943515,0.13711595726383916,0.14642964180167886,0.13746147509524928,0.13758402166749356,0.14363953813289476,0.14284367008497573,0.14129604313383795,0.14538513363943434,0.13573629790655875,0.13765627078399462,0.14469249318494393,0.1387893046803027,0.1484195122375799,0.14400945274046192,0.1357866268794233,0.1425233428274087,0.1481777513761347,0.1453088280167554,0.13621407953433895,0.14472747992584778,0.14239803619296615,0.14929353449637944,0.15116874235947333,0.15634500114403144,0.1528667385869968,0.1620814823630146,0.1707778335927397,0.18165631498530438,0.18350068931256766,0.18014043204015429,0.17944166900073344,0.18050382111910618,0.1763479031126517,0.18678345309044347,0.19931167640471112,0.19918531143607043,0.20224673535212243,0.18775598946311886,0.19603147152889197,0.201372517721689,0.19357546001530748,0.19993201591363832,0.20799960010524038,0.2070896051234294,0.22445872931445662,0.22844612722656418,0.21009552398231013,0.22490152485191253,0.22515992742313945,0.22018544132143975,0.22478244975879844,0.21887008168479594,0.22364943223834832,0.21424732094741405,0.21817209401061072,0.2137946336473431,0.221739773716947,0.232243035903323,0.24376036976211626,0.24364836421559966,0.22834147389245568,0.2323239055940189,0.22591366437938032,0.22810515494390746,0.2313464288736477,0.23000125195565704,0.23232428005621394,0.2369417545085549,0.22220795370138902,0.21328573014323107,0.2272529868572272,0.22921181494393028,0.21587159480747015,0.2181792276365547,0.20656051133119235
133,0.21709728887966157,0.23420485843482122,0.22345516628299478,0.22066913874763966,0.2312500844443074,0.2285593014318455,0.22134794788858328,0.2281334141505158,0.2364215171856592,0.23173300852875656,0.22018245006704046,0.20987973153288747,0.23553220615713943,0.23386676056008324,0.2455293420278452,0.25059921140147284,0.23437803021880385,0.23237114608938794,0.23591708857512528,0.2534755067662533,0.24443219063873722,0.2569454904765293,0.2502424019659016,0.25150405987694996,0.25806077666424415,0.2484008628037841,0.2608645109723099,0.256713081577207,0.2440996743324005,0.2424006053139824,0.24681940440986458,0.26295413223888614,0.2602992998796028,0.25524662010095894,0.25744709756817846,0.24859992884465384,0.251398105163414,0.2684528382782471,0.24013380363847917,0.24201205532963307,0.2402070778440641,0.2420587576660586,0.253433487526974,0.23898492124517,0.2284798473820574,0.22329093897764302,0.22831166435770345,0.22476692287354486,0.22465319527168026,0.21823555128155092,0.23216588294701568,0.22611631542570754,0.22812112254124958,0.23929305815617707,0.24111631629701363,0.2316717077250327,0.2345220058400676,0.2309582605399396,0.22473054240699855,0.2031974109208896,0.22050106936052596,0.20562759685496715,0.2015551084967371,0.2242998587026939,0.21605981505329008,0.232867724806576,0.22284110329414888,0.22237758012412734,0.2198137726036375,0.2179516192933648,0.21477745900020853,0.21938382286711763,0.20886602422447276,0.22121537082752943,0.22983935805809236,0.21068756313184514,0.22683956197691846,0.21826897048424662,0.22132796962881032,0.22083321745455334,0.22311157396711964,0.2355205462873996,0.22704267763013267,0.2385429578213106,0.24123110155625904,0.23671664668260012,0.26652011991646596,0.2566137953580134,0.25038747465467504,0.24998871259583688,0.2494471808015504,0.2385749272130765,0.2496403598883132,0.22551056860377836,0.23659698171457433,0.2523922411341965,0.2636464937509689,0.26405354354044885,0.265483173245198,0.25092544325764893,0.27317628837088287,0.26051815870594697,0.258891624119354,0.2530958359482953,0.2676455333627176,0.2568538028165042,0.2588767215484286,0.26007283987998525,0.25722963412210587,0.2665366899334258,0.2532882246832797,0.2495291573471666,0.2538195092013019,0.25875395701626397,0.2481156166099064,0.25040846153434565,0.24734196118185497,0.25842885298106283,0.23835397554924198,0.24078415254979918,0.24072029114480817,0.23720885653161566,0.22933582393118918,0.2276878729732165,0.2279106396453157,0.22271609331763562,0.2167436586407146,0.21345316562108493,0.22483473149042732,0.212942378160536,0.21240659646585697,0.23170259618122357,0.2236695685440667,0.2197447965574506,0.22190602807630583,0.2103874355704632,0.2345655884439541,0.2329870057255416,0.22483271246519845,0.21860057501531224,0.212136402682581,0.21228343186258147,0.2142969549581599,0.22922944346404894,0.23910463779839772,0.23138110990687907,0.236067880065461,0.2345880579807426,0.23543775070259917,0.2199974768857367,0.216224250308927,0.22070547156544085,0.21748569662587736,0.21645214801679197,0.21536930173685268,0.21434699530885598,0.21694552688029556,0.20434343990813267,0.20803624199589826,0.22244656305403143,0.2071854247291132,0.21097077584604942,0.20362179894296084,0.19982477977024374,0.22412721777215833,0.2095861114185554,0.19936410160425613,0.20678865096517404,0.1762699169938307,0.1759558052752723,0.17389976695489331,0.17128206885256947,0.17185857245505565,0.16436309100901259,0.15926347960326973,0.17025042314758757,0.14888536158517984,0.15827342482048018,0.15806364765932418,0.1658233176937119,0.15609428401074465,0.14863736579693748,0.15046656272036132,0.14460622871478196,0.14104185135494557,0.1517756145370506,0.13804351207753687,0.1390163879222459,0.1406164080547194,0.13500038281262328,0.1521815488910974,0.14611170209554009,0.14631504998176145,0.1441604070809949,0.140957114234316,0.14472681343270674,0.13158791329817301,0.14061996969351978,0.14396734645686704,0.13906761288765573,0.1436888271842139,0.13857599321747302,0.1448938659170337,0.14602526397438323,0.14795784595121433,0.1537538502380532,0.15082280030168443,0.16608055978967726,0.17720419547473631,0.17897134421536426,0.18628912378700893,0.1793014905881111,0.18526031578860697,0.18081988970493923,0.1872571460064137,0.2041954684966602,0.1907130009447944,0.20150126642315278,0.20317018216843255,0.18739508671669605,0.19833414576355005,0.21057945628213967,0.20162583548310684,0.20337171922482553,0.2026643826008827,0.21205650532972262,0.2137861665932247,0.2151812866519274,0.22445919446673035,0.21470398242586486,0.22245501454988903,0.21663608569786835,0.2325073037879025,0.21636823381292336,0.22396806609625536,0.22309164200218626,0.22047700462846365,0.2346652053636753,0.2344341091964131,0.2439731873480124,0.2328429537880306,0.22712241635466987,0.20925020878766715,0.21932558681215183,0.21842437414783475,0.21977505631005534,0.2215743071679376,0.22477209838278991,0.22591210382846258,0.22962120939206754,0.2229575071707449,0.22672154895461605,0.21313005646378055,0.21781555947685025,0.21651625168160296,0.2141938514413748
134,0.22848295135945626,0.22036504171230406,0.22523464844826416,0.22095376182692533,0.22386747454357603,0.2350769243777298,0.2134842794635952,0.21531138768737973,0.23877898402686631,0.2189500758605506,0.22295232210685026,0.2140369728165464,0.21804433109857901,0.21852070853091346,0.2476757005117864,0.24924014773086822,0.23699391755915153,0.22422668691074402,0.24918253516701436,0.24066631042809356,0.2548736861238518,0.27231151101153384,0.2581291195055492,0.2607972454199869,0.2541914859920093,0.25437416443108624,0.2748121943907511,0.2659953226990233,0.25990761259063216,0.24799915438880565,0.25179668027132207,0.25645667070481937,0.2455367482534021,0.2533331364267266,0.26907044686511333,0.26205352139854576,0.2575882211696742,0.2519103434412285,0.2573824911464834,0.25312264500421516,0.25178624438850494,0.24570613474546907,0.2511351483997248,0.23670569122566154,0.23754106539849687,0.23792314940407644,0.23826244823100293,0.2366845448124426,0.2325261495000044,0.23059410466941116,0.22684556870647637,0.2302325374549407,0.24210753165690782,0.240835442416724,0.25552829667126636,0.2468088338343536,0.24160849494826975,0.23830672594330155,0.22206785620375757,0.22876622199603838,0.22015765970906614,0.22029964636393684,0.20393012714160771,0.2116242344203166,0.2086882513443074,0.21784018642698713,0.21802650849727725,0.2126685157173427,0.21829565926660152,0.21170757618690017,0.2324649600470766,0.21528045368755333,0.21821334164977482,0.20272208766614813,0.22114615865252973,0.21431624921237,0.2234916490503994,0.22404853060967536,0.22648987912581783,0.21677210753848603,0.22054230027987073,0.22214789379002517,0.23699517266939693,0.21908659212673176,0.24358710841389378,0.2500067301599593,0.2473214590987501,0.26310917934341693,0.2604156019436208,0.24617349981358858,0.24155620614007908,0.24240579614614965,0.2441313765901781,0.23517892452306358,0.2465148010683517,0.25706798891094707,0.25942510429338494,0.24635035928504317,0.2727821826245288,0.2570496400173345,0.25880102973482744,0.2643577214823034,0.2778842932458528,0.26977456442266734,0.25756212526451283,0.26103575603407886,0.2728406025687642,0.2628699847828537,0.26092939061438364,0.2589446842354764,0.26179659880038886,0.25647556782682934,0.25538183312621154,0.2710497431037355,0.271196449840227,0.26906301227662743,0.2605127599748286,0.26472319757533486,0.2709867148080933,0.2417456677686437,0.2510736290667816,0.24425294005860634,0.22801583055472635,0.23635881285027127,0.22925108511785894,0.24284127253861548,0.21798082904563268,0.21494641198083977,0.2193919054147256,0.22592973868118532,0.2272098212367584,0.23106283629426227,0.23565176667392063,0.23258633751231717,0.22710986545290288,0.2284489677341179,0.2298769360819579,0.22755427558115804,0.22145092567735902,0.22636610595730952,0.21344461379545693,0.21826414574194594,0.23474432397709113,0.2346210640152437,0.23886498962880834,0.23322322690076958,0.23510160825233758,0.24415819181965973,0.23105208929898116,0.24949416896740456,0.22800501527867076,0.20842489913646148,0.22162783295079894,0.23592822483096795,0.2095658436246602,0.2141587878222722,0.22169602178233289,0.23113233140755785,0.2035519513041814,0.2036043722919138,0.22229925129733025,0.1949489498163223,0.20305952222226292,0.2044022160775385,0.20494706345912586,0.2011896152029769,0.19826619410348884,0.19788638734233072,0.1967138190649996,0.1854359783742655,0.17395138862577972,0.1705898942592138,0.17225101908723375,0.18353339573561847,0.1674985685926845,0.16531535726268282,0.1680006646886804,0.16525914442155462,0.17387214023783182,0.1629640465256137,0.16215072693831684,0.16344592601194138,0.16196832837683908,0.14570182781988883,0.15099688914455983,0.14136405684598177,0.13808579352352365,0.13790753632366698,0.139707589678249,0.13811282228309457,0.14143177763786302,0.14796874828984174,0.14712890406260135,0.14825727041367537,0.1474215591350077,0.1415575377765601,0.14199073262216944,0.13714311197206136,0.14322274726343537,0.14197928998220974,0.13809692237209753,0.14149953087155265,0.14526801426479397,0.13891943233838283,0.1449616087306475,0.15223376908249195,0.1589855303687748,0.16307699493912137,0.15927059408582248,0.17237516702539946,0.17781303714011287,0.19004392877385282,0.1852000501722686,0.1782424733723134,0.19681919446108717,0.19657467214254704,0.20869930365346942,0.2037606090105715,0.1980862133389241,0.1942931994879636,0.18983496213562454,0.1996525971408746,0.1923711760370696,0.19887187574942855,0.20763468339968014,0.20076078261489647,0.21337675197292394,0.2222679274923654,0.21349892862462097,0.21196428964400088,0.2242711448359492,0.21705870118888762,0.2182060561769775,0.21362697950689083,0.20814496029256804,0.22594560602302607,0.2292260654390231,0.21329894137217628,0.23789296542870422,0.25039214465980447,0.22409512039290544,0.2327606171354499,0.21456451534666302,0.21467145506838006,0.22471993470282203,0.22624349441053754,0.22166350697601125,0.2209319368933266,0.23620446343725574,0.22885784280532995,0.22958552340514737,0.22043456774649448,0.2257477861536075,0.2247373729986018,0.22922976015644733,0.2194961969800159
135,0.21006790294100933,0.2131842421606704,0.22614510931763648,0.22600981510340323,0.21400001313227215,0.2250087981768293,0.22983126106312138,0.22533471284233972,0.21468702606077483,0.22491436802009104,0.22865605166025707,0.2139985841526468,0.22575069707190304,0.21983498088917258,0.23023884608847411,0.23792786086008,0.22901002807933724,0.24588028056122924,0.24353809243028804,0.250295360755547,0.24101507075122688,0.25113543752991574,0.27980147526648497,0.26924149910993755,0.26305042027200665,0.26662815040983306,0.24952605473101847,0.2587104670521473,0.2531039949255871,0.2582896477513345,0.25162801984808614,0.26400855494766,0.27110030114129574,0.2691596779519601,0.24786208578018507,0.25650155364321187,0.2542693424839481,0.23080499317562267,0.24382722725727324,0.2567834325571825,0.2598878641809241,0.2580073035843508,0.2659922603323275,0.2515034807681176,0.24323059377014025,0.2439849847827482,0.228111667907851,0.2310817777601762,0.23551295412438578,0.24496633237312176,0.22978400782243197,0.227346357283555,0.2270549111306918,0.2305326274028528,0.25360219022936853,0.24140185332381156,0.2439927938747416,0.24461652931906025,0.22632805956784044,0.22908328385754426,0.21617197978071387,0.23189719740442244,0.2282618853289733,0.21948836328540666,0.21614614787202813,0.2299172731344791,0.22582717410187064,0.2341116360658945,0.22184114595939067,0.22174319459380756,0.22548221893875448,0.2325474598440339,0.21245135239046165,0.2144164987241037,0.21607847196286217,0.2070745851628589,0.22214390401331008,0.21940034189139576,0.22461362659971176,0.21482286288057678,0.230621079144436,0.23345828992234974,0.2374773532771716,0.23489506899426235,0.24188937924456802,0.23756518749376587,0.24514181655972309,0.24891679473374323,0.23689996687680218,0.2409648523110937,0.2595069539303819,0.2507187419855641,0.2586943835747552,0.25190744323291553,0.23881785868232705,0.25186336417727373,0.25399607177078437,0.26925823831975,0.26274411658103514,0.2629922798844197,0.26596959991452646,0.24908163051683146,0.25358233702533717,0.24504390232797513,0.25984418363583056,0.2554994678909337,0.24241199180102224,0.26194613811142886,0.27695486603081254,0.264170914728682,0.25492005294055475,0.26448192670565085,0.2618056410907297,0.2599094079750162,0.26381774265653724,0.28224743250034323,0.2690159313196812,0.26591081431893854,0.2558697825226954,0.26702873600219934,0.25132517868615,0.2509198966579755,0.24778950037565492,0.24401498654367523,0.2410110195939983,0.2400039558489566,0.23140753704079417,0.227402900621828,0.2250080728353322,0.22256665564129255,0.22132017248095812,0.22890790992355034,0.24898351857958706,0.2321548173695156,0.23893022936242392,0.23125040392832635,0.2371449058857323,0.22478498591862386,0.23051723410805403,0.2333042230239916,0.21108822110632924,0.22603578489619947,0.22686311971455794,0.2262651667562322,0.24053999632557593,0.2306297350088127,0.23530952111829737,0.23638183516603684,0.24476025669728552,0.23671517502457556,0.23281898953138522,0.21374477146471568,0.21463231013386375,0.24622055165036072,0.22064282024671306,0.21693923282384348,0.2124990045784585,0.22192851134575967,0.2121963943118729,0.21451422663985883,0.21831541408261457,0.1985401702705168,0.1888886662300104,0.20036679896254553,0.20044975972176984,0.18978907101226547,0.19044198520595282,0.19172864367629214,0.19375048575210677,0.18716795703949946,0.193208309227943,0.17659373821690727,0.17466170688715413,0.18595535955787323,0.17633405714483524,0.16946440846488794,0.16240732007239342,0.1678386972867372,0.15971613791348344,0.171969409497228,0.16646034867892182,0.16171559388375523,0.15941115190322402,0.15077002262371825,0.15615036366008697,0.14586228073332272,0.14625307298681434,0.14015416230949412,0.14525262844928258,0.13746843863997865,0.13890919675343139,0.14479547835187404,0.151821053252211,0.15923913140842583,0.15111236409458823,0.14351093699701578,0.14213138891343083,0.13824008749218875,0.14569209890987025,0.13975038081575367,0.14321252436884793,0.1412465991701435,0.13576943165380836,0.14691529110843743,0.14096717613167117,0.15046898797435673,0.14694100301502042,0.15715963083809625,0.1600535826995995,0.16901863888899504,0.17486705661519128,0.17831862225859915,0.1920687898205127,0.19105042142242787,0.184839123311092,0.19548147170276275,0.19315284083369752,0.19619322675151196,0.2013096806986491,0.19146438451912307,0.18955572255162156,0.19495685037961338,0.1964102642766688,0.1963059485574165,0.20126319837439083,0.19928166221117516,0.2164810571175367,0.21323932543482163,0.2172170443503235,0.22406256327904794,0.21305591702311574,0.21189875253901386,0.2055235533721961,0.21472707094184726,0.20805228982334004,0.20679212687818233,0.21816978316771654,0.21602171021184183,0.22061239021805013,0.23120562722298138,0.23347764279726382,0.230579928405157,0.22223717099246787,0.2272504751782758,0.23611675174126703,0.22411230378785954,0.22361956586549253,0.22657771881261576,0.2352246873714717,0.24233095844847755,0.22483478326054337,0.22643512696180335,0.23655302167506803,0.23205637299185738,0.23327569929772202,0.2261503686342033
136,0.20130851259971003,0.22309225842802494,0.22342486284284999,0.2155881570604349,0.21578537165036696,0.22355758012738602,0.20926167633247644,0.22978056871616667,0.2173497775291497,0.22729563731020844,0.23755763881967978,0.21621140552228785,0.22546586498397353,0.2235531017571852,0.21870499399490823,0.22758099926745595,0.2275825713467348,0.22583825008134317,0.23858734259911607,0.22937537942921893,0.24568361855774082,0.25179378137159725,0.2685486663808445,0.26641336007016214,0.2733052661973054,0.25914151892477244,0.2720977809657213,0.2528669090870116,0.26403530399783437,0.27488307471776924,0.27292040055122824,0.2806118454986795,0.2714457210375054,0.27286573327422775,0.25979692118042547,0.2631891612258897,0.2539340854934469,0.2444941093309498,0.24837752776366173,0.2450242113373335,0.25294552472785037,0.2425742515152506,0.2612600466140081,0.23291545129661387,0.24291593223270389,0.24363882704370873,0.2403639321009779,0.2335479179709941,0.23691076767318958,0.2379823232975158,0.25089049017260123,0.22733745822406348,0.2246265050494056,0.23018700379044335,0.2347777844741444,0.22755935807981997,0.2356276760993073,0.22916695805856296,0.22496061985835983,0.22833842441391,0.22831997067994955,0.2328823098421523,0.22093671886217148,0.22842987389038702,0.2103174463610541,0.21195604149223535,0.21797109202660542,0.22743070625314657,0.22357333234907692,0.22451093575254988,0.21377376197994274,0.230456891690653,0.21511559693136054,0.2199213030145585,0.21575258110614642,0.2237686284762861,0.21017366620637878,0.21174467626262264,0.21276882733753782,0.22567705198298402,0.22274188979613035,0.23329659486856985,0.2314825191474636,0.22441599110246788,0.25205655719789555,0.24497310113653775,0.24714509750641628,0.2436294585383428,0.232910302800115,0.23235691407987397,0.24305899620287763,0.24765653936198487,0.25778224405182903,0.24864303599512297,0.2361806970386995,0.2480733434698055,0.2557737671447756,0.27280039825412905,0.25857706401662767,0.24983737029094985,0.2679390418493586,0.27094678367232566,0.266029011059729,0.25787960718458997,0.25482967479793467,0.2520820952850859,0.26343289221855765,0.2604551804704104,0.2622968046718184,0.2522260856311301,0.265422050522766,0.2734997917586711,0.26739297918232635,0.26873176219178385,0.2726157857864765,0.28333289557737207,0.2851405611831759,0.26813221756759403,0.24989737834562722,0.26056315248306194,0.2459860054069302,0.25044132913826067,0.2657412662041812,0.24447204196201416,0.25523310273646116,0.25390894442997636,0.24439448421082402,0.24339754866687408,0.22693694283567117,0.21868746987433024,0.2271628454322966,0.23133439028353625,0.22847868997754958,0.23099602150089876,0.2407658017485068,0.23638831229732554,0.22808036536283463,0.24458391929623804,0.22916405585662217,0.21362870114387286,0.21161697403103233,0.21704745606726727,0.2280323694688653,0.22327726310255527,0.23060706051952737,0.23230764381809849,0.24700702216661707,0.25081309075571656,0.24208439762471629,0.24065206907474337,0.22292034165572525,0.2356020689998925,0.2147548595570221,0.22163278308043963,0.2166187273521901,0.20774486606367842,0.20987349749483294,0.21345223178438097,0.22834058007555938,0.21615012946788387,0.20600497088977826,0.20324004855815542,0.20334402230824364,0.19593364146355385,0.20267091116732275,0.19360880303946704,0.19693587183118863,0.20411491008343477,0.192285838312855,0.1995043990620439,0.18860274094240767,0.17941027009004293,0.18184086976481487,0.17301553499273659,0.17949621701200594,0.16504060234391402,0.1675840956119496,0.16653016026220976,0.16800236677493763,0.16952049037652725,0.1681665056408486,0.1618371791496839,0.1580363533912552,0.16082764403150923,0.1539391201537125,0.16249627132013228,0.15403095213602255,0.14693964964460055,0.13979576016913606,0.14269705165438312,0.14355720691463422,0.14948823010255632,0.15219346333031025,0.15371951303443196,0.15426343584726726,0.145791767117093,0.1496911069636087,0.133914930421277,0.1360877394244151,0.13232746719705543,0.13716900867897786,0.14272531165328603,0.1427276121320507,0.13899622326991415,0.1522621647582342,0.15469917583954293,0.1533843322505849,0.15691085902445448,0.16605310468945264,0.16712976402980972,0.17337932187632982,0.1735108750391576,0.18778210365721187,0.18510932620845968,0.19234566375120973,0.19140919642210674,0.2025138126336287,0.19605445710238528,0.19937073961837304,0.19049825420590288,0.1883165113201563,0.1813138584480209,0.18738831239695378,0.19150371354084716,0.196822226345229,0.19854871469321622,0.2087462584651772,0.21015392226958954,0.21516325218239446,0.21321006374187584,0.21703536196449674,0.2057985450160003,0.2094104258684326,0.21552244238375493,0.22252366283438388,0.21665179919290092,0.2248623266524288,0.21184918618234605,0.21459490176096002,0.22198380943825424,0.22334030248649778,0.22583757406703048,0.23329525190928127,0.22357446490451446,0.21969718889445658,0.23017083859059406,0.21686856210961852,0.22467968172756944,0.23367927685618023,0.2322003125612315,0.2194132750842631,0.22495150340201714,0.23621713620162144,0.22335351936087272,0.2370240966164972,0.21350177992047292
137,0.2115151599187493,0.21958587479276184,0.22764095557993916,0.22651460015405017,0.23880851059178596,0.22656650222898833,0.20916099541163727,0.2200770216398092,0.2205852150260614,0.23316196138636064,0.22759320936855162,0.22824364800077993,0.22187695649833467,0.22431447526608106,0.23283560877609463,0.23630602782620866,0.2376052870082079,0.22959303021876418,0.2197943882996073,0.2179420341280842,0.24184694178668636,0.2571958756296134,0.2689484216958956,0.2657161798213478,0.25924476779178895,0.2578647628683656,0.2640869859744366,0.26176947380314874,0.2647994020025707,0.27579538838561307,0.27380791614436023,0.2750578221400242,0.2740204656506217,0.2814342829796908,0.2595918180353084,0.2655082376297767,0.2662171317541522,0.2506327388551706,0.24723183939187612,0.2406472482627884,0.24491388079757892,0.24538776213642588,0.2631891612258897,0.24277434998713196,0.23935681649582596,0.23797487096032172,0.24761873465576373,0.24701299416302425,0.24135233231953646,0.23749496127031758,0.23905916596797183,0.2343138176489102,0.2313953354285026,0.24141330407054554,0.22471289767290975,0.22466038562181612,0.22524771810043204,0.22448271175461393,0.22290463544155262,0.2243019245902517,0.23129497627475992,0.23631886928290893,0.22770244816522425,0.22596095418432727,0.2099718138888155,0.22764651177205625,0.2174219567602025,0.2196531319073106,0.20628260159284226,0.20737633746236667,0.21130861330097883,0.2079276762391916,0.22474994803967827,0.21515918968083134,0.21232816183532868,0.20841525304676134,0.2121384542333988,0.20691558347250733,0.2101523254146039,0.21412146197980944,0.22979961672086813,0.22763618574960673,0.22860972435260266,0.2336103069213762,0.23636643228098828,0.22935705313673205,0.2338475369674426,0.23444215242121624,0.2394530096516456,0.23666819578798567,0.23241855673958473,0.251564873725585,0.24219423425955822,0.2307713549600769,0.24789170810207034,0.2382734208748858,0.24721299719520418,0.2584961028795957,0.2597981175922161,0.26652871164851905,0.25637578314059534,0.25526072594021365,0.24963972758912556,0.255358900658227,0.2523486583016474,0.24602514701703285,0.26519174436364357,0.2588189076940967,0.2645050694194977,0.24715608085197815,0.2568555771058447,0.2734783808743116,0.27586398148789953,0.2770581946690207,0.268509094502699,0.2746888302881927,0.27328827539241013,0.26853011633686913,0.27607939845046214,0.2736875236092662,0.26590897747845144,0.27127076991731425,0.2610814403663449,0.2547886044171742,0.2567266773226563,0.26975158178274294,0.23930540070935577,0.23574804503908497,0.2471222218459466,0.22826498634528258,0.23908806655354548,0.22442379396554377,0.23262511455238444,0.2396772427947267,0.24168405557655462,0.23887571500539836,0.2364181964869472,0.23042319809463843,0.23400955998984216,0.24091037297864343,0.2257380140595603,0.23795876155832177,0.2270602438885025,0.22306282599523378,0.24159942703530332,0.24324297139204862,0.22650948883413147,0.24880299274892598,0.23011376596623156,0.23737419230118095,0.24026587927628937,0.23353226956418882,0.21493982948065932,0.22248446924174758,0.2096817825571565,0.21153810035360346,0.20331141829644628,0.2103048556187077,0.21581866411843195,0.21997969724606,0.20814146164014827,0.21202872412304508,0.21207188664919382,0.19150754987555835,0.1877615665273849,0.19397939478494486,0.1948737758175092,0.19802300196950123,0.19009539659839747,0.19524526483663243,0.18026175708630499,0.18439120396004716,0.18565771455989194,0.17198509079041677,0.18401837869274754,0.1760416781891296,0.1604692415692279,0.1626545063756177,0.17194022867484987,0.16662305772080807,0.16675981321184058,0.16403374490886546,0.16793232470178227,0.1690191059053983,0.15377757216651292,0.15000543682808867,0.1530967600762299,0.1452546352023666,0.1488675359492364,0.14021872055040846,0.1471082401277438,0.15095100193786387,0.15084815404267457,0.15960595826302273,0.1590240830254648,0.16078898733938835,0.15124464260606327,0.14141744938077386,0.1374279284145504,0.1385125102427618,0.13799584177041702,0.1350638110817323,0.1398392222943778,0.14717566269247442,0.14013092861974946,0.15139586023923304,0.1410301604483807,0.14863223213285204,0.16176441816200912,0.16046931546806162,0.15968293263783676,0.17742021451243423,0.18345290784937407,0.18372561085244293,0.1828476150309512,0.19212133686942542,0.19214637696719164,0.19312860343308322,0.18885617958662818,0.1789548611044807,0.18211373438051864,0.1875342949326233,0.19542687165385145,0.19123003300912134,0.1920515426603703,0.1902920742042994,0.19935643970106437,0.19584658810895939,0.20540371777772182,0.2054883476688809,0.21619467857199984,0.21464881735448077,0.21260055797278757,0.21513362740654418,0.21168910170155616,0.20165182646897653,0.2094552739053675,0.2116762338833801,0.21232219729445045,0.22636125859605394,0.2185042054232662,0.22171159178468358,0.22742798314096876,0.22993193809532653,0.21737154890602886,0.22393547587811727,0.2256649446814202,0.23102745822039117,0.24729224656655316,0.22085045584594581,0.21170265274958946,0.2280322644561026,0.22850867916816714,0.2350121956501697,0.2313019531303582,0.22488055270641336
138,0.21343655376771206,0.22694190703537123,0.22548564563196624,0.21866596949541198,0.21517653016155805,0.2184220606328309,0.21548319189014123,0.22970920565187875,0.20900943920664344,0.219859633663498,0.21589734419175383,0.2272512600749661,0.22032186541460838,0.22748198016251828,0.22792260502642137,0.23353027997935033,0.23103299067459968,0.2478383448178238,0.23546599661203158,0.23950666308025662,0.2481317851338568,0.24967220684620958,0.26107723226462987,0.2665501921904114,0.27188797491616484,0.24938429484677754,0.2716858374948624,0.2578303273454264,0.267522306415883,0.282865512058836,0.2910046977837713,0.2945255665006959,0.2900914975398183,0.28035157481647505,0.27084573428009545,0.27651710412034813,0.2460442386000231,0.2606519630016842,0.24579814442805797,0.24123332338704456,0.24626318951336176,0.24159720183259406,0.23565209223909256,0.24365072051557712,0.25718225503633446,0.2641599659873926,0.2494730863851665,0.2474536704318616,0.24200185780816064,0.23570994145734603,0.2352080600760047,0.23247004517103445,0.2355702810071606,0.23101517026238094,0.2292052705689764,0.21958708827250342,0.22819236004289203,0.23193564592959962,0.22028747249195543,0.22233656923779646,0.22331623641281811,0.21714703313344752,0.23401446336622597,0.21720839174206277,0.20998617367548733,0.20701928295385386,0.2103510092142842,0.21793104432644742,0.21645638445390922,0.201314079671748,0.1981510417884786,0.19782313497337406,0.21184899106212474,0.2105047984436793,0.20601322464028624,0.20952126137693466,0.21157877581751527,0.19977436872671453,0.20810892219723257,0.21197776068850266,0.2291863773736091,0.22999283151027833,0.22286506684767404,0.2326797561591422,0.23664323845537888,0.23003472495025018,0.22780465799887484,0.23262125798268143,0.2336563025495104,0.2335383459687659,0.2274799897440837,0.233374069844695,0.23876985737306733,0.23257161035816817,0.2506786804806462,0.24893662658642193,0.2475525475547093,0.25298804558879284,0.260483968631639,0.24897532044250031,0.2565777545080891,0.25775375447973514,0.2662165187672589,0.2614104832811894,0.2527283721277227,0.2668879710049837,0.25497523457287613,0.26855917864124,0.27561826846884924,0.2797847248335362,0.28912457008290776,0.26788352188240905,0.27822105941711706,0.2761302588393217,0.27102415559254645,0.2722575925936072,0.2733203700217984,0.26652011991646596,0.2620716240397399,0.28286420941801255,0.2784376758500483,0.2769918558052139,0.26664165730003775,0.27342423141298655,0.2634777827150704,0.26154715480948476,0.2522597726579708,0.2468120731561583,0.23040510640129433,0.22614568210855518,0.22765620922469276,0.22993034978725319,0.23234086398723242,0.23272240695672766,0.2250417000530648,0.23344210999994955,0.2329813191874325,0.2334020144276503,0.23487878949530017,0.25235098252938615,0.24014806961795013,0.22792223765888256,0.23822585811612093,0.24283433902019208,0.22756548866739187,0.24501439464370947,0.23657290345687365,0.23000771313534915,0.24404746451749856,0.22444394831088596,0.23806245066292786,0.23805263881813632,0.2238558251363281,0.22783482102315586,0.2275748158609864,0.2242815764271223,0.22075807582227847,0.21785458269540672,0.222347064437331,0.2163134878710098,0.21005494020182905,0.21417915459844114,0.19750528895314431,0.18758210279886883,0.18625588339462193,0.19724422653976484,0.195484109381113,0.1875222477181497,0.19142528396075625,0.19671819914323507,0.18599055912371895,0.1901453897474702,0.17328736583463056,0.17285370787323504,0.1761039511057216,0.17150524253457342,0.17240382620055691,0.1680781270739087,0.17088624231088229,0.16481411394712658,0.1632397421125952,0.16399360013607053,0.17409704509108379,0.1672403624115832,0.16196702307159427,0.15703989636896895,0.16232675239988328,0.15164880765435612,0.15660946285315616,0.1573508162002198,0.13932049217075795,0.14790743308310533,0.15851088838067615,0.1626949227344286,0.1531574052351486,0.15236352089280752,0.15546191031135395,0.15632448262342874,0.13855206405752513,0.1445313302852247,0.1382830659629861,0.1488750773039659,0.14033952426937132,0.13372789239319782,0.13496681520072615,0.13782499963462852,0.1457894172503832,0.1476631062406747,0.1546211859494809,0.15107409454286985,0.16023408326134173,0.17756493225436315,0.1844207143836632,0.18243955321266853,0.18565463663806706,0.18199007333528092,0.190793115610691,0.19096597739834362,0.18211834709500496,0.1896315522380411,0.18496893669528539,0.1744010518792171,0.1887670983163942,0.20009314943362094,0.19214535937310465,0.1953380868932159,0.19707126303441014,0.18740328526556468,0.2061014275945869,0.19305830994229012,0.20198263334143784,0.20709208471374987,0.2107028451563796,0.2001862526729194,0.2169515713444863,0.19820449981448637,0.2022490777879866,0.22613766316771347,0.21864477329902401,0.22923493286088933,0.218847303562324,0.2268023238035922,0.21942095452824337,0.22703227444528779,0.23648630736042983,0.23846365707328554,0.22617489636924082,0.2299285497180335,0.24371193619731307,0.23374837479840166,0.22347178604349718,0.21769271710907914,0.22751754873319607,0.2104399548756678,0.22044715582577853,0.2299210319342129
139,0.21361035412656568,0.2199575633495072,0.2278683984771767,0.21974732647747808,0.22603323462410538,0.22824774733087944,0.2189409509143289,0.2111561816370906,0.20757416520056535,0.21199860344783814,0.2115004033744036,0.20361545541307433,0.21825504938249418,0.213225823315781,0.22230001909306957,0.2236580839327445,0.2385104984413318,0.23239602744806204,0.23489122887787384,0.23829723325016758,0.25073698536838107,0.24573606523437705,0.2540130329165556,0.24834990602768864,0.2657118970170609,0.24741931489407487,0.2634280396500466,0.2671111394700396,0.27995098507275895,0.28611392817408765,0.2687750801251776,0.283610300482496,0.28144529964384635,0.2621114542523517,0.2687967417102749,0.26280099186043554,0.253664095489808,0.25633800499264675,0.2510474416692535,0.25196777444200447,0.23381544731977127,0.23814962390846312,0.24196970778040647,0.2534778413726978,0.24529471996435032,0.2670428780735734,0.25126442278192374,0.25367928210668117,0.26526502967480003,0.2546748153801089,0.24129126484889613,0.23868745838585467,0.23177239044562098,0.2460204451631236,0.22796622100924704,0.23346705227530845,0.22515121763341006,0.21918130076988068,0.22718852921760943,0.22496005006901465,0.2266088151291775,0.21685288282524756,0.22411478078226715,0.2236979478479115,0.2194733031612282,0.21291653997251697,0.2117983634384497,0.20754797479959353,0.2038990160406142,0.19995977343398166,0.20248791569399677,0.20734945586116707,0.2053411074790548,0.20740508505488284,0.20926206180708468,0.19477607052963192,0.206437123989604,0.2041964088537091,0.20916961642602136,0.22141329754603667,0.22938113640545357,0.21424273309554331,0.22084023469043024,0.22073809997591154,0.2324119208068693,0.2237930009538713,0.23690967666129772,0.231151544693258,0.22573967736484363,0.2353078414816858,0.23971703644729914,0.23192170760269468,0.2354550448207568,0.24492820516675518,0.254941184920487,0.24917737134460202,0.24534346808026397,0.2575413690460455,0.25987828973454247,0.2581962914056481,0.25881116042678676,0.24611823956232176,0.2628221719715016,0.24618183243544423,0.2478362333519687,0.24050903733108625,0.25573136691739223,0.26584714458588155,0.26083207720110285,0.2707546973620939,0.284520786141988,0.2716326684186024,0.2596360539904471,0.25846336844239987,0.26822360793140626,0.26530229080502926,0.2813267311558688,0.2698267484959548,0.2734298977147323,0.26901407302987984,0.28503290560460137,0.2901289057316007,0.2804761904418442,0.29038889223582914,0.2798098508590175,0.25652222605908187,0.25492122689348545,0.260409605721825,0.2350196093245265,0.22580315201326914,0.2214323657457111,0.2309643763329615,0.2297513648421189,0.24126026471369466,0.23973536251440464,0.2322010610878076,0.2357665562665657,0.23500483632153363,0.23922920663092093,0.24126215349687088,0.2475307740995273,0.24953605218783756,0.24025171693832276,0.23651838234335243,0.2522952069715406,0.2414771825204196,0.23260502895252355,0.23382330779936356,0.22757706911676898,0.2365419648592149,0.23604842119103397,0.22691050376986538,0.22388056796376712,0.23163895658965464,0.21572878624075426,0.2251015575323918,0.21100118775084692,0.20739839921264766,0.22104286451121952,0.21347321952140696,0.20833431067534577,0.2083724988901755,0.21321683874305475,0.19305986581471243,0.19079974941851202,0.19568251884035925,0.19998107426131048,0.19343519695123992,0.1965319666237876,0.20128242682268185,0.19829383860617336,0.19833700004188484,0.18950344087480683,0.17901799964754736,0.17174681819213045,0.15610542643992936,0.1655057932040259,0.1724287182972832,0.16384040015705,0.1758582309303515,0.15829347018132098,0.16267199767283363,0.17040329961476772,0.18220416488417607,0.16534128174250975,0.16894813421883395,0.16128991015782304,0.16398623692160655,0.15367315228092374,0.16089876106309267,0.15590893323164598,0.15655574168357808,0.15775858418149286,0.15981505919816316,0.16743656277548793,0.1513759912376356,0.1545026739206815,0.14458025953147144,0.15529232780411215,0.13883469163404968,0.1340827782071763,0.13771587315566805,0.14427098602362526,0.14468449740320855,0.1334568899716263,0.13947102736681083,0.1424275487744327,0.15829128329131895,0.14904760435458125,0.15328017938746497,0.16353201950095253,0.16620768479689021,0.17254830602196086,0.17269712195863135,0.18201689435979435,0.17759666249827358,0.18100492840205473,0.19474858012618385,0.18950736804568086,0.18840941451722773,0.18118619304379924,0.1889566148624818,0.19132719303045062,0.1901465280983215,0.1929308154878668,0.19303332879358703,0.19711707677875082,0.2000138594340877,0.2039736652960503,0.20352710257560064,0.2034766880073416,0.19624128093567528,0.19923685560774027,0.2056527399166055,0.20054926284829117,0.21062363322072844,0.20281785252047121,0.20547836435343098,0.21740773926046772,0.23067153200500706,0.21627802746671443,0.21849605495795713,0.23118678207071486,0.23878211795832838,0.23903714881903848,0.23058497229442917,0.25265971388283665,0.2425628015544515,0.236755839756788,0.24336476492624567,0.22695758416839742,0.22391150034395535,0.23291931274367433,0.22102454235044944,0.21938948061917707,0.21393640814316692
140,0.2171304837799537,0.2210217941573264,0.20882663962428408,0.23099761717039693,0.20128264465366003,0.21886085928323162,0.2102434623376967,0.2086995439275605,0.21949604535746692,0.2102470447338379,0.2095707173675262,0.21486862268633172,0.22499771106923616,0.22247709239636504,0.2325941031145405,0.22282037458995882,0.2321767886698535,0.23281566582479507,0.23343786362802307,0.2506751595305174,0.23775578891066926,0.23882132306763512,0.24797271668516696,0.23546415320556888,0.2628046226153935,0.2684924018655582,0.2647055212825416,0.2819960337190135,0.268481274017327,0.28681179003434704,0.2784094677155717,0.2797737731695602,0.2739889196946186,0.2896096308160676,0.27616077956997953,0.2507468581322315,0.2669346795438079,0.2648396467887809,0.24570771887656842,0.2505142298828612,0.23752006311999305,0.23315380102526548,0.2418599729697594,0.24033266373497494,0.2412850978379753,0.26670367498684106,0.2508091636607705,0.26247201176913887,0.25052651667021875,0.24121521606236743,0.24465336866724585,0.23683233672296064,0.23367190546250152,0.23273307087763068,0.22088971761730442,0.23263234579290887,0.232838932767393,0.21479551059196744,0.22226715980746642,0.2314072173396879,0.2159576535130368,0.21968095102030374,0.21817967977563663,0.21919578566768672,0.22457168624554677,0.22150987907287809,0.21597928544437817,0.20742032002903932,0.21192641912033172,0.201138107707018,0.20098747305755152,0.1935083456229147,0.190400769832139,0.21703651137503527,0.21033667291034186,0.20367647026265315,0.199840526857015,0.20861191029266218,0.2016275903959751,0.2133066032776035,0.22362028673096485,0.21804834766058398,0.2169497729739052,0.22249445910975535,0.22732175485117337,0.2263157088959381,0.2213706294761885,0.23089588870051495,0.21707924378183838,0.2406382718357906,0.2300652362263879,0.233461945342499,0.2383249441939359,0.24578382577520735,0.24760362579173875,0.253221163528083,0.23549554730307104,0.23399727505844045,0.23890184293808614,0.24250723503168836,0.24213038913675744,0.2504999248990852,0.2591051230615661,0.2568816014243404,0.255808517016092,0.259029960904502,0.25254513108602544,0.267023817196408,0.25335063666426133,0.2623910394666595,0.2628288289303747,0.29122523205917594,0.28358548616781204,0.2712407896206303,0.2824327144263228,0.26696664272764026,0.2609366004594927,0.2741687803023427,0.2672483299755993,0.2609257857665342,0.26335465545067166,0.26815197500738397,0.2744201516514327,0.2801392747661891,0.2672415610790945,0.2760240984108948,0.27973963249808126,0.2550873957502349,0.23998594080239768,0.24398290614570395,0.22255102559090315,0.22247698994190132,0.23003371857084737,0.2283658186038251,0.242190442113979,0.22954371177281552,0.22538982169972158,0.231577040793787,0.23751951621046605,0.23495116348326311,0.24386417234334906,0.24745224597812968,0.2585996900428157,0.24334476060800556,0.24432493955519655,0.2512071520960524,0.2613292367254844,0.2392499744116154,0.22747548517719737,0.22234102323757723,0.24176542929527078,0.227943965842865,0.2139178869298485,0.21689343157971566,0.21944257966974431,0.22324168918586912,0.2138146211632523,0.21188757958217497,0.21593766455105678,0.22189867041010938,0.21888419321533997,0.208157565514234,0.21012169718112209,0.20311709191830518,0.19170648308694077,0.18322954367001368,0.19506295094089243,0.18834244327000543,0.19694159913451076,0.1934607646582791,0.1924529178588224,0.19729351031610778,0.19892105779605346,0.18510442462864257,0.1783999794444681,0.17495155221180006,0.17020852178509494,0.17273128345637637,0.17516849554568917,0.17629443363821742,0.17067216594006518,0.16383191210650883,0.16415147897599824,0.17716441723550708,0.1728980519156236,0.17123802098249752,0.16221424890783886,0.16149281320067085,0.15538568261479668,0.15122235601403497,0.14346369097716116,0.15317962429805512,0.1549861892116639,0.15315599460981205,0.1657287672761463,0.16470993659162952,0.1601765369899699,0.16015101667185608,0.1563079257808111,0.14771343583225982,0.1417695627833931,0.1352053883750539,0.14101392468574875,0.1371475330149131,0.13478265282202898,0.13488231152507676,0.14562870916609988,0.15283647055804855,0.1562510699803769,0.15080752065312375,0.161021548938573,0.16181497109854773,0.1727442498914235,0.18142364995127475,0.1808222212977938,0.19004432260734655,0.19157608769853846,0.18493346206803765,0.18800409113593258,0.18537266773600589,0.18588463799748609,0.1912681688196703,0.1886116437666517,0.19704921995783234,0.195803003800414,0.18910007452410912,0.19716030440012725,0.2041350690335478,0.20097869873628618,0.1889029325457827,0.20375401719242017,0.20149375018757953,0.19005088661906602,0.1907011008141399,0.19629390734967167,0.19587110798199037,0.20370035693707575,0.1949249358652744,0.2043282897850728,0.2184007372136007,0.22487050748257356,0.22180855879527517,0.21894750470462535,0.22539895591949133,0.21801948026632278,0.22144684643812795,0.23821527161987754,0.23859322090547494,0.2394673454649568,0.2424420234351706,0.24820029880253758,0.24507629152500443,0.2297845898301232,0.22945377122111502,0.22121908923945155,0.2308011136368304
141,0.21204219926257506,0.2078317526302824,0.2220224547295083,0.21938205484952128,0.20087226193625446,0.20789483513090065,0.1988600846740124,0.2175088839445063,0.213478970619835,0.20213503778677583,0.2080526251642811,0.21351210389640635,0.21773557871649546,0.22709334115669302,0.22592953059230184,0.229816708357893,0.209255412469613,0.22806235259054577,0.2467808751396574,0.2509652552636685,0.2377016519797845,0.2276097176282597,0.21983928353565232,0.22210953352026136,0.23752071941308772,0.25364540551710363,0.25433785249723695,0.2634231871709224,0.28620419823960275,0.29817621666129734,0.29434658397913793,0.29836851995713404,0.2895636217645954,0.2865899785761416,0.2743658157169389,0.26879055250782596,0.2439306651389138,0.24460419444687714,0.24990980751024033,0.25598823148217514,0.2547516467339617,0.24548151788967562,0.2344921453610526,0.24948905613396058,0.25367752975833346,0.24460250478679757,0.24944706592690483,0.26269632666355797,0.25411540870048227,0.2522597726579708,0.2558191196116138,0.2349744815268111,0.2399086461844179,0.2396231097509695,0.23693166152031706,0.22348516507686034,0.23259196085354783,0.2367383410734854,0.2266817203696328,0.220699119242749,0.22599024865356931,0.23456402213822447,0.22577356987889996,0.22319892573779893,0.21434719272982536,0.2322727704266394,0.21117300500286995,0.21856005938313786,0.21273193968525153,0.20553689904573924,0.2006091140734918,0.20531671165510884,0.19114881059147276,0.2073730427270632,0.21662740635116381,0.2010140019745371,0.205144132566814,0.21695896480238397,0.2123908974412131,0.2113564958418523,0.21016176155187485,0.22194082701116344,0.22322714252633338,0.21911681169541286,0.2252314848766235,0.23808377500497901,0.23586385910226437,0.22571608036760277,0.21952151941500356,0.22578469521812694,0.24155081102425155,0.2298849817530884,0.22092954594771724,0.23872208558291863,0.2425277847847503,0.2445798081511981,0.2245868376523612,0.22768525163479533,0.22856282751655468,0.23711842411766976,0.24202554123645664,0.251894682713003,0.2557084030623964,0.2658269448761512,0.2484320940081127,0.2667030608796418,0.2534066455486952,0.2646189854382968,0.247113231494368,0.2639143469248421,0.2801889475974209,0.28130988941283497,0.27281421781902254,0.26263765979280806,0.270150639538956,0.26790881288497126,0.2763573375486108,0.26646612108502554,0.2706936075533724,0.2804510045812096,0.2738173732980695,0.27285756554106544,0.2721892694740113,0.26999952492432283,0.27088066067144895,0.2713982231514256,0.27590908439528483,0.254490749053078,0.2578534817595159,0.24449850052461639,0.23266459450539353,0.22807233033529656,0.23705067701575816,0.22070166014988557,0.24059101259172908,0.23720383160393116,0.2191903852628644,0.24316227615132074,0.2332263953186124,0.24003921620293067,0.2367235690486327,0.24256503565070384,0.2511219644166824,0.2435147656327759,0.24553640903208265,0.25552064790233675,0.2517885634361963,0.23658456094984,0.2312922601512492,0.2314287981556953,0.2398689864196984,0.23346156904660567,0.2161148451298276,0.21062925905038285,0.21617158157757807,0.2216121667743301,0.22141288968804568,0.20808568285254245,0.21472637874466927,0.2235870263585953,0.22082742077570366,0.22077149572648058,0.21297635990531427,0.20614305124187876,0.20196082681427993,0.19108966541129493,0.18891472046713553,0.18773467709258151,0.19200767994013807,0.19331243886420857,0.18166681409468446,0.19683430902606774,0.20727852044839315,0.18683016613945475,0.19055274089090643,0.1787480859355717,0.19232675318145326,0.1824495934629673,0.18108279951180856,0.17550605325354637,0.17360942552435366,0.1623524698927111,0.16869087852631884,0.18034429150038855,0.17423921267744288,0.17332779015108546,0.16356387842851253,0.16419540528558013,0.1607946149388143,0.15458273965878977,0.14813101546028556,0.1481207832856562,0.16203711419522074,0.15391218370850224,0.16019092161998255,0.16117523050852617,0.15369155334902343,0.15444327416447418,0.15638856693069125,0.16444974333730106,0.1556298862406867,0.14865276785309955,0.14494859164399532,0.14964458286592217,0.14403797264980328,0.14506812571967817,0.14105938953194644,0.15076516245076355,0.15549663672418435,0.1523066970361977,0.1578021805119785,0.15954962948942192,0.16259979735293065,0.1718606697784845,0.1786819979777294,0.17643587678987652,0.19163525105688187,0.19173297014597102,0.18902898396563228,0.1882801345530005,0.18687908541362175,0.1865250649982775,0.19056261333440444,0.1923529273213859,0.1971712501226419,0.20387291379868752,0.194966726533983,0.1910281632805797,0.1884657772953557,0.19010638345763053,0.19445862026798383,0.19865641324948086,0.19261601785073904,0.19020879751351388,0.19838825160285828,0.19483133214782888,0.2103170105150706,0.193980198763924,0.20528121050880999,0.20446519921687512,0.22127329346175437,0.21120821198950424,0.2207908645264721,0.22207235595453698,0.21792647795084533,0.22611183786234879,0.2422457687113771,0.23386729905881984,0.23076572249958668,0.24100191861238898,0.2406522353113609,0.2368809303083079,0.23017613853102944,0.24273913499963487,0.23485537279297283,0.21584013303042426
142,0.21269309944330175,0.21452479715766412,0.20561968997383537,0.20963630677343598,0.2219079697233471,0.21362033903707112,0.21605921805878364,0.21456510821114752,0.21587452749741634,0.2172552599912645,0.21914037475163411,0.2095530566203165,0.22182142964232868,0.21717663512264193,0.23706776209023642,0.23235311545780168,0.2120347292424898,0.22205394845960438,0.222867324788547,0.2383831202204371,0.2392349354938068,0.23621479739995674,0.23094640168103803,0.23494510441686983,0.23149819011890632,0.23371909716363867,0.2377942232129335,0.24923274457404937,0.2728682464720807,0.2844009219998129,0.29214940086264835,0.2925681193250552,0.3018693363699426,0.29823938835440267,0.30002814716289,0.2728255252564679,0.2626793905514383,0.2528040341670372,0.25747792469382863,0.25402648566510705,0.2542476807651918,0.246601662427727,0.2404211665133794,0.2520054887849373,0.24566806209573575,0.25378210773204707,0.26470308326581976,0.2752719757501306,0.270484884217815,0.24730932949978668,0.2392780165301847,0.2500333847207031,0.2506427229395296,0.23516668650111108,0.22879003250198124,0.23905944119516626,0.225574861817525,0.23422001259797537,0.21354632407161184,0.21976964163353543,0.2172281982209239,0.22627402384118228,0.21836257147994897,0.21976453070612853,0.22683183181120464,0.21726426465488377,0.21997002288913936,0.21479373009356037,0.21879596069442978,0.20997350606852427,0.20939788942524926,0.20458048318267785,0.19746386804880564,0.2056073804646501,0.22109641464123214,0.21528060239807373,0.21512996174799648,0.20210603872912714,0.20369059181236804,0.20949863613761757,0.2086002862269949,0.21602723151530384,0.2276773353759552,0.24026327909698889,0.237805831374648,0.23249070797681204,0.24474988702069697,0.22990970278068812,0.23275257800737276,0.23641710774342428,0.23534224933391382,0.24021017520855883,0.2255989635115917,0.2378612517294973,0.22996931944607343,0.24117156411374926,0.2337076346770068,0.22933534867295705,0.23500413286836372,0.23871477497858268,0.2334230288083744,0.23802561722452217,0.25233936160475845,0.24873396907258072,0.2729511949882608,0.2561220681301288,0.2689434675285127,0.2567544621720365,0.24675564684126772,0.26619445217910065,0.259044275824673,0.26802234337567055,0.27300336492159266,0.269226620685953,0.25598469489849024,0.26668279613531914,0.26669262127359883,0.272902176908746,0.2701512615845076,0.2916117371369914,0.2687497073456601,0.289270402578607,0.2856176226728441,0.2905132868668501,0.27651264722713315,0.2864850740284865,0.2692278605232147,0.26306192874729967,0.2457667350366082,0.24621199094823082,0.24087187872003554,0.2316592788174208,0.24114202300296878,0.23559083964560235,0.24931843952776733,0.23934557351535837,0.24967715096207563,0.2345950261348832,0.23027336108449642,0.22705993019339948,0.2312793190596164,0.23761524455318433,0.23090397003489121,0.2487756673936038,0.23485894193166368,0.24563304951783682,0.25497817010064544,0.2559852843257114,0.24214979181281054,0.2453450498731574,0.24359243683259643,0.24162590852068694,0.2163499504153516,0.22205067617580154,0.23135692319997941,0.21391389719754042,0.21502566526594477,0.21081281137697833,0.20723160948440866,0.21440800704184027,0.2176808877887663,0.2248357151246711,0.21822615462301706,0.21206588047739944,0.191531451530673,0.19095643581226515,0.18968408764096134,0.1930922308040681,0.1981904254709245,0.19381817503632948,0.18330592377776572,0.18593596410427138,0.18684789090523032,0.198069971914802,0.19119916882812474,0.19418348898838253,0.18912872726567875,0.17987176656828976,0.19248850522807745,0.18616502800404228,0.1709472426134519,0.16927405579648921,0.17690043465553848,0.1784072504186928,0.1662904850115369,0.16332835951722754,0.16690029334553164,0.1604413841336335,0.16296933747554,0.1610130956998122,0.15265990929374446,0.1562215706918449,0.15991930732145607,0.16589179256606593,0.16956073872875518,0.15428723639719455,0.1523708885003442,0.16150508474805553,0.16802174856409371,0.16533355346200757,0.15757415976173447,0.1552515697406414,0.15911645703122687,0.14389045967587233,0.14976798956267542,0.13228633973039844,0.13985403469741967,0.14303456515583735,0.1474215591350077,0.15192561392899165,0.1540000989908928,0.15632232293580722,0.1602434180343107,0.17322788381797066,0.17229822364697073,0.1641224532354251,0.19032585962392123,0.19247401244167744,0.18625729867106683,0.18720519656442153,0.18669715501409664,0.18851247701368784,0.18396105857985762,0.1904544392652396,0.193069201312567,0.1949363813982038,0.19856086221280808,0.20196656539055385,0.19987395999780636,0.20123376836390577,0.19450662579868264,0.19811486370249368,0.1948815835879683,0.19431838842459592,0.19098871203836715,0.18833142825976143,0.20580892300135742,0.20340248759335264,0.19349845423433734,0.20037135265332573,0.2099505902786899,0.2207762233870412,0.21616535974885195,0.21984788908124986,0.22454138649834812,0.2372104404982773,0.24105031314216005,0.2344376719330864,0.24285100216440034,0.24221888465316171,0.24374841481271897,0.25063562438782255,0.23819552604467364,0.2540937600956559,0.23596696136585646,0.22741656737170132
143,0.23117911668556843,0.2193001859870591,0.225386033183084,0.21490914680151563,0.20755977918803037,0.19919320388897566,0.20069544231196645,0.2204024409480159,0.21799648949366895,0.20654367495772238,0.21364847636925505,0.21381270109907208,0.21559282336565494,0.22779967492708486,0.23491080871881104,0.22244108255864622,0.21532794713537562,0.23008992365775488,0.22234476057060473,0.22951749749091285,0.2405794346615864,0.23027086904514088,0.22912669988413503,0.22079920227585245,0.237437001993889,0.2513604817195894,0.23887373489962768,0.2471054932258247,0.25919463025710343,0.29143184114414344,0.2956670988972033,0.30937057179008093,0.30329412651407855,0.29111326825073974,0.2851011702799305,0.2955493441851787,0.2856610314572878,0.2602531531514626,0.2385846507127755,0.23848161275884686,0.24642490624810073,0.24576401873728088,0.2244020396394271,0.24952570999827228,0.2458326144874491,0.24027279478371075,0.24912252668038934,0.2498139003037928,0.25928237730727344,0.25404227893121023,0.24852535338205026,0.23111349222950062,0.23911972358470582,0.2412168823238046,0.24904762241186626,0.24672439914687597,0.23985203083329648,0.2356830229815364,0.22690245770907333,0.22347019090450015,0.2177622022785089,0.21337395147797064,0.21588745169047346,0.21192832224546942,0.2096890731171151,0.22011857874061067,0.2179077618287079,0.21314438684818407,0.21476652986969053,0.2019633240515009,0.21630113583441704,0.2170949394329634,0.21256653829908792,0.199589038039959,0.208557254002284,0.21677016091595525,0.21478789411892033,0.20378678602879924,0.20188459456028954,0.21652442800831445,0.21366102130436426,0.21373054835429983,0.2217386504554576,0.2173288590420957,0.21482335752906792,0.23135655029697813,0.2405341808258743,0.25030711808955886,0.23839865452352257,0.2326199724736552,0.23306856380283364,0.2319187171129618,0.24749589496410307,0.24827471955803865,0.23833729169171897,0.22726428975604573,0.2300361021081467,0.2357073905828209,0.24558554446828454,0.23018933591297666,0.22179083706535507,0.22548621675256447,0.23553931082589438,0.24377384083018047,0.25131534101932496,0.25534890509869473,0.2580768207491985,0.27021285118460797,0.2781429138187767,0.25833485148230234,0.2627350418774589,0.2596426302489127,0.25784754453203823,0.278804641783178,0.2709623810718776,0.27228204264610034,0.26096243737377967,0.2653878279452389,0.27275454744022126,0.2740715778075122,0.27274073089796597,0.2792035911920174,0.2826994737216705,0.26582327236655656,0.28927706335245995,0.2853100040930511,0.28069262370458553,0.2691602977157358,0.2451402360771191,0.2592047763564421,0.26210783307380237,0.2402481211650885,0.23350457821806903,0.2302480707881726,0.2475957581445748,0.24782002702380176,0.2382694706648762,0.2305129347852172,0.22716431001000614,0.2437855163580195,0.2329465055793496,0.2461990087295291,0.24296527055465392,0.25084104420794634,0.2591456958262234,0.24377625447518073,0.23986716377474016,0.2535367973120548,0.24799886886939204,0.237032064965448,0.238831826511192,0.23621441666699367,0.2289996402079278,0.2248518162758523,0.21421348168370685,0.22707472661762174,0.21493854269966825,0.21929079398167325,0.22148310331067533,0.21068290597331357,0.22320735442305614,0.229983458169532,0.2244762507157747,0.20534039825721995,0.20545603376395738,0.20197280174300425,0.18604272839596514,0.19256519776334144,0.19079034793124716,0.18841969653818572,0.18571197130821032,0.18424741355689334,0.176677522240562,0.18792519086208884,0.1974263016324891,0.18402731935922034,0.18952460492474088,0.18878865830194347,0.18555770821575493,0.1922162498997785,0.17496907666580266,0.17194232699479287,0.17953383173620574,0.1671577820386849,0.16862280134626845,0.1625252340004028,0.1584995377595428,0.16542582149419832,0.1500506910899975,0.15871968759601665,0.1524337030459899,0.15329429766386998,0.15286638659872853,0.15824973812123566,0.1626149986981702,0.16158758862086733,0.1587796352703494,0.1676083690103767,0.1581623102435636,0.16903031468620847,0.15967432907477797,0.15708329409123584,0.1644630726928424,0.163765946653216,0.1421624829277951,0.15355395259791685,0.14484382999007056,0.13745482840433687,0.14534530246137295,0.1489632023421887,0.16235725499205203,0.16024002350849362,0.16617247945089728,0.1701788168714018,0.17826960409726758,0.17440426449490432,0.18435380256961098,0.19312295588860887,0.20779725201789262,0.19292623987404298,0.1948977834658494,0.19157150010293345,0.19499028767156742,0.1953796017372337,0.19319251668407722,0.1997748632246212,0.20278849401832005,0.19696853737923573,0.2052839047879854,0.19309018560295516,0.1870749767843699,0.1943877979282561,0.19806600868038995,0.19266095113726217,0.19456924783157775,0.19761542012585873,0.20415528638479669,0.20074145146504782,0.20743894737994098,0.2027084019961158,0.19592662163490393,0.21112516403160883,0.21278205554364316,0.22820476058272496,0.22280662492920905,0.22524813302244456,0.23122852029341573,0.24333753256131954,0.23247780689048422,0.22914295003904128,0.2471704225353301,0.24139273758366303,0.23798911827894095,0.23553909388627192,0.24242321136284942,0.23128091668607154
144,0.21309492165360486,0.22493202857388025,0.21692070138467015,0.22638419326445852,0.2129005091246947,0.21668826886983733,0.20619992358326142,0.20772166737282427,0.2168794983325243,0.21759609639967203,0.2104082188572795,0.20733050236876013,0.2163553306552925,0.22495606158400738,0.2306013789710529,0.23640393434416138,0.22070714860913734,0.22968170319878867,0.22787857762025043,0.23863327415604338,0.2489926343076932,0.2434620082110852,0.24858653451923102,0.24174193830960658,0.24472385205172303,0.23244285443265636,0.260346054258493,0.25989923429415485,0.2570673969907094,0.2832396180064075,0.29621019360527645,0.30875784423532454,0.31677507323996623,0.30317891891248394,0.29352493462759166,0.30653565698497154,0.2810049692681917,0.27554910198669524,0.25210589446792836,0.25005082974052645,0.2458551443302202,0.24056503227258785,0.24549101414035437,0.24364118325145315,0.25361854109389015,0.2419688163327012,0.2382915268420606,0.25040050476305065,0.2485331361144338,0.23280221065879195,0.23767554585449535,0.24088962746982803,0.2305100686145403,0.23994278755598814,0.23975380039319488,0.2355389311816862,0.24192636493825032,0.22620312478306637,0.21638975739425326,0.2257182632461819,0.2199021623995209,0.22128562371949334,0.2186331942971354,0.20599059876869938,0.216039816635275,0.21463740054855246,0.21109983798730542,0.21173107377178496,0.21815355772105363,0.20521646391027784,0.20898244215108705,0.1959203734771354,0.19699704423091444,0.2063106275078537,0.20657544643814035,0.21351539784139167,0.20543555042106243,0.20809641575313773,0.20855125132836858,0.21350109167316014,0.21521344526689196,0.22164048917237636,0.21306391361704916,0.2253542744249954,0.22638627834953548,0.23302016207926216,0.23288268520438934,0.2551167654626023,0.24595100414810003,0.24561025725812163,0.23674351967678844,0.24813012824019506,0.24300342791854967,0.2641982885673074,0.24927974974549988,0.24608463606090125,0.23212948078727955,0.22609710418095452,0.23370236104569359,0.23028629891374508,0.24120366363295156,0.2293469135695417,0.2320868852146806,0.22895487756408223,0.2534183156246967,0.25526542805986063,0.24278547451312588,0.2606093541786626,0.26704902703386807,0.2684145166124953,0.23177585936331302,0.25475106014729293,0.2583806580672223,0.2675925388210236,0.2711633558557717,0.262307676189933,0.2535969348182184,0.250001549257712,0.26444782534435335,0.28200512434362557,0.27029623725131374,0.281413546899337,0.2659359190773014,0.27194244630419706,0.2806435077847869,0.27821657505960895,0.28052204743112225,0.27876227488932714,0.251868003714628,0.2455714078348298,0.24387377449032224,0.24046252325751752,0.23464159384204353,0.24219785916010195,0.22585915552275324,0.24563090028144652,0.23619206327877404,0.24259424835266072,0.24635223119294936,0.23259153240371697,0.22463116009241746,0.24175379484882512,0.2572805763741974,0.2515660322273089,0.24504565146097135,0.2566988954800314,0.24884911467333687,0.24521204542810168,0.25254920166540934,0.23613181212743334,0.2273575601242956,0.23286477573761508,0.23019193307724195,0.2126772813016211,0.20848494528412126,0.21757284968584012,0.21770640182813314,0.21081290845988807,0.20553041540106712,0.20784137171381437,0.21405994031551784,0.22064825643657615,0.2124977813393787,0.21844620286523347,0.19313514056085343,0.19636483183926154,0.19517664571903445,0.18508818640888705,0.19481558637232113,0.1948101137797145,0.17991339547463173,0.1793831722903285,0.18095967183419717,0.1979840937553186,0.1878822705608135,0.18497886058798238,0.1884520647059742,0.18913730651452335,0.19303706242528312,0.18033847798101094,0.17578135180975368,0.1814571560649516,0.17782720397028073,0.1780019254067786,0.17423648453462767,0.16267454474236892,0.1503959010563989,0.15039555475743777,0.15635112122418574,0.16062901640108043,0.15251550602411856,0.1494472747987901,0.15524477777016102,0.14887302053297125,0.15702217907998423,0.16490495296765778,0.1652535888755982,0.16329158328404705,0.1638735643562083,0.16930777407913816,0.16652437026991176,0.1564588018040553,0.1528899716047701,0.15896034621703578,0.15390332406600973,0.15396216164297083,0.14534965323553803,0.14324484439959892,0.14891724737199186,0.15325265248830053,0.1681405253409895,0.1621419157437423,0.1531887950096708,0.15843349400316425,0.1733186509565639,0.17847377099298628,0.1755523308214395,0.18458614506195764,0.18865155964137328,0.19592555244142887,0.20403583515914714,0.2094046397244724,0.1962289635573673,0.20157806408047688,0.19224347137484218,0.19984460566662715,0.1937629330946734,0.19127147193244873,0.2025599681267088,0.18468265102541828,0.19287524911486506,0.19804470708402333,0.19838606808300357,0.19527409331850681,0.20034040620356555,0.19968270674326064,0.20101437688488072,0.20625025776988845,0.20747400954655246,0.19484541919071863,0.1939070503205355,0.21434788370465008,0.19746410902795294,0.20578409252930863,0.20853761389540343,0.23185635283008457,0.22487408021695587,0.23768282463259457,0.2393914305550821,0.2256198987535692,0.23818044372183736,0.24255453557723095,0.24667054877250322,0.23415654423411306,0.2421769470187125,0.2375676490697859
145,0.22883302411581263,0.22383381662771873,0.22664492560271476,0.22761653090988906,0.2228843627163064,0.22032658344666378,0.21098636990139288,0.2056418962983239,0.21678648313836957,0.21972663258697123,0.2161229067698803,0.20776495774491494,0.22400241471822385,0.21888762043863755,0.2208832582711382,0.20756599229371522,0.2256618789870924,0.2229784026601802,0.23900528258783962,0.2417611428551241,0.2497580529024608,0.2481129886101515,0.24583906754799725,0.24239920994794775,0.23190136235345674,0.2304672395317284,0.2373097052976544,0.2549787572102548,0.2713045017120424,0.2937304698613031,0.2819031962636472,0.3016331017100318,0.3174760732273627,0.3015379653003623,0.3035288664474197,0.2985925722016537,0.2964278472186662,0.2818506235725618,0.2803167181822735,0.24026964128763872,0.23434748658387533,0.2516558323415521,0.2465596472302664,0.23840183835727355,0.2361195245200027,0.24607874317098774,0.2443096941409435,0.2309209311234547,0.2285313578187128,0.24025193821843346,0.22996714840822152,0.24454776611509624,0.24786882040949357,0.2281912040947014,0.23778228710925867,0.24528348046374238,0.23924099501730378,0.23306046037467876,0.22715740565490128,0.23311515056361287,0.2304623043495691,0.2203364256881981,0.21668627310631727,0.21836930908247784,0.21904976923853367,0.207059470937236,0.20974885561193,0.207854485012446,0.209907327832235,0.20449133020437063,0.2078464925020493,0.20037995742755527,0.19719801999089845,0.20509784633081898,0.20676798715429529,0.21191773327901206,0.21066481194895484,0.20959870739228237,0.20284088653290092,0.1987153930143893,0.20498524437667132,0.20680803111579743,0.20766413623446456,0.20837470596074875,0.22087349331903475,0.22316942784578558,0.2246048862251708,0.2356125393631125,0.2505461306311479,0.23572671278787982,0.2552801227420387,0.24369094943755554,0.23768402866248767,0.24864446730361303,0.24396464860826914,0.2502974931721867,0.24219077671267114,0.24822858977903176,0.23907777203962355,0.2253172281965081,0.2424188574413812,0.23091986769571596,0.23678451640793335,0.23698878804724405,0.2354545568815137,0.2329855036076464,0.24983570200828675,0.2574714032632749,0.25505156927981876,0.26964476926838454,0.26201490660981436,0.24999809538252735,0.25634508797133004,0.26972301150116906,0.26258747070738864,0.26414840947499096,0.24763367338239667,0.2661932263111685,0.2607257947753425,0.25283430532487794,0.2698155653448297,0.2822708298243698,0.27581253506206055,0.2879134807576645,0.28129045788524765,0.2850289677566864,0.2821161834825412,0.28013346942567974,0.26443503846747524,0.25069692094841445,0.23899730293603852,0.25259630885642675,0.24788554362780055,0.2501300097298177,0.24624351394377364,0.24450784614802634,0.24414998391043907,0.2507425856603966,0.23860706571322693,0.23457109760236722,0.23748883660288855,0.23526861724910525,0.2301274896595018,0.24542019678385404,0.24578139225310938,0.2291970375884707,0.23735927129240483,0.24953984443141294,0.2344930092636333,0.2386648709693213,0.23679983748717148,0.23641400485189093,0.2431123940151605,0.22353225535260915,0.22665661577487634,0.22018194307879688,0.22097701360338132,0.21440697028971709,0.21724015300509034,0.1986586683591288,0.20443714155037576,0.21780432529610033,0.22275655870876165,0.21646764879591324,0.20549355243326228,0.19388682549234817,0.1939839507098861,0.18690860666785358,0.18231575488552051,0.19324732901839772,0.18861980867732908,0.2049977054489657,0.181086468784265,0.18968583470401718,0.18099575949079316,0.18487198315450856,0.17933303563286113,0.18194243385613076,0.18888701349477802,0.1854179606042215,0.18232574634072965,0.18565356792714613,0.1752707318178442,0.16310989193918043,0.16271792596116666,0.15716505903318514,0.15900171182706932,0.15466391526502155,0.16115563658036164,0.1541760802370883,0.1457850533126923,0.15278615442832635,0.15575715287350914,0.15553531031031811,0.16344411955079108,0.15108070404565135,0.16155860703161995,0.16390673526838798,0.1665221846960185,0.16034650564689748,0.1631822436117158,0.15087733348419333,0.1496297671158091,0.14918254095174202,0.1566541844575297,0.1516833808388912,0.14667192772488935,0.1460306438430199,0.1475869643403055,0.15213460106482996,0.1501827318652705,0.15488808133198428,0.15197144747788685,0.1592369681193841,0.17180274557540587,0.1755856016238074,0.18605018234359263,0.17983619287934907,0.18429735400131944,0.18382153992898226,0.20003828844111066,0.20424855843022124,0.20338424611904465,0.20005380222515398,0.1941289922204969,0.18779602694694253,0.1912880764434035,0.1871994205045389,0.18947556030166976,0.19088302112340816,0.1918843255579025,0.1945822406206082,0.18881582912889053,0.1996388920655639,0.20065878581256882,0.20490322788958987,0.1980370188238954,0.1955596223878946,0.2074610157909836,0.19956876542793178,0.19754534939779256,0.1876282379282079,0.19950248577078122,0.19255415747576882,0.2001474171404429,0.21019181484306015,0.2189682260553111,0.21245237968631103,0.2362243159234777,0.24858372981597468,0.25246780254232243,0.22897380439870502,0.23785117434076325,0.23986257960773383,0.23202447571042928,0.24032115357330508
146,0.22892735999965533,0.21250291899083315,0.21158710672763745,0.21547818064771954,0.23600901916571193,0.2307113178839567,0.22154186122465067,0.22532345402761084,0.226438098882349,0.21518079117927488,0.22488205435059125,0.2128868323830839,0.23172553845956662,0.21825102901293783,0.2039619474479549,0.22276481680832766,0.22664262938974744,0.22381242869862794,0.22915286953118957,0.2382536704797118,0.2352678588339124,0.2271803163676054,0.24327142550828107,0.23412478954729707,0.24432021393760264,0.242457878065809,0.2440905691258268,0.262583238331528,0.2654330515741661,0.2805730802174101,0.27855566810878735,0.2963896268637159,0.3066655561964963,0.2981000164512174,0.2931352188093557,0.29469380073483026,0.27767514031649015,0.27095988542761285,0.24003490509802136,0.24745697519609902,0.24866101382791655,0.24918437121854956,0.23758788966188985,0.23894035246906098,0.2348168187373996,0.24200386384400796,0.2353374807013421,0.24680707211578218,0.2300550653513746,0.23028348858575864,0.2356967531909113,0.21696475985092295,0.23404377800106257,0.2504525743089025,0.23881796866204058,0.23845278548044427,0.2257426921369075,0.23070058723819656,0.236429193077585,0.22448224655360483,0.21882019463928418,0.23701285405921288,0.23585625587233142,0.22969804560563878,0.21275824536476187,0.21691980232546124,0.21046844869164205,0.21156698643511396,0.2162276358836333,0.20915651647738584,0.20958982739338727,0.1982575340174934,0.20020020138122632,0.20345189999775148,0.2174418828489805,0.21844715855016764,0.21873198791628845,0.20914057610243908,0.2050320245141862,0.1972104254429301,0.2051192878395768,0.21094964555418488,0.21420988102715,0.21345935853629358,0.20856229638189194,0.22709433467217624,0.22730045234263338,0.22821253753625875,0.226889866719006,0.2399513512834371,0.2486159571910689,0.2451719605711679,0.24371597663659858,0.243852998390996,0.24215336029030973,0.2400110296111956,0.24243560372119277,0.24255609938915412,0.23397798686222177,0.22116617142644762,0.2234462137354317,0.2328308909344364,0.22283843513498916,0.2333114216529159,0.24517613812359082,0.23868762326536666,0.23403526344566042,0.24950910593492798,0.25454407942124047,0.2547539930941438,0.2636914206464247,0.27318069148791324,0.2648945359000384,0.25489070587424983,0.2460723971396647,0.2710466225462092,0.25043100709274674,0.2695355165228918,0.252216793449902,0.2554659364632735,0.26668832273106197,0.28080445910439966,0.29281410967251603,0.2866559759553262,0.287726590869283,0.27026885391468153,0.3018762872483068,0.281159653874074,0.2860638636281655,0.26303346133136424,0.25452180823829346,0.2501944663495728,0.24411130925729538,0.2432724898016092,0.24417629517018466,0.25301950397564765,0.2532800597672179,0.258243857301027,0.2602064154562651,0.23003302999800324,0.2516523556117599,0.23224758140230067,0.23315390839658354,0.25052703584351715,0.23678424379984137,0.2379436942271961,0.24599048003692991,0.249188272872981,0.23610788994129114,0.23128469777931523,0.2568023537567826,0.23836709295460765,0.23774067968976514,0.21612126455955433,0.22484115107572689,0.21664950445271905,0.21759704836545735,0.21429221801556464,0.20801377711700786,0.19952240341135616,0.20672252451851347,0.21978426662702874,0.20595616667671124,0.21386740506322013,0.20997689046885423,0.21537649249597587,0.19687663145002482,0.1908012431553989,0.18482146143085368,0.189943440395229,0.1932896501485336,0.19693485607981795,0.19697699148694714,0.1949305463366599,0.1933467160149534,0.1863391027643409,0.18817243290773475,0.18385536189264606,0.1908969105997195,0.18734948344228108,0.1815442507609277,0.189389108620603,0.17621208908269176,0.1704585932487931,0.16786799372979,0.16975098382563547,0.16068335831579808,0.15702687939040716,0.15663398602276526,0.15687437190626416,0.15278615442832635,0.15512650216113866,0.16027947085954533,0.14414613429860212,0.15339810690766398,0.15892012573860786,0.15437074496899741,0.16583866766056304,0.16138185383055376,0.15649591295422205,0.15584289240284324,0.16078010205709128,0.1408189170148148,0.15304424385620038,0.16310155440047236,0.15095830124240228,0.15361583999830633,0.1532597101962706,0.14727905876368325,0.1479122011322646,0.14883463268973873,0.16062409731208657,0.15660910224695668,0.1609289582681476,0.169378116826268,0.1745490140419105,0.17388234960020896,0.18704125162572086,0.1805691692594038,0.185860371119981,0.18926778517035547,0.20227402664593905,0.19347029773442737,0.1943267556322115,0.20054232238879108,0.19178948810365432,0.1832656198092257,0.19068863062533908,0.18456485252229948,0.1892715767134046,0.20199809326541274,0.186368624543518,0.18984912506530957,0.21714493314561173,0.2041464818841213,0.204967356510015,0.19129745840913215,0.20916966458911102,0.2027542656998827,0.20939784120960897,0.20920684980348958,0.1893517834626649,0.19628181264584568,0.20060102140611338,0.20421310091196995,0.20820176171223526,0.21370707491006005,0.1903071476323188,0.21632967608362574,0.2308003696231444,0.23435040046914843,0.23584175610611216,0.229343005731031,0.2418330760424247,0.23732123516190445,0.21818379930820897
147,0.2172557102155817,0.2184055146855302,0.23062240670990447,0.23273671494251688,0.22544182941928056,0.23836522683616168,0.2355991938002332,0.22816094135290457,0.2236386180909823,0.22105396033580532,0.2219066412261677,0.2292311324952296,0.21394286138936744,0.2225917172588342,0.221781338392443,0.21818646197430436,0.22864315277370362,0.22415766808793158,0.22017124589903433,0.24508565923369136,0.2458726375163943,0.23848073416173488,0.23639353767543722,0.2557066366974261,0.2509635216630892,0.24386187013038355,0.2511637160708697,0.24535776107915244,0.25374763313484067,0.2810217927559599,0.27344186029292916,0.27879116070946186,0.2901362543360919,0.28437669331095,0.2872274879741048,0.2740305611236162,0.26410340471924953,0.2565694835518238,0.2459128369318405,0.24657486271815898,0.24753892467130154,0.23870911353656996,0.2462780464605673,0.2391304053373946,0.2265556513649022,0.22854988126337683,0.2264438342778837,0.23563185379270574,0.2327591700719045,0.22536402990713159,0.2185488371263557,0.2207777484604312,0.22554167425953792,0.23188988222629425,0.23135655029697813,0.2433545104064343,0.23234006151170344,0.23577725109851796,0.23541612128953718,0.23888611082998645,0.23550433189320522,0.2280118403931614,0.22704450738530316,0.2248751675821651,0.240049883756876,0.23021265843787425,0.229435755642389,0.22618703103056526,0.2113387332677277,0.21829686561632897,0.21027004129768906,0.21265754700348627,0.19488849417450238,0.2136963478630876,0.20122434388542088,0.21911963711021262,0.21195936023660333,0.20573150352252123,0.18890262807047448,0.21099997313386906,0.21045347441962087,0.2105696619921566,0.21848302490733856,0.21122683905376438,0.21163627064793175,0.21048604118775985,0.22333346293254627,0.2192968532939444,0.237768161668934,0.23767259062475615,0.2359872285946703,0.25686799747441214,0.2358946003733157,0.23548350969322476,0.24168194089301256,0.24389286760169443,0.23081843920512868,0.23000993751789744,0.2347230285031146,0.21478636096544237,0.21398227475083173,0.21981827729504735,0.24100030932822894,0.23729424195162768,0.23479870646480344,0.24210000588576785,0.24272298253192454,0.25496818944411803,0.26344563063619686,0.2563409562099806,0.25957149593428996,0.2592131322658797,0.2671092943380287,0.26705579105372496,0.2600237396482626,0.2705359598254135,0.25913137530153074,0.25143283949448275,0.27140134775692665,0.27396873218869466,0.2718491628843626,0.26740652481734567,0.2745010436675877,0.27112277440715793,0.28343990907021027,0.3116656934399793,0.29521539398821156,0.3004477804346728,0.299057019034027,0.2915660813743348,0.28530540547617556,0.26525770023242423,0.2475462775152517,0.257790554103504,0.23706099341504844,0.24693900847158684,0.25510912901210153,0.2734298977147323,0.2598866673558361,0.2621531014016609,0.242190553646825,0.23208763337560953,0.24910910419789697,0.24145555424256857,0.23406398783786628,0.23755473975497676,0.24428443722726736,0.2400940513688385,0.23901249201958216,0.2479014117517685,0.2544802015127676,0.260385022655913,0.25191846420214103,0.2334066900980749,0.2189997403837171,0.22808241355238332,0.2254299423656779,0.2234009934171784,0.21418867290849808,0.21627165317905642,0.20852095246767624,0.20004581947758046,0.21448439490381432,0.22335351936087272,0.20626707022550492,0.22180743518534296,0.20426948783849208,0.18914275040214817,0.201150904606207,0.19170462912984668,0.19180710921658584,0.1983098244116732,0.2002103477640979,0.1928940359535488,0.19435060638813045,0.1934097662259072,0.18770290756342997,0.180110403843223,0.17638420826037915,0.19039108112982395,0.1917453320258757,0.18274659761942597,0.18476699686327283,0.17346573475034574,0.16305747017784478,0.16908364441286014,0.16702423835123745,0.1790006054763641,0.1598097602620822,0.15806546744479388,0.15456423189139776,0.14391431669537721,0.15084745936285254,0.15479823336894663,0.15389659107879658,0.1551225730992119,0.16353981419699218,0.1530745530329726,0.16914306653046657,0.17123541868751577,0.16608947028937443,0.15494051672476192,0.1503515812698679,0.14960255130479252,0.14949890097387256,0.15850399031789142,0.15652005794210744,0.1504949752918676,0.1564706908260003,0.15597428375649308,0.15345887143701528,0.16160057435675834,0.16198436584268375,0.16101884237084715,0.1707825917479991,0.17183775889679012,0.17605927129914117,0.17996017217483384,0.18228095699079447,0.1881489504323632,0.18958296012283649,0.20396569990399346,0.19573382810960574,0.2012145816290346,0.19398993610723692,0.19272346708705446,0.204981326847572,0.1882438081574141,0.18565848404832125,0.18425063784974913,0.19052567108118182,0.19456593256917526,0.2002534929197789,0.19416126819671317,0.19767208357519964,0.20392391017630115,0.19529808732764287,0.1955658545377673,0.19750522983269772,0.19540189447168352,0.19747494429990622,0.20277692363063915,0.19647415064477466,0.20147357372940106,0.20147118924586743,0.20317028976628662,0.20188267471224688,0.22189570697458802,0.21850521167463555,0.22808083802032872,0.2152577517530221,0.24000611111380465,0.24864870402503256,0.23487192107505486,0.23084384530409702,0.232467529358963
148,0.2167083273139117,0.2237055197043896,0.24305407120938666,0.22041157605407355,0.23203094029928242,0.2274457886955855,0.23372162652043785,0.24495826650761426,0.23810011216838253,0.2363692079917857,0.23270788551857038,0.2339461486539107,0.22064495406227977,0.21335523332403597,0.230055648045613,0.23802386339342202,0.2314394560911159,0.2318989594891155,0.22758304297263604,0.2332400898229906,0.23442358324526466,0.2431744823176136,0.24127748651929568,0.23690171242669625,0.2439507737935613,0.23500689258133456,0.251672057715698,0.24714760143861664,0.2417645386001539,0.2550715375114505,0.29248661745749466,0.2888577339876732,0.28319592509423175,0.2789266430367528,0.2911327079788597,0.26575289240418226,0.2674397761035305,0.2504259327235643,0.250875990404375,0.24164148722090065,0.2372307052808513,0.23881857355137065,0.23086266250192977,0.24413964008907524,0.24418978922377144,0.23056617773062268,0.2273567225096326,0.24001898784292405,0.23099985112621235,0.2434946929179099,0.2322266728436089,0.2264451899380544,0.23477724387894008,0.22702584457443248,0.24546393949027823,0.24569657359961525,0.23313372345793323,0.23647215000821803,0.23948157185117405,0.2425252718138911,0.23597869767227742,0.24495572835312618,0.22154538107362315,0.22587096119157293,0.23063801945320322,0.2328656872640333,0.2265967100154597,0.23311525791713172,0.23194985213617011,0.21554140030224825,0.2194085260889353,0.21999783148006,0.2050328270920185,0.21068790272034835,0.21437127945242057,0.2053630945709623,0.2005811467940669,0.20584707488805645,0.20147942835926388,0.20587461499176846,0.20348312560679493,0.2182996804582851,0.21960352147094914,0.21532948415471692,0.22132853021865215,0.21091661853324087,0.21045124533107437,0.22251192964930994,0.23164525042237666,0.23357330180900104,0.25258816624473635,0.25056730389468507,0.2557967368697831,0.2484561778925532,0.23491248552138722,0.2368566050003238,0.23383482980178322,0.23207224312199676,0.23419795579586133,0.24118550299955793,0.21758838062014377,0.21565915538955588,0.23078437390899914,0.24231991054480356,0.24452468043115477,0.23057249550627934,0.2556401125015852,0.2608470923345874,0.26221588642051946,0.2508818248717068,0.25055472664500916,0.26375335945703027,0.25685321138944767,0.267231100394441,0.2528977700915605,0.25447024034831467,0.2657455494818473,0.2603790271382232,0.2543390237690294,0.2512574801852681,0.24918333843789636,0.27262708499943183,0.2790692595018795,0.27140697213748227,0.28385725586841193,0.2898911786281329,0.305264287722176,0.2956698221043617,0.29634868195196323,0.2986902181066816,0.2577294221302511,0.26056795227791507,0.26105258617374894,0.24446556849440845,0.2640261846989948,0.253907190495183,0.2647719658820045,0.2614008527404803,0.26705640597311636,0.2579496838934927,0.26122756366511696,0.24499589068151248,0.238348706836489,0.2467375226965259,0.23939192665282158,0.2435658519877166,0.24597881218499978,0.2275704666164048,0.23456672267187362,0.23754341733175977,0.24260793428923938,0.24590372071357486,0.2504757582541214,0.22475377761581655,0.22543274536987803,0.21808374681239692,0.2199957039226932,0.2229823560811714,0.21690706605364402,0.21794956170926397,0.21030582411058885,0.2019001260119541,0.20638118416467297,0.19880269616079305,0.21223880905240558,0.20870194668368566,0.2058959006595661,0.2056209683112581,0.19435803517633532,0.17561095311324754,0.1833409595570494,0.19531113778094217,0.19221903826391426,0.20160176036361174,0.20409854092024793,0.1997793464214949,0.19948174549298497,0.19221576304669621,0.1818050740899966,0.19449327978846956,0.1891273772670339,0.1873158381897779,0.1749476446993271,0.17214729385044794,0.16802654599881364,0.1778971129175979,0.17081845913409782,0.1597380211323885,0.16816305943872786,0.15424922831404733,0.14350498908968096,0.1532177216197659,0.15856579160208456,0.1652509253239118,0.14302567300229913,0.1537464157600046,0.16066833754143192,0.17036081144766613,0.155431128431364,0.1628518138060909,0.17304999855352332,0.15554426390019452,0.15610973985185536,0.14651092152879117,0.14718515176399777,0.1521854034605372,0.1609844024889468,0.16141938933557556,0.15813499893854108,0.16072091639573477,0.15350340026201129,0.1637429837850906,0.16827031200729523,0.16533796957806116,0.1788340038827465,0.1704897994904984,0.15999849590104223,0.18308434050836603,0.18495403056086915,0.19062032251304895,0.19308360553764636,0.18880891649966658,0.2002528934897561,0.18985231624161614,0.19511714380804737,0.18006027123027296,0.19444187485776704,0.1909474223094275,0.1940376025408329,0.1855367308171276,0.2005723301728649,0.19245118962362523,0.18952019737103884,0.19338095471592787,0.19987341186843827,0.2105188068903632,0.19575025658783127,0.1886383981965539,0.18874675768442684,0.19384339165707873,0.19649128372107436,0.199453306794349,0.2003987646440643,0.19658351220344916,0.1998861918197547,0.20234992604437224,0.20929940802627195,0.2186437664049512,0.22232156964189193,0.2265642589788961,0.22366040140771584,0.23995577139138372,0.24119766547436197,0.2484432489612493,0.22702793556936363,0.23729768423475522
149,0.22041771708817479,0.22007925133380918,0.22423045593991567,0.2296377589987324,0.2238464957384836,0.22824354289071982,0.234631652859487,0.23562165384047146,0.241748506649164,0.22867958742216601,0.23854092554777045,0.22339790703971513,0.2205168600948914,0.22293101840695503,0.2318532030244878,0.23184717046543116,0.23891636580359857,0.23733593518505727,0.22505719409856917,0.22526530109075224,0.232860861576494,0.2610477774516918,0.24820870002864814,0.2341235496384046,0.25270335043742026,0.2384082061523371,0.2357670991397486,0.250349368362011,0.2436277756114771,0.2548901189673858,0.2793650032282497,0.2921790011117146,0.2738186342765768,0.2788161975080652,0.28258297954327505,0.2759370391937326,0.26485306307669176,0.2776879280237115,0.26659684161396396,0.25225280255916166,0.23017020260594256,0.2328972711769694,0.23088116225930946,0.2260941367358446,0.23839036577647907,0.22615234741863716,0.2408592335336303,0.23304141037854478,0.23158327962017589,0.2365863041757288,0.24341189644506445,0.2350770326346791,0.22203462223205486,0.24096168973200963,0.23038919113009418,0.24546478729415422,0.2375346113756861,0.23644291231366685,0.24175858216090884,0.24640680639617846,0.2542388995130447,0.24972958761081088,0.24072212027230558,0.23372781548760965,0.22267840403439426,0.2215797152871212,0.22824317500589067,0.23665969474157683,0.2209380415526787,0.2226732767336881,0.228734355617286,0.21587885204511198,0.21185143007780868,0.2113275411795075,0.2103639417861407,0.20943029284615985,0.20159247183138193,0.19775274926182243,0.20300643284222714,0.20401376468510152,0.20868671367811115,0.2076399903389464,0.22382536428619465,0.21322739442749625,0.20902209678099817,0.22251121235675295,0.21038462586638224,0.21877087307622833,0.22519715520268335,0.2470963327946777,0.255306575301706,0.2639720833373049,0.2681229567688164,0.25797166102024155,0.25567307808119316,0.2454187275259468,0.23802967300843658,0.25076077303837435,0.23608532919116001,0.22438080407734706,0.2265368200892452,0.22951432661140675,0.23552862678688852,0.242584361442108,0.2237702772705467,0.23310806534067552,0.24318562517866846,0.23976887192817348,0.2535589823045151,0.2540182969507066,0.25682718994710696,0.25440989574809947,0.26542755099147164,0.25907589074258963,0.25355431161847103,0.24848787378275283,0.26208731400697755,0.259299691457712,0.24287773268305732,0.26499824637252856,0.2599016280655888,0.26588754861027714,0.2716476798093724,0.28395858279947683,0.2889861305810833,0.2742306543838825,0.27453833785944376,0.29416567819331935,0.27292040055122824,0.28740015630963933,0.28936366737066277,0.27142259602837415,0.26781629643709093,0.2637831195489965,0.2726986575577823,0.26669323535675993,0.2699560096496494,0.2669217724197754,0.24233235342162382,0.2598226452481597,0.2455420627819258,0.24093173051568956,0.2460560795248741,0.24545896576651918,0.25406567816734665,0.24307651431801236,0.23253487686708452,0.23897198994178231,0.22330461569038687,0.23945063881138148,0.23875803722549513,0.2293003934900828,0.22768032360026413,0.22971888518317765,0.2276097176282597,0.21941883254974429,0.2185881930439316,0.22580663557765104,0.21224179013064037,0.21377912737909927,0.21699708507319107,0.19617058175080626,0.20914611416144996,0.19961602769700215,0.2029580072034195,0.20277535481533945,0.20029179560718335,0.19133199505456527,0.19798745358421976,0.18313059227944214,0.18206656559847584,0.1870130443178241,0.18126689683966354,0.19335072283186508,0.1931480820582042,0.20336596881926322,0.1912499366635931,0.18777579095294178,0.1895350787308615,0.18751615963533547,0.18662383085039744,0.18558031177399859,0.18002495042599723,0.17890846929839438,0.17962223668846516,0.17889549328179047,0.17616113508892522,0.16732483291355024,0.17164347561718168,0.16640424460895717,0.15869823621581752,0.15748710511932254,0.15540321525291884,0.15963988269936463,0.15898069821640826,0.15696506347543046,0.1632699651311705,0.15113498247717094,0.1520932709418698,0.16889741395759766,0.17415365759807566,0.16737696937322236,0.1587104415859927,0.1485549063843243,0.1500320350077035,0.15168722279035363,0.1596695127525566,0.15715528841701107,0.15883426584745358,0.15726207439096068,0.16255060865171136,0.16165539384634886,0.16530180658276777,0.1754092533759986,0.1691171300634059,0.17972918294625082,0.16289925570521574,0.17450525109895523,0.1773304842371247,0.19672474452980163,0.18568524713017034,0.18358779257757585,0.1894251762458771,0.1871887740551958,0.17487104285877586,0.1912076218602101,0.19269178507163773,0.1966135478428257,0.19452306325088908,0.19592781715350482,0.19684656921839896,0.1899890626187722,0.19639567519008194,0.19744767765182797,0.2008181907364121,0.20325529583720922,0.2028317137133056,0.18925192252654324,0.19193814799742293,0.19987885502999952,0.2012034994706161,0.20197602463148587,0.22075243360615712,0.20603257955901014,0.2023255920922182,0.21303227240918973,0.2104244012059955,0.20972055579637222,0.23049345614199007,0.22308249855225573,0.22377445083531514,0.222486415950069,0.2340235160233289,0.2422927950984289,0.23950340934397274,0.23885316477177526
150,0.2170751950878055,0.2260185060645795,0.2261515663174502,0.23640888789165215,0.22722101734947572,0.22611011975111053,0.2292419531464761,0.22360849572331612,0.2257435757846252,0.23288220259591003,0.22492312043794435,0.21461061544834253,0.21844112271550561,0.21939665405030664,0.21234781667212171,0.22710081877471155,0.22719616691143157,0.22017631558768816,0.23312003519877067,0.23679929223602333,0.2479305820681215,0.23799777668153752,0.23351882675304197,0.2385023156400008,0.233518557904712,0.24063383915583694,0.24573295319897942,0.24944471100832927,0.24255704885131207,0.2313202217720888,0.25576434426453803,0.26970313830739695,0.2698031401649599,0.2719643631591355,0.2685264064818386,0.2768286278048516,0.2774373962746121,0.25712600370639405,0.2547053105482728,0.25517257723247594,0.23264621969108693,0.22768430796035155,0.22645233335839152,0.23900115514847262,0.2363873869819897,0.24133716125045868,0.2326555408440944,0.22911424924655216,0.23842555376718674,0.23324105652427093,0.23963971807977988,0.24105319936149908,0.23381641640571382,0.22884925344260618,0.23308648894280523,0.22932225305581963,0.246038516634819,0.25189874280831337,0.25004098438170114,0.2492427302791673,0.2405377808805392,0.2507870460244443,0.24210284892737027,0.2417477830097871,0.24847522926960255,0.22941039886684636,0.2362954178270345,0.23600037877337546,0.2239993200318757,0.23581216197174865,0.23179256426316538,0.2139712382777827,0.21696346094727456,0.2251631418354169,0.22454102458068523,0.219534611400118,0.21674300984975303,0.21382889910437283,0.20725422850159597,0.2022093299083699,0.20831214936863118,0.2076662879851624,0.2093264942277484,0.23048947569538905,0.207252271906794,0.20253325383411794,0.21216102260190003,0.22763807270350403,0.22071421266034774,0.23435666004891315,0.2385862988028483,0.2613912225545669,0.2526858949112897,0.26818778907775204,0.2718278812192019,0.2753480467169849,0.26318491915200193,0.24954668210712944,0.2479698047130323,0.24643563061202126,0.23925107620100153,0.23722393195336683,0.2439383601545362,0.2397473966578066,0.24438413003079706,0.22638758153746083,0.24537821337938348,0.23724403400608038,0.25244571302198693,0.25563716935296626,0.2570265577856503,0.2564673001646203,0.27632552256577464,0.2770390568279578,0.2585288414626145,0.27716475281671354,0.25846039279003286,0.25550652769966054,0.24994387579712746,0.25855741670522175,0.2596282822633678,0.270351012248206,0.27125765312979283,0.2678434312833549,0.27760290083278677,0.2929152615504135,0.29330806175548246,0.2665323939041849,0.26385966091970586,0.2768885519080335,0.28812835517348406,0.2911286858596428,0.26132141431609845,0.28690360151488337,0.28319136055200905,0.2639970050592127,0.26090055322601857,0.2670797739592068,0.27061321443023567,0.259853756825674,0.2649305249349488,0.24875687937279517,0.252050753448002,0.2367514240791812,0.2581326857157594,0.25267891303845025,0.24759188142487268,0.24524327099058457,0.2340028786313626,0.23423020580730153,0.23027484571650625,0.2356536115491755,0.22373591272752583,0.2163264383441875,0.224239130110736,0.22105268785058335,0.23779000718127008,0.2140866566871209,0.21510643367014426,0.21584997366214675,0.2210610354872262,0.21242214991483205,0.2025607097224515,0.21131377085818773,0.20944051639437902,0.20775936058132355,0.20171767786427355,0.20402950691830324,0.20026378956328753,0.1900707113107074,0.1885845023222261,0.1774325524006679,0.1829584616574333,0.1745036036726533,0.1911229763306276,0.1923984194526195,0.20037290748330044,0.19303972934927957,0.1800072511739499,0.19314763731882176,0.1917985413554571,0.17849814205374442,0.18254506645226015,0.18282446027657018,0.17180072807600327,0.1833599576585077,0.18337532645190716,0.1736767565575198,0.1653539599505021,0.1671617465043727,0.16578857550445086,0.14846633917529278,0.1477059533211633,0.15324347795383006,0.15262159924648064,0.1617434863461957,0.1512571802574388,0.16130948326860517,0.15762097151427792,0.15686389697488318,0.16291283450733077,0.17458293887628143,0.16872207194573208,0.15486454468331673,0.1585022384767311,0.15334831207201852,0.16134399269602345,0.16613709028943469,0.1670273919986851,0.1647093297789159,0.15365475341593346,0.1615836447357661,0.16549729508906605,0.17591622625830527,0.17326079387901813,0.17331007092869163,0.16944930815695047,0.17836551823622163,0.1861763021249297,0.1821486261757963,0.17902735692691776,0.1876934425800961,0.18570230740152177,0.1859688476552476,0.18620536935733448,0.17695082834318704,0.19274055268838033,0.18122566414345964,0.18290517782354218,0.19255074353907228,0.19640309622362798,0.20164232205254629,0.2032793343864586,0.19556084268484114,0.20289146592168758,0.19958955275985565,0.20134774960057567,0.20885828136611337,0.19049237654147896,0.19648128962201836,0.20255131171307011,0.2054769449640773,0.20851907994086077,0.209779043070803,0.2066351976653609,0.20742796181679554,0.20567584962209892,0.2061704885264362,0.21914350322799828,0.2123555422055433,0.22252484131074288,0.221613442480181,0.2212479217872184,0.2243130807118654,0.23627653864762482,0.24128920916107577
151,0.2310199577007721,0.22019015643207274,0.21549693619273008,0.21882306661520495,0.23254719211403074,0.24195271512391694,0.2197754105458787,0.2155471078555906,0.22900617871162848,0.22531058749960672,0.2120145175663851,0.21426725211101436,0.22053021455660246,0.22899674012492333,0.21935467765287062,0.21033778684489296,0.20555119218192608,0.23428123245365684,0.22355500634044484,0.22994072693165377,0.23213370335895328,0.22623344039741486,0.23767472495365966,0.23956589983681126,0.23449549300128172,0.2303833027583844,0.2391678503000549,0.25616571281970946,0.25439232234206655,0.23370489022137098,0.24480912407522923,0.2666140303016294,0.25868068362341035,0.27571919383076304,0.2633576874506443,0.2598399954761771,0.2696820246434027,0.2671351273460777,0.2631952214500531,0.25421314292301156,0.25268647674273437,0.23584821843861994,0.23329417754741644,0.2422442069002233,0.2473452075008608,0.23186521522455372,0.23432584942113946,0.24056037937734498,0.24977300566845273,0.2242083589733843,0.24675831728232558,0.23049207624605064,0.2484398738200185,0.24109094541071652,0.2342235720809848,0.2428847792930253,0.23386449887892966,0.24134755305202674,0.2567627390914042,0.24729144939182127,0.24466288921735846,0.23968265125276295,0.25493355372566634,0.24799361537085016,0.23946547073289956,0.23681150616266056,0.23037370132189358,0.2337676978933286,0.24590734451142232,0.23376667518253458,0.22701795124214091,0.2408745964125535,0.22144766227996276,0.22560223613843383,0.21886141362426087,0.21381038719848303,0.22399792743696767,0.21196590026730489,0.22842577128929392,0.21609329913579473,0.22693302380734867,0.21604081153768842,0.20291292439791359,0.2204152809549993,0.2205109193965464,0.203380635484593,0.21529894414989942,0.22615260778629895,0.2284927896681523,0.22785601621510307,0.23419294072484503,0.2623650611118257,0.2547117619171369,0.2535764981434693,0.26980686765883993,0.26547950548495114,0.26863092034382713,0.26840957227991685,0.25534361349028306,0.25959958867086547,0.2445940566614739,0.23636534377584772,0.2474952111086179,0.24387085449919133,0.22457437515781317,0.2250075547356943,0.23047509358792045,0.23798506318603796,0.2453619982941627,0.2546718833448197,0.257507569641855,0.26957834328882924,0.25999979167965476,0.2637509302100025,0.2630728319778106,0.2633109985213538,0.25289660545697124,0.2546824388298419,0.258839170874261,0.2578807947668031,0.24413418727269998,0.2577436651780076,0.2699348761896655,0.2630007578905135,0.2626183086478098,0.2812360567484029,0.2893916526714619,0.28512546069370776,0.2695305515409221,0.25330513856100645,0.27647253842068226,0.29656029156438624,0.2900066789766515,0.29445572325482433,0.28439502834497005,0.28853267358368706,0.2887493398497628,0.26266124592867096,0.2728029108502215,0.26557427221363344,0.2551449635677926,0.25928715350915865,0.24954248754434985,0.2539545509874929,0.25744769036271,0.24175474117044043,0.23933152053241322,0.24322952966010314,0.24995164539795914,0.23224314285521816,0.24385889413119607,0.21892819679253428,0.2292908899810063,0.2230342704878948,0.24095014944463475,0.23212803764748385,0.21593895731352972,0.23819130289801213,0.22353590976695764,0.22323953025776871,0.21208922248926718,0.2170635492654862,0.21120947643797836,0.2086411174149033,0.20528716633114183,0.2135489301430007,0.20512830905608534,0.21163675795901474,0.2036098340761427,0.20182008279341868,0.18943381256096936,0.18181884726408162,0.17497286378995142,0.18601929752861684,0.1855990290911573,0.19276558471966934,0.205159910058341,0.19614999436990654,0.19336755236965855,0.18792596974844056,0.18484078318900368,0.18571505018057238,0.19271814201443482,0.18105732513612396,0.1743582494227258,0.17538417330629064,0.17403452009266945,0.17779752043349434,0.1713736315933992,0.16912032322752896,0.15770011135773332,0.1450477512166607,0.15387143357552133,0.14503339058164585,0.1450641173946105,0.14526533835372699,0.15341930110332902,0.15862290528153897,0.16116532191757502,0.1673279151792665,0.1647250697067044,0.1735690154550492,0.17194466289050978,0.15508150250083677,0.1602067462050409,0.1577796542371391,0.15044993346025803,0.1649196103357175,0.16905507004383608,0.17069900907551477,0.16638761629872853,0.16267293409082106,0.1536087658903304,0.16397109617080766,0.174917515472493,0.1750890958279471,0.1812975770461564,0.17683148741335222,0.182930954309524,0.1847843982495197,0.1897012095527742,0.1803890203411926,0.1774690808476347,0.17772466324736114,0.18273527872996234,0.18602383783179705,0.17503173590744808,0.19231882635281555,0.19203801135748969,0.18799244660982928,0.19895492761424832,0.20637158514110038,0.20725861897667175,0.20503207172455995,0.20272573795659438,0.19803643970844118,0.2041630946446189,0.19708167740801832,0.1976041676453297,0.19875077463363844,0.21003854444996498,0.19885091788212172,0.20337522199454405,0.20821087055466994,0.20336689130822844,0.21520407962726468,0.209800877348207,0.2120377562777386,0.2139996189300431,0.2235068305179193,0.22720500812422287,0.22240277408158635,0.21967563982663688,0.22029462456022564,0.22756559346519645,0.2361438828776543
152,0.22117202792417465,0.20662387405164462,0.2135409645153207,0.2260219409078417,0.23856020538021622,0.229506610987599,0.24326145498639729,0.21750272378936075,0.21945379728817183,0.22104881954048952,0.21700872732959536,0.21891262063186856,0.22184114595939067,0.22462862566814779,0.22356020542059296,0.23353269974692314,0.22196494929856775,0.22567268704402474,0.23464715881506712,0.23781273083357862,0.23131612052283967,0.24325820625293107,0.22986063387488553,0.23667931300174253,0.2366631278197143,0.23142208390838545,0.23364204562622579,0.2376574866910474,0.24200263793123644,0.23638112759101898,0.24817075389181067,0.2509089771481628,0.25193064583436253,0.2598023050768725,0.2551332139785457,0.25500576571371286,0.2611776440438523,0.25681950229819944,0.2597652182754791,0.255691328712118,0.24147012114730557,0.2499540051023216,0.2367008404639003,0.2523184452889925,0.24213730255567797,0.23721983527656984,0.23190477980340535,0.2377177439759048,0.23330653300757934,0.2371284704609029,0.2380113677208782,0.24761269099952307,0.23998925635359955,0.23554918179009218,0.24396234544675208,0.24641843780979902,0.23466109884141853,0.23958956554096428,0.2409686807518368,0.24075083385264492,0.2443110442499375,0.2393224278654825,0.2603046941870851,0.25563658072730855,0.2502596886956893,0.24137723049956902,0.2386481653503198,0.2406783358846191,0.25863839704578134,0.26085490054559346,0.2464022107206577,0.24380937434344385,0.23099979793653708,0.22656128540254347,0.2218698041456024,0.21747728369597263,0.2167444571553333,0.22605707298371164,0.22532661889103794,0.22990223855003086,0.23339465178019217,0.21822027563600885,0.22154854388416892,0.22035697405275292,0.2239095411664518,0.21928236171738663,0.22049868307780446,0.2295510586509987,0.23535010695063457,0.2341776265490264,0.23290585158758242,0.24113541561816607,0.23596266906623523,0.24624300364732235,0.25777334072229907,0.2742129746501448,0.26563420669689486,0.2607906399172952,0.26008721243337074,0.26772627777653124,0.2544526627739685,0.254230118564186,0.2445109989690346,0.24775378611842458,0.22325490022448766,0.22683726379202715,0.23183489229026974,0.2328959305163661,0.23558791033685456,0.23958531767833366,0.26613010174383295,0.2586854487415863,0.2627604518373346,0.2648567221822571,0.25547181885156733,0.2655913949716879,0.26859381017420375,0.2676424519973788,0.2542365578970279,0.2471807240198345,0.25845503670210274,0.25820818205807144,0.2551314515868271,0.25636102538895,0.26081105746626365,0.2799116665652522,0.2686785525738349,0.2836018111305037,0.2771915583208354,0.26699676538410955,0.27254549009414736,0.2845954811436533,0.28148353729446385,0.2844696903315472,0.28003802107986014,0.29044707018957683,0.283516278764438,0.27139697331929763,0.26463117187352153,0.27922352149415935,0.2560471817373929,0.26137978716959537,0.26077142486073707,0.25160078975996153,0.26014291358034636,0.2475827029628614,0.2518181331666067,0.24900863063721865,0.257150871197957,0.24391931964627972,0.23459799711625112,0.23072295216775843,0.23158258640894375,0.23609250490679692,0.24031357266216843,0.23677399396333698,0.22819036340878618,0.21961768028962805,0.23080786301340242,0.2160697652045857,0.2139631583638113,0.22429521052525772,0.2101436155100912,0.20657939443347764,0.2082980479463166,0.2076782903814033,0.20787956530372054,0.21426498262756255,0.2120649038801779,0.20301001813551164,0.18667634968688,0.17915886398661643,0.17631318873736923,0.18326515562666085,0.1827638928900024,0.18729168635016297,0.1910715822581328,0.1890006074488436,0.18524862792993324,0.19299359675868846,0.1832933885050139,0.1798631520375769,0.1889875522003227,0.180728356815363,0.18267600276485524,0.17227937993972126,0.17837241815963817,0.16932395344275786,0.17203139062625458,0.17261590120604153,0.16233157411946103,0.154882731779561,0.14724040386482323,0.14722616514385847,0.14801475137507306,0.14537241325357259,0.14900059408326902,0.15344721126039992,0.1583558092488653,0.16179600723938659,0.17134652455467392,0.17238886091221267,0.16934539835525406,0.1641174271637262,0.17309128417677558,0.15957016716299546,0.16934641218198238,0.1495588096799763,0.1563615619138393,0.160774919202502,0.16345593717938708,0.15990222246361618,0.16405399096695894,0.1617335428205053,0.1711367972110545,0.17245087409482487,0.16885502910396202,0.17723802420287632,0.18582515340498396,0.19055862041787938,0.19800316849346294,0.19253872873675482,0.1828556567316642,0.175354574553338,0.18580615658273936,0.18629989065678235,0.18600991744189505,0.1900145685975375,0.1907563922120702,0.18978762889964151,0.19773054345335703,0.1979431376033376,0.22119759462597796,0.2017813298744712,0.2067109581343612,0.21016355204625722,0.2107845136147061,0.20387923248809908,0.19792263308192493,0.19930190001406997,0.19064472800018137,0.19346922858100515,0.20582939617810136,0.19682066281170033,0.20496584626028405,0.21063178102279978,0.2005161419791325,0.20550102859822658,0.19973739571080132,0.2112636116577509,0.23397701710662702,0.2205619536893989,0.237525313515526,0.2102282620384875,0.23286788566595712,0.2212915343345795
153,0.21965186748588197,0.21561943316371096,0.21277426550049758,0.22387329947453527,0.21320903278230807,0.22769814891085713,0.23529001639967106,0.20792604842359327,0.21618532000965243,0.22055443745000344,0.22261831948594327,0.21797641219959538,0.2214063640623657,0.20764065969227027,0.22459635305153405,0.22052300406238157,0.21960422939020305,0.22610309125017125,0.23327580672517625,0.23053390137675203,0.23909869183756355,0.2413593346730744,0.23431074236232088,0.24815818265609768,0.23393429797395443,0.2279742522985353,0.24093467079242956,0.22897354078302237,0.23813185771450893,0.2291594651758756,0.2497526471227702,0.25642065192271124,0.27334806253461424,0.2525462941020117,0.25340606205900246,0.2740217275644062,0.265283354166789,0.264170914728682,0.2611265314271564,0.2662275527472946,0.2511042712114447,0.2529600858618139,0.25024862505106243,0.24552487578606422,0.2457525879732861,0.24429523719150617,0.24585180434880433,0.23966786106515828,0.24124793243407716,0.23097458740916899,0.24518511445674732,0.2478383448178238,0.2457319347232272,0.23624253816698265,0.2432719856620839,0.23707147402642242,0.23713922707194576,0.23077098300089935,0.24388786955458425,0.233389062772234,0.2626939071521172,0.26600451001065456,0.24174171565715571,0.25324448713321307,0.26219415144328745,0.26021360532455634,0.26617300030531077,0.24286509403769244,0.2522400245448691,0.25849669808955406,0.2563545322473506,0.23593539577148295,0.24158997006533023,0.24203256312180016,0.23078495845046443,0.21643395719985842,0.21728392613413108,0.22877659927914137,0.2170968389836447,0.21865912204340382,0.22728328617170845,0.22840320830032554,0.22639988400114544,0.23222351800715563,0.22968487639070373,0.23685218744336808,0.23529733047968715,0.21215564896306574,0.2234937589553707,0.2230602579043273,0.22907953875350076,0.24019883683660684,0.2505550151069645,0.2579639391137004,0.27796044609412035,0.2667890496475622,0.2605073613555884,0.2597628257604199,0.24939635393808418,0.27013757691323076,0.2520281201002687,0.24047409556127708,0.2305264168809114,0.22872740354274654,0.24351095281103474,0.221833535049027,0.24589828511693193,0.2468119594950244,0.24220421680899668,0.2514617884362912,0.23490594065011533,0.2502525433692624,0.24703381196505383,0.259022207319703,0.26355726978459454,0.2583277135251811,0.2620197331472131,0.255678965239154,0.25329813957806907,0.24371384417418396,0.24459743587658886,0.2505088077364263,0.24405600615579082,0.2667190281263924,0.25770271853709514,0.2652344916675917,0.27297822154036966,0.27178532288684437,0.27419782149986005,0.273980087477748,0.2753765787490005,0.28431056604554655,0.28081933074990967,0.29016965942971534,0.2928977260551357,0.27315490281193067,0.29927400805083776,0.29598929208285457,0.27447639435593313,0.27902877985283636,0.2708058239184555,0.2636944565235722,0.254082643961238,0.2539411020484621,0.24493610084649478,0.2456570883114563,0.2473162199501578,0.2517097277959783,0.24999723192118695,0.2508024068913207,0.2517161032904554,0.21722534717709083,0.24163453231991117,0.2272507368102047,0.2280932850201916,0.22960852040570973,0.24276680348833393,0.22543092860392236,0.2076549556819872,0.22074668987661078,0.2156606947730747,0.22044710506595086,0.21613793606220638,0.2112878870292326,0.21811523429060276,0.21977455025986944,0.21757224851067025,0.21423030199069276,0.22282622358347653,0.21131167862640893,0.20408869091669718,0.1916805734552018,0.18753101317743145,0.1703450036894372,0.1813040476846482,0.18383169856337575,0.17948088403979945,0.18763009566633457,0.1886086471593774,0.17575698745691037,0.18890267156691706,0.19096544974057725,0.18559424274822917,0.1890327271984517,0.18124878334621317,0.18691377121486166,0.17687729992077597,0.1684334715883262,0.17185623772889108,0.17270984722163762,0.1599310173946267,0.14806247338494732,0.1527530885134677,0.1517431167238436,0.13988881781023144,0.1563342015869693,0.14879077298942175,0.15103513913888159,0.15614748729058237,0.168018924331903,0.16609012043038215,0.17671674356215716,0.18146676619190208,0.1752397399387363,0.16515962951605806,0.16716270876750638,0.15023703361746,0.15511078651051602,0.15342212721732396,0.16467561726021054,0.16565940608052113,0.16361872345691303,0.1587076276898517,0.16269233788452633,0.17161288802790425,0.1735684159699431,0.17429326278172033,0.18431505067708184,0.18669603731361864,0.20203748328064336,0.19531575196792314,0.1989141462032542,0.19049329765600972,0.1884195229973119,0.1887281140305719,0.17870174773335779,0.185050686253992,0.18877340088005318,0.1802902330024164,0.20100354179502095,0.20612264178985423,0.20186610806540964,0.2050876930944053,0.1905147477252321,0.20896415735651452,0.2058629538440764,0.20929434782562545,0.21070711461846175,0.219282816142525,0.19782277968010376,0.18951181893772318,0.19306195514883268,0.1985181594468097,0.2082130759132844,0.19864914492627883,0.20430881270588433,0.21478700389943944,0.19974509433198884,0.19775308621558363,0.22194670402183167,0.22001444739776296,0.2152582474028831,0.2243364277247887,0.21571512649133237,0.22161456510740435,0.21952763565064246
154,0.21753147267275788,0.21614281334193303,0.22188788982595586,0.22482774263418676,0.20910027308176182,0.20386785804931062,0.2173851133260637,0.22388438272629935,0.22267727601810933,0.21622564436268027,0.22786089558550293,0.22652445802532767,0.21707204615576312,0.2216369678123539,0.21560374490034523,0.22268665923658615,0.22144210441697132,0.22934786413492336,0.23443999313913874,0.22611298327709384,0.22670995983719408,0.2395501791578533,0.2493155691596792,0.24570183501253934,0.24872921544963195,0.23032490462592478,0.2383360843526081,0.246266478378628,0.23771675872034606,0.2349524077751652,0.24805923498444,0.25521194655956986,0.2567195838004152,0.2469097842597047,0.2645269959637396,0.2527405929234113,0.2660957878726935,0.27146697278297954,0.2590973672269263,0.2624901433196221,0.26590530383554234,0.2644198168011532,0.2484553769657561,0.24497016798276128,0.24688806733869267,0.24093988571113073,0.2457194870273357,0.23965594127966713,0.23129678704148712,0.23135335401019405,0.23584897872467417,0.24359367079881222,0.240897392959106,0.25007489780524567,0.23629960735953545,0.2393799654715381,0.2362539617826518,0.24478015192636973,0.23375978545799841,0.24796409506300884,0.2483039909752559,0.2532450702508653,0.26351964696166624,0.24796569375176328,0.26195277288145324,0.273737313053732,0.2568384261556142,0.25132170652447533,0.24559114280006905,0.2517317529160892,0.2501980957684034,0.2577798698005533,0.2491907401271659,0.2354441477518745,0.23726648695357286,0.22544245233893614,0.2240151033792609,0.2166069065163886,0.22184237190225573,0.23353802332384035,0.22716446692960654,0.2312130805319431,0.22360617878616965,0.22012121433353127,0.22948283158703323,0.2238913422578369,0.2235699861960729,0.22618182294166697,0.21751233971768352,0.2388548147166838,0.22560036606013953,0.23626179543837028,0.23968071964659707,0.26104597420375725,0.2671609628525209,0.27443405327004505,0.2699218239967709,0.23857251013340844,0.2708388742681197,0.27938301513625297,0.25245617623805816,0.2505412846862143,0.2535712432647375,0.24049292250852997,0.22502651795965556,0.22927499888196587,0.2221673321887154,0.23269416868232154,0.2590269787290357,0.2510439155396265,0.25773357627120747,0.24798596373510937,0.2714169713240439,0.259716774140201,0.2634984106430221,0.2613689541084655,0.2533238034609913,0.2751661452953214,0.2639581038892468,0.24087038122909785,0.25505215655843627,0.25691472709776747,0.2445670246211694,0.25229694977110784,0.25554065285858313,0.2549458811539166,0.26144660096897077,0.27594593449628985,0.2708158009574902,0.2696385605396042,0.2665716744635006,0.2763707009336981,0.28354108702333153,0.29223215453996776,0.2814064192245852,0.2744391085786866,0.2671222105297691,0.2618152865446674,0.2778011249040591,0.264980551713974,0.2725712212352039,0.27361443146895914,0.26482379205198414,0.2643175499290142,0.2508514409146825,0.2469757426395218,0.23598103413627974,0.2497918129181885,0.24595434547717937,0.25881711984259576,0.25758110384242583,0.24211544790566958,0.23089615452938364,0.2208395736369576,0.21787991641837276,0.23693618967267524,0.23115926239055953,0.2197232934131705,0.21334747142166882,0.2120688102960486,0.21400646829707384,0.21294419234466277,0.212189798310958,0.21248926779043664,0.21251945817903348,0.2161600837784078,0.20010043373127243,0.21025503272881182,0.20556169969074542,0.21118341087685016,0.1966085453568275,0.19688775636465883,0.19533568956684494,0.17690080125139174,0.1792013594642019,0.1752438153806957,0.17996124954944423,0.17784505742137188,0.17464244384157085,0.17517656253876923,0.18456119776249413,0.18162193569502888,0.1941883627012198,0.1798346193513129,0.17939163991305368,0.1766670267245694,0.1786681744475122,0.1874005236090428,0.17636499890108778,0.16761647378949635,0.16152531624364577,0.16252983707221297,0.14763352860589432,0.1516348409262026,0.14521450540783332,0.15619675243470757,0.15128818057881313,0.16490123187431446,0.15680575576469397,0.16149630863737527,0.17025987099740922,0.16748854122045725,0.17562069843946396,0.16866473954229227,0.16898167085159727,0.16517377706251476,0.1597152920677272,0.15727438658938078,0.15914133612250203,0.15321384090365278,0.1683739886038431,0.1654131758641424,0.1681958980317695,0.1645243561854896,0.16612347225315655,0.1807216570465829,0.18031950229703345,0.19369066935948306,0.19295556122152094,0.19339667360120155,0.20653592307768737,0.20805305631771379,0.19519663204210583,0.18626398921438772,0.18147788114732805,0.19312860343308322,0.18346139860606767,0.18806799735860005,0.18703220759802827,0.19541939301298833,0.1936285530196917,0.20313097823933948,0.21018895935367327,0.20755600362234766,0.19962651035991896,0.21913472342367138,0.2120686638041548,0.20695008065732334,0.19964550337242357,0.21347071268083578,0.1964659035941141,0.19057257405128222,0.1956460931896665,0.19972255075174333,0.21074879493449278,0.199250175226621,0.1907476956003791,0.20576656136690674,0.20748791185525248,0.20118311119093726,0.20995368424772343,0.2126458444013631,0.22414409396158458,0.226028134166238,0.23318955840760808,0.22598010182670394
155,0.22242566618831466,0.22069576529012094,0.21450543473679579,0.2156718680472765,0.22371468868999747,0.23021106819066012,0.22314430118376716,0.2266723775864633,0.22329577200598902,0.2270808964362298,0.21496076549977886,0.21534411117806956,0.21827806742389733,0.22230959116922647,0.23680747113507217,0.22386639205098283,0.21677889589741295,0.22859672280674798,0.22865352447414608,0.23546203872769145,0.24232632719521693,0.24236683971068945,0.24808830962278322,0.24079895617905855,0.24637322022510513,0.25256839242339907,0.24122282541666856,0.2380216163162104,0.23950346449167711,0.25099172305285705,0.2558456280230516,0.25432145525849026,0.24926184196828544,0.24397526590225646,0.25331155446525483,0.2605031625068591,0.27120331890914745,0.2657749223885811,0.25020840821398266,0.2598770929535462,0.25096479296900975,0.2574097542643142,0.2487453094074487,0.23796029574009928,0.2520130323309032,0.24463827174971015,0.2332763975770592,0.23231170915536345,0.2425105295759784,0.239891356372206,0.24349951470400205,0.23950440200459408,0.24784467932332288,0.23990781757074026,0.24885518850783545,0.24362575611458348,0.24361526621948248,0.2421580997557897,0.25238759194012117,0.2492711974734559,0.25217498287053114,0.25027974279829995,0.2586777054691243,0.25131939177667517,0.26813160017105764,0.26045578019131677,0.25855860740887027,0.24454427496936335,0.25895541681694595,0.2562353237916048,0.25246605856255017,0.25921492285294695,0.25589747463261747,0.24458589041768364,0.24875802494319735,0.23383526054185455,0.23727358930145884,0.2210114632925578,0.2299901306780033,0.23318386692577459,0.23782740653889925,0.2300127445075281,0.2284967882462333,0.23184551554303803,0.24147067715344706,0.2289059070285368,0.21694572669460205,0.23564113179229848,0.2312497649607297,0.23577019354076018,0.23640905119718286,0.24521311821148914,0.23981585924000046,0.24933061025557277,0.26340195862570565,0.2630825241176459,0.2719023743370084,0.2662600443443408,0.25504687109955976,0.2751173629232358,0.26951441598114023,0.25763389536601156,0.25923581394935086,0.2420970513877136,0.23347871800401923,0.22556582434610264,0.22842882193436437,0.2153818485277431,0.24298362114889865,0.2566971222730055,0.26516426759210826,0.2614839278221557,0.25763567504405904,0.2721466545614333,0.25033657148302074,0.24899601695836557,0.2541376443226319,0.26154113253302125,0.24918465810282403,0.24700395091040067,0.249621966384482,0.25886480010933277,0.23896153535698145,0.24517371061824886,0.2513211278355266,0.25435015112008275,0.267607326939812,0.26301650348406996,0.2743348616819646,0.2646067995642652,0.25705023189668513,0.27414542331029373,0.2705060607384543,0.2909443983548728,0.2785248826998934,0.2785043609841768,0.2722757731925555,0.26279009989652113,0.2665176651867501,0.2585949265043589,0.2810547955998455,0.28206681846660686,0.2795574046981424,0.27528084961322996,0.2520582983489229,0.2697000332531422,0.24668276064324102,0.2400595568192323,0.25794552626932116,0.25688041844357223,0.24577822305115035,0.2436655881718729,0.23645842907566403,0.23125785868074178,0.22566016429486752,0.22183419907778903,0.2250422700492169,0.22407117936077706,0.2104782382738604,0.20436428492568284,0.20228844221985012,0.2143586928150751,0.215561650391978,0.22319291278492015,0.20679493622043044,0.21595034390190201,0.1912315741473131,0.20608681147777314,0.19336790856618147,0.19300883973795324,0.19388432543934767,0.18012429748335815,0.19085550887891445,0.18090634528759536,0.1784916071595098,0.18465794579712558,0.17934191383847206,0.1841272640422071,0.1796547482354853,0.1751096177494121,0.17914067240210457,0.18531479776297172,0.19342740259076194,0.19309525418452456,0.19107862172503584,0.1861097389702326,0.17338263543932167,0.18001765497312108,0.16882151760491743,0.17084634808478383,0.1715435526379479,0.15042637848774143,0.15008973817639742,0.14496561422325702,0.1467763217582509,0.15529089751550265,0.14983628613105443,0.15555930709152663,0.1572935810564524,0.16684415624771265,0.17629118620464845,0.16999760386784518,0.16582175222967388,0.16867693464147743,0.16759528640814897,0.1686464485466598,0.167974593977064,0.16643677806714363,0.15717700172234214,0.1631566952237899,0.16670387690454358,0.16431484444105565,0.17745432964120086,0.17675491540507005,0.17068537082028742,0.16966587453541637,0.17865817773938245,0.1788597008327032,0.18921854559108736,0.19722064735895337,0.1914558319672163,0.19379318480847058,0.20217142396867202,0.1939808240832115,0.19594857071425242,0.18798227447282145,0.18020394738080087,0.18473866461633928,0.18870026062720188,0.19668812034334826,0.20473457910678297,0.20463127018162025,0.21607971581411334,0.2087975026860572,0.20246070742565073,0.2096795616422431,0.2231227736359861,0.22297871071644063,0.20855735004647094,0.2091261296822203,0.21302977074671117,0.20389894561640115,0.202716990439592,0.20013294677074547,0.19579606529448784,0.20741750219085228,0.1943800099409136,0.21121964093340628,0.1994666041405718,0.19863475543709486,0.21681993006302255,0.22590097221129019,0.21679252317133638,0.21647537467909014,0.23772201346384728,0.22994411548839816
156,0.21939261265180882,0.21856041166061604,0.22698413324993022,0.21141758129023094,0.22211960884296023,0.22354265257559358,0.21038661203262107,0.2265744320352455,0.23089987616568058,0.22298625822776766,0.22274271040909005,0.2279454354566602,0.23325083117339568,0.23509711516116694,0.2346634762929135,0.22437961577193596,0.2070737745927954,0.23378756090075561,0.23645287559121003,0.2420203585469966,0.23532062869445985,0.2454963276789845,0.25608727566499656,0.25408907955873156,0.24031169130520263,0.2393798001137732,0.2438484503459491,0.25361386931074276,0.23103394822820061,0.250945435144614,0.25163613150781466,0.24625547786360005,0.24278379741627515,0.2350300538027261,0.2629117524558325,0.2467318982326304,0.26227204345143307,0.26225030381936576,0.26065976537167823,0.2532730614772236,0.26273867172127796,0.2548337822001094,0.24969997564986096,0.239049202956885,0.24514509044896082,0.2529717353725084,0.24386933836373997,0.23925664031491267,0.23365969205926548,0.24417989351156105,0.24040417189509838,0.22873609366893702,0.23911840216393074,0.23388006184180754,0.24233776599345466,0.250277610532885,0.24733905661675473,0.23503654801282603,0.25474930039539034,0.2601530967999633,0.25319376103688973,0.264322418883061,0.2608777258871738,0.26039341661260934,0.2665207336024277,0.2656287019456525,0.24644476654941402,0.24799452901477623,0.24432842756966874,0.27014939545214967,0.2490764687854713,0.2576291496179863,0.2629892520913329,0.2643966815464335,0.24608367279040175,0.24228565408650318,0.22552349848055014,0.23912968953492736,0.23054043060348564,0.21961843882353319,0.23255693768473665,0.24745771592517257,0.23977853366686291,0.23601195371054232,0.23756912602764077,0.2362965060101534,0.21770991086902106,0.2305217989089541,0.23279609980433702,0.2275589912977656,0.2328460634249387,0.2598334142188223,0.26353481680855545,0.2546490146280443,0.255271893615805,0.26192080689886443,0.2562323737904021,0.25225164089475083,0.2811764866226556,0.2789966573265428,0.2773703279451873,0.2714638474219468,0.2681902591899483,0.2584615830468686,0.24802610890167637,0.23482633499865674,0.23069554081992621,0.2306286729220786,0.2337987043024003,0.25119327025937715,0.24681860875939324,0.24196820346430895,0.2631552265491867,0.2601261420875452,0.27393593066389815,0.2650263161856056,0.27441509669198755,0.25761847200455307,0.2604659756580074,0.24639897677815356,0.24490153093134584,0.26116381258386345,0.24487773522834133,0.2550227942840157,0.26140326034239497,0.27637261004146024,0.26372481721747554,0.2653291709350672,0.27091496776118373,0.29389486632374695,0.2819142312832784,0.2734846780192405,0.2773677732818225,0.26793965880251247,0.28077859724893717,0.27228078874384265,0.26621590578177695,0.2672237166282741,0.2630437577006426,0.2543343387142229,0.2640286164812218,0.2773684119454578,0.26500251767403343,0.27675342228851296,0.2616236497852198,0.26993239000902675,0.26435163449089577,0.2565659389379003,0.2514704737687634,0.25042074313416074,0.23669059423773137,0.25162396411627913,0.24640215398445847,0.22588115512892107,0.23237002247799676,0.21803253287556687,0.22571119495394373,0.2213682847549333,0.2303266017287913,0.2201805742163703,0.20767843384053353,0.21047106566407922,0.22167442978557958,0.20835369175890509,0.1990835865102696,0.20554480274323608,0.20172723228200853,0.1982443734197152,0.191891836814701,0.1956577072123996,0.20007192005223004,0.18645056339468596,0.1884384398933961,0.17716262232555655,0.17671527870900663,0.1782066884750791,0.17977967873040623,0.19117953458123965,0.17507079343219906,0.17299613482878703,0.16410476819153438,0.18380465244171668,0.19316049069983487,0.1854859847218307,0.18358301583010653,0.1789812760225884,0.18927536833240854,0.18245055970866833,0.17244011348635538,0.17024763985612518,0.1622580304345365,0.15579266268642655,0.15207821275631445,0.14401741121681988,0.1432966376114176,0.14448175223315723,0.15223657335797883,0.15291813757243078,0.15055216319008163,0.16100519899612217,0.17308191833102352,0.16493556024727635,0.17090938050792193,0.16736567754249507,0.16948473942846212,0.17201285335342065,0.16866450652350423,0.1712895230148431,0.16654105059443722,0.17094161393193297,0.15489129115212755,0.15875601903288278,0.1680711222630423,0.1706700831206933,0.17655718667255532,0.1725872067770567,0.1716350575586294,0.17966910316993262,0.16401357688038315,0.17387334130817475,0.19375579473590654,0.19230558617776228,0.20519751639737535,0.20193673029422657,0.19267035607337307,0.19086891291159844,0.1930411961731828,0.19725231550209976,0.19306666734708613,0.20378973285479543,0.21147824614084745,0.1992288082056146,0.20340667469917867,0.19959810695547495,0.2130742164197578,0.21169616958600893,0.2189117637231529,0.2124740518945558,0.19860754815541334,0.21183825972670164,0.2269737850102512,0.20583119715683795,0.19546106465717375,0.19539811060131496,0.19814611880817287,0.19867716305376776,0.20649074919758445,0.207368363337906,0.19885576221799353,0.20506828528311466,0.19879751896119674,0.20936158619121237,0.21402938324062815,0.21170981858243718,0.22424424183281294,0.22133658248395982
157,0.2199326970287714,0.22329942255419244,0.2191992177698058,0.2251880291608223,0.22599732568455475,0.22366462442385415,0.23421429596573914,0.21696935603396506,0.22969275667357308,0.2377315379825078,0.2262893943114354,0.22473380243618435,0.21847794390128314,0.22075700836492473,0.22406060277977619,0.22977771165164318,0.2112235804148358,0.2285126780243112,0.24435976567487222,0.23325104600544938,0.24650906815982254,0.22569217403152414,0.2609366004594927,0.23974309079397696,0.2515330170187801,0.24031434734284712,0.24256514735605655,0.25097328776930494,0.2502160708091201,0.23590850586834217,0.24172729934747794,0.25470882945648754,0.25398788403679623,0.24265234907462951,0.2505464190832067,0.23776963987337554,0.2501217738428763,0.2628100688418828,0.2608470923345874,0.2492392868873818,0.2547311170041767,0.24852237769584049,0.2530317388491495,0.26119448333167533,0.24469584782870035,0.23541996998712292,0.23608424198054412,0.23128038414269358,0.22701329900927192,0.23724895052820835,0.24735443411382405,0.23588134746128966,0.23028746547505757,0.22918215564340436,0.2352030775323089,0.22823660573377616,0.24151349347116505,0.22840794160977382,0.2549206399163444,0.2646841893975697,0.2653334475704888,0.25274815847402443,0.27184791097558525,0.2579859174549838,0.2599668668240888,0.2494634935383415,0.26253305964584867,0.2526405161860214,0.25174856285699376,0.25031334278409506,0.25081291750023127,0.25409551531923086,0.2613611305102128,0.24825968499580042,0.22695335123575622,0.24273796125469388,0.24143276046816733,0.223606899608487,0.2305270538498207,0.2300419816057477,0.25350877693814566,0.24838570621692477,0.24923148204212198,0.2505738812399522,0.22661565062991307,0.23120988622725336,0.22850047120900324,0.23096309998017625,0.2339748621085844,0.23402982075924916,0.2230393033874663,0.2474503087342132,0.2426567630634614,0.25649623814840555,0.272288939211737,0.25266611343928036,0.2606657673536792,0.26973232756483373,0.26803530371831336,0.26749089262379416,0.27915087918628984,0.2716201595599703,0.2849797492477594,0.2660510639333976,0.2630389123001881,0.245517130723936,0.23971515976047142,0.24504441013949424,0.24707232383513258,0.2459344114405343,0.24231700915866183,0.24468198776916222,0.26447157404186367,0.2570141297501975,0.2606447610212901,0.26335465545067166,0.2633619323092504,0.27899601491373827,0.2657871620578953,0.26551557399485226,0.24100019834351055,0.2570768678780678,0.25042737429526235,0.2683632235911034,0.2579312720666168,0.2574909680504795,0.27209402182192294,0.2705496646780337,0.278031498235071,0.292057928141481,0.2968021208888781,0.27885857259719227,0.28603883464043217,0.2868606644309796,0.2722105794326046,0.2754723411746547,0.2618816086608409,0.27269426221015824,0.2771545418779569,0.25911586229280636,0.2615435414269665,0.263999436572684,0.2754368227483075,0.25617574035294527,0.2841855555261931,0.265293738607476,0.28098426481967564,0.25695791519289884,0.2671954140812536,0.2433053731580671,0.2481538400135713,0.24023451303363544,0.24274880463821497,0.2397969196506286,0.22938272091968218,0.22067112038346784,0.21124639194308448,0.22401355594309258,0.21303840405911553,0.2124035152573506,0.23531152586156076,0.21631642656422545,0.21185035690744827,0.20620642834818065,0.2101419219594678,0.20793777855623696,0.19231546087074677,0.19815110110224002,0.1971609218116879,0.1999263636875694,0.19392455341980316,0.1944468893748064,0.183057530792904,0.17496190552762145,0.16839981109981175,0.17875915785250313,0.17638213696033325,0.16963938916916024,0.163317265609362,0.17019974301234103,0.17682358850056668,0.1663587697397116,0.1723579817444998,0.17806398972172016,0.17949890351664813,0.18152101027627124,0.17850171785186125,0.18096413031207814,0.16961907871042345,0.17336526987920375,0.16235000263097063,0.1671205283529253,0.15407813038645257,0.1421454622036721,0.14641345869390845,0.14580888871781575,0.14861785881666872,0.1527780631707857,0.14863805029887905,0.1559671010406691,0.16590245014951946,0.16635432635846298,0.1673749267671987,0.16478690614910937,0.16832646385172553,0.17225641323944443,0.175375167972773,0.17450975146471093,0.16808753178182978,0.16348838359712065,0.16453473649137884,0.1564180977530902,0.169403859279041,0.1831376765358301,0.1722704150257183,0.17152854353676247,0.17597407863403167,0.17745939639934075,0.1752843732098463,0.17609498990897712,0.18609079875289317,0.19846315448725227,0.2098766386536533,0.19195498718033957,0.20556098970701342,0.1962726697974913,0.18919000992994905,0.18686897351979306,0.20342385022864298,0.2063304854604959,0.21520254350305948,0.21326520279401762,0.20510044375110573,0.22513530239992757,0.21712838395216355,0.22136833572687048,0.22307915974540954,0.21877827815825282,0.20769134556806834,0.20656108207976587,0.22453135642477554,0.20335605583899397,0.20901709141282276,0.2039533438293891,0.2205179263910225,0.20099940878562508,0.2036530037350945,0.2146785236646335,0.21504086583036516,0.21558919952411632,0.21727967350054872,0.21097077584604942,0.21304281895634175,0.21025425812207216,0.23298164106324232,0.2286048815851376
158,0.22342321659368752,0.22295401622337468,0.2206697484798453,0.2189108564116983,0.2105876508648554,0.2203102990538023,0.22777685909584686,0.23003414230900668,0.24267335814490373,0.23682448414998977,0.24321306455075883,0.23058168048050304,0.2211437144683651,0.21865605082944004,0.2179024433312748,0.2175188006582945,0.2323301645414,0.21789105415549323,0.22935193048686386,0.23866794844773748,0.2362368265662875,0.25469416765964803,0.2398728526821235,0.24376654390923713,0.24822933281782947,0.24872675276503375,0.252914657895824,0.24479153745915438,0.24185913761644948,0.2381714496275355,0.24579791803970494,0.2445991255016535,0.2572876853974502,0.22692879133277705,0.24183029185227237,0.2408252944735068,0.24786396917503525,0.25607607231794105,0.26165316957558077,0.25103940679029024,0.2587182113052963,0.2505972495207235,0.23921147005997154,0.24127754207549643,0.24140463258135467,0.23119498005553007,0.23635941151093637,0.23808574856250309,0.23724031936804402,0.2272753838885766,0.24078714646881386,0.22880899839469843,0.22847090395415834,0.2263468213716205,0.23407487492648954,0.24301142941609202,0.2418464962885663,0.2474640976828774,0.24230757989361792,0.2672366383529564,0.2580381977899619,0.25668589224628313,0.26504462418728136,0.27582396677193183,0.27259821016380864,0.2567940755604096,0.2595177098164631,0.25614094059680165,0.24841756471767276,0.2613773797838756,0.25477511130829616,0.2678890733613686,0.2487647266357535,0.25754077603581105,0.26560362618905775,0.2634353185363338,0.25090683952196785,0.23232508247723566,0.23874253447715454,0.24256671123639661,0.24366210962004667,0.23592974592134913,0.24980136087128196,0.2510060561211309,0.2450833454892126,0.2376829340896055,0.22854940763387288,0.2358402355830204,0.2291598345375911,0.23539769177879838,0.24726286668161684,0.23837120944401388,0.25245559493689934,0.2493476043411085,0.24245095549392945,0.2620245597735208,0.2593205893859336,0.26348202950939914,0.26071318787024733,0.2515671907343679,0.2726471736454955,0.26840401001463166,0.2738192647680083,0.2756373081619394,0.24796078352623413,0.26384021973765426,0.2426316211629991,0.24848953306526733,0.25235098252938615,0.24817081103524513,0.26534688887343616,0.24961685093211144,0.2503912798374684,0.2587253600524191,0.2558568212881523,0.25712185935827153,0.26901097590873646,0.26904442670412343,0.2694269284213625,0.2800638147225955,0.2766795113564193,0.2540375993425953,0.26831688290573386,0.26631154858343503,0.27586779271597534,0.28161124979805013,0.2778094406179954,0.2774342021769343,0.27564238563555926,0.2865635838791821,0.2871851636858953,0.27772053934273977,0.29185423527211474,0.29145667092650573,0.28962163437955557,0.2753131782480144,0.2621362003114392,0.27550596104688235,0.26844233018035163,0.2745471880724705,0.26423418300883744,0.2677213461216639,0.25017171166946317,0.27227451931916963,0.2773032758290087,0.29500270620945396,0.2706001294375722,0.2704325728621031,0.2632976603476314,0.2605253571881415,0.260884934304714,0.2419765051771542,0.2542517787866555,0.24882155507934234,0.2292991263327812,0.2315929314690582,0.2172101922564229,0.21553991140014492,0.20964871267017837,0.2205613950411731,0.22282011805866997,0.23016045106133498,0.2163380446192735,0.20869171113467433,0.21515517679727691,0.21722614746631894,0.2043254198572558,0.19166256677913085,0.20081468576762868,0.19537885494091792,0.19098734876317275,0.19026547952668266,0.17618308082258113,0.17682721218479147,0.17391710596242435,0.16396207279719485,0.17428246747170428,0.17328277729297065,0.176023559934367,0.17182319881859046,0.16192563170469632,0.16244464523693744,0.15915800985522507,0.17144356940023833,0.1702079339067027,0.17657092818985945,0.1766032534306009,0.1840788531826441,0.17430044664849498,0.17310260357734178,0.16807003867196543,0.15971959489487902,0.16405130897613637,0.14296673529701615,0.13930413246964224,0.14690615769845208,0.15036162132705885,0.1502833958657837,0.1436650075446431,0.15707606030477458,0.152969553839948,0.16007580702315605,0.1676542240666448,0.16168375990265302,0.1708827403737491,0.17380041134999566,0.1634933527587142,0.17011401702200124,0.169540281534178,0.17538647519219955,0.16694184157617065,0.16015156981482678,0.16809651125327318,0.1635523542702127,0.16410000715916873,0.1666935132804277,0.16907644197090216,0.1747321818886037,0.17908920146497104,0.17593226744800686,0.17941873899189562,0.18876961931660663,0.19016859593826496,0.20436357907766775,0.1978574693344061,0.19410659888613124,0.18716929305172578,0.19823927010005654,0.19816637726820824,0.20950037274318678,0.19756243941416965,0.20684231986046617,0.21143632418937966,0.20766227140189444,0.21941600327700084,0.2219504347267425,0.23216652444594338,0.21921012009770835,0.21161000624066245,0.21218647595851603,0.22145969629616075,0.20419922995083892,0.2177956492941323,0.21788628793703751,0.21216996268443986,0.20369894982971978,0.20334827376227088,0.21258606835265795,0.21398192985243245,0.21512074834149472,0.20300813900388587,0.21025629147085037,0.19647852991057943,0.21203424101504512,0.22949038788501916,0.22085320190864205
159,0.2137963074070386,0.23065490789606213,0.2312843782479176,0.21965454806795182,0.21635772191599104,0.22533735900486554,0.21105109026003813,0.21883631850108504,0.22502273554969243,0.23923603721393605,0.2293652918651519,0.22656243309405488,0.22834562755805782,0.22308624834875096,0.21264212320677234,0.22150834894212648,0.22280770229736144,0.2361197419942218,0.22025551927865275,0.23309979951942145,0.23271077901698356,0.24005391875836035,0.24036741891423197,0.25994412117758076,0.26005188132997936,0.24927739640648175,0.25397267894533876,0.2610784345724845,0.2632406775794472,0.24381992873830552,0.25155444745014616,0.24494224837337888,0.24746153356402098,0.2528564288478411,0.23781596160141277,0.24592217999065938,0.2383708252353281,0.26474575180055687,0.25084913049816876,0.24978784429807202,0.2561285553837011,0.2571265957615788,0.2538218469761405,0.23993615778335267,0.25012678445507425,0.23834826778234997,0.2405502984130461,0.24181063638176947,0.2361804251257799,0.24087626032106535,0.2229827154865554,0.23182058636728212,0.22958161150096737,0.2433391574523322,0.24939354009795658,0.23884574016072815,0.22906629951029558,0.24658775119798068,0.2531826842757745,0.2536769456449075,0.24716746307220977,0.258923220406976,0.2517903027359819,0.253465584928748,0.2715607503475745,0.2526684405909025,0.25583090078870974,0.2712976300803523,0.26051216012272155,0.2579419626447963,0.2609582311901507,0.26159473566873576,0.2575662767089405,0.2494405181595543,0.25815408401170153,0.26241097808813935,0.25648737923517884,0.2389366662881872,0.24857016465709392,0.2447234576037954,0.251663944897864,0.24869388112432286,0.2467084359430604,0.2550586167124786,0.25386042336977954,0.24154803008377657,0.2358110760191114,0.2372851720479106,0.24487694583706188,0.23718913976295986,0.24108012057160746,0.2586455435875243,0.24558022899864038,0.26161521617113065,0.2573854543889777,0.26391860075581125,0.25831760175687096,0.25442278368406407,0.2460444652152459,0.2634668627011036,0.26000757452751705,0.2687404252199095,0.2599339461379343,0.2732920510355454,0.26617238742003374,0.2632467389898322,0.25626836612554127,0.24967755339442002,0.25601652591067225,0.24786756478676192,0.2710360129193481,0.26031068799317575,0.2484418760169113,0.2463357248589834,0.2594047952435233,0.24804718343202256,0.2791540930480558,0.2657804301700199,0.2771577327559079,0.2674206868967401,0.2731284876681303,0.28733795728948297,0.2984317323916671,0.2934472203113428,0.2931291441532337,0.2904818487845272,0.2719818979148594,0.2740955596356006,0.2753004998995436,0.28428503587030385,0.284815093113027,0.2722839235103141,0.3028635439999256,0.29837126804541453,0.2910723820248167,0.2857129991314961,0.28540987805509277,0.2657082260969001,0.2718904791084891,0.26888959685044256,0.26278041852979384,0.26497017953241814,0.27185855238396256,0.27355080679593374,0.28906532583424605,0.2836285861037516,0.2691664954319808,0.26639373073153544,0.25045153627199823,0.27232091648034823,0.27230210586756726,0.2574293143669226,0.25397911175755516,0.25077243674958655,0.229034391331737,0.2327852185922153,0.2276821584942747,0.20955180208833646,0.2138860696529824,0.21656027786547213,0.23770635904960122,0.22492586534920156,0.21940069552325037,0.2040829437344286,0.19866251536996393,0.212455901881221,0.20146998773664748,0.1921685441582674,0.20420976239116181,0.19976212396898055,0.19695200665593626,0.19609299513108433,0.18663655091449716,0.18434531295874038,0.1852323770599945,0.1715096260406961,0.1581302654586004,0.17327878735550803,0.16535224662234393,0.15851650924638638,0.1587331372994275,0.16441229817380004,0.1650558798562103,0.17268205168809103,0.1644669353784417,0.1713020262270167,0.17621419896063653,0.17525119983875911,0.16942734292802822,0.16942972268207335,0.16783181838840075,0.16639688810085812,0.16262885337860133,0.15297765523899912,0.14974592056224825,0.14853541022592479,0.15516901382973047,0.15564708804196775,0.16211574633219167,0.15878095144884102,0.15927616854162746,0.16664086067069922,0.16298708780341994,0.16356259792638098,0.16288830346299238,0.1691817060005584,0.1706906373372472,0.16672806119992273,0.16342082551769993,0.16181020198175283,0.16171172134539893,0.15958982555183085,0.1613535407411317,0.17126136454825408,0.16850791307141944,0.1826736052064563,0.1618940173194183,0.1786968100898091,0.16977815119226874,0.1761549696815633,0.18036625999060132,0.18898189520602432,0.18520022074789708,0.19223191837556683,0.19164813617903909,0.19202470208445988,0.19348000948192481,0.2004987364380345,0.19474109156970024,0.20609634980013905,0.21504393578160913,0.2025380946054975,0.21659393925286582,0.20656231870708539,0.22142298439413874,0.23141814071107944,0.22889620904792052,0.23034150495037553,0.21849273448517834,0.22057322852876618,0.22518911804411296,0.2176648490591101,0.21091516157788795,0.21976437889822129,0.21289320494906794,0.20784788040096547,0.2050970907238212,0.21242885096556388,0.20040487413934707,0.22022559904362327,0.22740038728597764,0.2202838711837759,0.2070598046779408,0.21495883514317482,0.22124053499911703,0.2259998235131095
160,0.20247736482968925,0.21782278175617287,0.22390613842521465,0.21656017813580158,0.21875364589609525,0.208743759068821,0.20735972107022882,0.20429041939140538,0.21784108930087678,0.21254461195612462,0.22284659364523063,0.22232540903253456,0.22257014052348656,0.22318355962463926,0.20144305539900054,0.20847707254180411,0.21157161442012812,0.22071314541509068,0.22784206074324193,0.22706327629684148,0.24969175392240434,0.25094416393675384,0.2568816014243404,0.25235330677853196,0.2630498145767275,0.2591641943419286,0.2424642425401518,0.25448840511745197,0.24654534098621153,0.25293562363552774,0.24285927824485828,0.24201300266218376,0.24522666956361777,0.24433062166880123,0.24147857257882238,0.2284214057818703,0.2474809075644872,0.2468992098134809,0.2528902000625992,0.24924973198917363,0.24493982318379504,0.24967209186793574,0.25160658314893897,0.23454652343365553,0.24005828548021782,0.23801394352952426,0.2365925145223457,0.23797081611017856,0.24840400862638454,0.23657884108011099,0.22033815066240567,0.2261046010578735,0.24217482802247625,0.2303980504954037,0.23846975197094222,0.2430479710717135,0.24597490414473672,0.2406392137908,0.24556207810252298,0.25184306720618216,0.25576139968565637,0.2528121837375993,0.25451477563799496,0.24726246814128444,0.2614303473919747,0.279632728295253,0.24882281553470265,0.2614327552655464,0.25261666653406945,0.26654037229931643,0.2631128143561718,0.2642700823270492,0.2615483592814177,0.25753781100512046,0.25643127988962766,0.25394168677013135,0.24149942441511174,0.24934812107131296,0.24575190893472948,0.2527283721277227,0.23302273752750208,0.2522005329564776,0.23565160389150333,0.25636515747377897,0.2663103221762553,0.2580756322642545,0.24114863056882138,0.23763953833680487,0.23037168560152038,0.2537271843157315,0.25002117968793713,0.2669979949524844,0.25465136004294536,0.24225480510214645,0.2539884688661851,0.25066171111064345,0.2497229174258333,0.2727099602055563,0.2592525280387252,0.2563751928142185,0.25475868587934086,0.2607684226360414,0.2561674823558762,0.2626037962247433,0.25338622420883133,0.26227325126160933,0.2554953497592598,0.25453939058920405,0.2558426825083614,0.26166702695233646,0.2773901273840756,0.2665741296906627,0.2576410141519638,0.25533303060243234,0.26510016619593973,0.24928480088962934,0.24444710598062644,0.2655773297680355,0.2670883837326654,0.27800909244651706,0.2871527633681749,0.2951385912624844,0.2915439274775152,0.28714152329573694,0.3021085385550599,0.3054027898413948,0.29197051775456234,0.2789073761323068,0.28606188757582646,0.28922577934975263,0.2859097725296136,0.2887333834124463,0.29556499673247605,0.29689849764470405,0.29695456092974176,0.27890031193413706,0.28229942918771705,0.27826846990330323,0.270509797943608,0.2699864696054604,0.26387120479933696,0.27430012151683125,0.2825797262052217,0.2630613230255213,0.27825117054663,0.28228577913013353,0.28784122878852114,0.2784383169772281,0.2867035034788671,0.25630672417773376,0.2561763302200653,0.26422201485520463,0.2533308031530578,0.24648369738317372,0.2431234220686753,0.22299863259160815,0.22333212590136195,0.2208510660791498,0.21574696746712757,0.2250204557716567,0.21343100038911447,0.2244988393189409,0.222287325210698,0.22040381118978772,0.1993665355171034,0.19349373149741636,0.20217373294571625,0.20314553440525332,0.19199874944459247,0.19304990844787737,0.1881789755953633,0.20743789656178105,0.18988995868369912,0.19327972543450572,0.18559838805592785,0.17726512448852133,0.17261800777174038,0.1763241504333512,0.16672706304848492,0.16620791442145125,0.1575382438922881,0.15287553855711497,0.1599178344169865,0.15865380782688845,0.16581789590569834,0.16808486125571376,0.16272924144508516,0.16128946449794737,0.1633404320493935,0.159665909797337,0.16522497696694538,0.15480429290132064,0.15664444560133728,0.15662713357411648,0.15754477344141607,0.14294369363886003,0.15045235844621926,0.15014400630474617,0.15935048880391195,0.155770781945497,0.15624207570464285,0.15865574400233481,0.1739277184479936,0.1745937929996361,0.1703839177330949,0.16084934620870112,0.1652553011814957,0.1646688680012617,0.1504430051443091,0.16211623160380903,0.15568579904686583,0.14926947316085526,0.1600411266339334,0.17346849076758264,0.1745447939963689,0.17285506111379362,0.17706617266819663,0.18217261816281707,0.17544726398807237,0.173755995910008,0.17895597366668695,0.1815855977539928,0.18989931580290167,0.18636223062191318,0.18356796777452022,0.18996408495315686,0.19445991876912788,0.19326690862066098,0.19549949054546037,0.192060121823358,0.18992459107428997,0.21493918608920087,0.21382515720692385,0.21191856281027865,0.21009620125135206,0.20977194258974044,0.22543933775787042,0.23036097075244383,0.2166290524074384,0.2300623756223422,0.2144260275819424,0.2139816834967733,0.22232776389159986,0.21780964139869796,0.22465148824394057,0.2261173046667801,0.21525210142527162,0.20569919874430487,0.20194828994098543,0.20632160140331268,0.20552743393968698,0.21203214164984316,0.2139488221942898,0.21355325727517227,0.21561630534921442,0.23251062309227627
161,0.19741315530256073,0.20696590173171098,0.22522080166800848,0.22596168259755595,0.2296080974515742,0.2070163275619572,0.20783950528966225,0.21492097396063423,0.2075729703110583,0.20780624746466275,0.2340889426571935,0.2216580457730582,0.21490395097504936,0.21103578297770412,0.20900159478294342,0.20014408517597837,0.2023268080215107,0.2125387392125989,0.21453275008683745,0.22908233438875386,0.25643423218083466,0.24669775651147285,0.25194978958941106,0.26046057800828104,0.25799423407241934,0.2543683073169284,0.24866954516510487,0.24190335961761908,0.23728560914375316,0.24160860621311914,0.25361737314003535,0.24283674336303004,0.2439062336690648,0.24957368988461479,0.2508044281280572,0.25242420666190707,0.24375312937063032,0.2480961929213512,0.2473555162699933,0.25407854866588364,0.2547833244199022,0.2513645332045277,0.2519057031239549,0.24607970642219076,0.243770472993373,0.2443809225748934,0.22703677023552551,0.23987301838047714,0.24150103703212228,0.22654214067883616,0.23334607487754236,0.22421021751285763,0.22332703497127107,0.2302935104783265,0.23271479782446525,0.23685000596415004,0.25057076563383024,0.24176659833759154,0.24796529407860837,0.25782795265128916,0.25370381625459526,0.2592417831432812,0.2478377741496026,0.250371562698615,0.24968744193580897,0.25884989908247713,0.2613948338327077,0.2727947449975328,0.2661920004488816,0.2719224095824498,0.25748741070586517,0.2490262908611161,0.2532812261676836,0.25664747744899896,0.25219472589145786,0.2507028089776873,0.25588097684455713,0.2484993173357277,0.25592870550089203,0.24407769876504867,0.23028126155774975,0.24033150162632594,0.2426854280078833,0.25563893523807146,0.2613533071461451,0.25475223332198127,0.25972634263601874,0.24944413664131743,0.24381021643264442,0.2504715480747517,0.2537277685448364,0.2569803995402267,0.26407421654526697,0.255258374912871,0.24882247177351663,0.2582920266978603,0.2693376087363646,0.25750816257562886,0.262777393175837,0.2656494982711308,0.2614977762357227,0.2633971066270071,0.2487237746673945,0.2561385814624197,0.2657834900979168,0.2587855365023793,0.25449660898659343,0.26356697977210686,0.2565340396161719,0.2639313626601083,0.2517653739204191,0.25402005165299885,0.2542687570078246,0.25174334585865843,0.25273942901264795,0.2574761461054781,0.2706225612409512,0.26674543759388875,0.2741687803023427,0.2833426817178975,0.2850926363014966,0.2798884647913901,0.2981158040843104,0.31528913134830255,0.2895029543368151,0.2811959102771151,0.30164629818048416,0.3043406753451252,0.30512865874041667,0.2975260523714671,0.290372176588588,0.291753449796432,0.29549898943925756,0.2874908321851714,0.29079370444134683,0.28617652117807124,0.29954149982345146,0.2842581989271919,0.27006232361130733,0.2793289828958677,0.2628518269947581,0.27266035762391533,0.2824847452470323,0.2741833005165998,0.2818642525879999,0.30989316674754364,0.2942645866775874,0.2821363216933428,0.2854348520078281,0.2792260932496756,0.2723447451219614,0.2576849176787782,0.27639170184442,0.25377509557014644,0.2520037479987043,0.24470542637736617,0.23480978992841564,0.22956881898243692,0.22461657461339093,0.20939220005632853,0.22872935220899362,0.2441614525725077,0.2192309672620736,0.2250898957359399,0.21708629168862126,0.18831976345917542,0.2108822856281489,0.20466387849856757,0.19710940637555427,0.194127159535201,0.20019049802950056,0.20146238452977308,0.1988010619638649,0.20228826522111396,0.19846446144949662,0.18171316801290915,0.1735354474775473,0.1681671251902923,0.16403321612739966,0.15636336210320986,0.16409830682394178,0.1547248249427823,0.15231160690315723,0.16468134297203313,0.16055594829801415,0.16262776742858395,0.16437709462564593,0.16294337219115232,0.1606966044001235,0.15300266661228185,0.1647664178857115,0.1655838209543055,0.15999540128569675,0.1618030485701065,0.1656806920721949,0.15386363912742204,0.15564637126228884,0.15328935611921368,0.15229196838493594,0.15690869123579948,0.16276446686209634,0.16562374482326303,0.17858159601013537,0.16734798982372587,0.17279135089844164,0.16953626065833227,0.16169902453840676,0.17336495052886902,0.16339332100745396,0.158463410968741,0.1589210405590222,0.15737907920239727,0.1645395859098057,0.15909634408541934,0.16841047469702775,0.1685524617963306,0.17863053543389876,0.1772282707466385,0.18932597410502003,0.18483916587187793,0.18147629325487238,0.17528953945794382,0.19316676203701516,0.1868833885131255,0.18822638437889538,0.18376792010856416,0.1925377977317118,0.1927727309846356,0.1782586445932516,0.17771038182820503,0.18896109632907568,0.205385462350813,0.2148795075343517,0.20575362716947684,0.2030335367986275,0.20707420371772792,0.20474476200586963,0.2175306211703899,0.22387793890850605,0.22456330945602632,0.23153998456289435,0.21831988806783764,0.22754741176829343,0.2341436585363782,0.20127551197032195,0.20968076865829954,0.2106316840233023,0.21144036508405725,0.21396887339333032,0.21720619113366882,0.20562148911767172,0.21196892631994232,0.21678693239122712,0.22812942193129748,0.21247537284554022,0.21450000171842068
162,0.20101396031787538,0.2087689466623381,0.20491582552688292,0.21257192234523828,0.22321881588988407,0.21066665523691036,0.21310748315509126,0.20286182117068796,0.2041009377010357,0.22357940703174525,0.22741127860862048,0.22075863496866657,0.2056403810784185,0.20263838708607745,0.21649541341593143,0.2150188822989182,0.20512009075899282,0.2053786051614789,0.2156882565632472,0.225992017890539,0.22028021921307053,0.24938647692485094,0.24736417368978558,0.25501398626085836,0.24355065393909242,0.2504574185380087,0.25710409862289946,0.250013926035641,0.2525759528193531,0.2378503528333293,0.24841487632008755,0.2574850391700924,0.244263963605657,0.24342820686068237,0.2505212673117488,0.2651306887374665,0.24950353319246754,0.2389876176476551,0.24644805783965665,0.25745895371815614,0.26066276634540364,0.24712518076737044,0.2514820546787062,0.2462198713187744,0.23951201253937587,0.2452438356847346,0.22401463914728806,0.22629642860367657,0.22875542380019673,0.23759751822445066,0.21860958510200584,0.24995170295145908,0.24104831501055396,0.2334443675962208,0.24912941028528457,0.24005872768432873,0.23063393029922932,0.23462970793390167,0.23271061826612782,0.2441974924136998,0.2512991386428131,0.2603652379714322,0.23725419493078082,0.24129848767470188,0.23986147500227692,0.25652931412805163,0.2663894370065061,0.26277376279706505,0.2713301156908333,0.26300923616991045,0.26665577887139097,0.25942331225444076,0.2624526728290884,0.2653493328198542,0.26495126659948015,0.27848512324893415,0.2631528028111413,0.23837977196969537,0.25859075848018903,0.256681754991862,0.23447524590693566,0.24551775258121733,0.26205895205960356,0.24476611801317708,0.26245448579418645,0.2526765857903737,0.2451731460855676,0.24289165832376516,0.25564541025448834,0.23888776100247916,0.245915101883201,0.2648591616140522,0.2572633970456019,0.25553123856643506,0.24941972726578704,0.2514258922443657,0.2632825041521726,0.26345533651069525,0.2650562199091428,0.2586098128533907,0.274809030516653,0.26213378595892906,0.26077022396671107,0.26922724060387015,0.26059015247923917,0.2696758150567955,0.2535589823045151,0.2599088095121769,0.25962051076892084,0.2558108731104539,0.2685449562695374,0.2570869310782066,0.25424416822793766,0.2621265430348192,0.25008405349068036,0.2726660080955374,0.260346054258493,0.27793740605619693,0.2740905106553062,0.2910703713749777,0.3028579650986563,0.2868329238866087,0.29508558864809753,0.282055777474228,0.2937818761536275,0.2970564591172699,0.3014262010094154,0.3167415225449964,0.29632343540930284,0.3088474358235028,0.2970639831880759,0.28354369854527894,0.2904898752055133,0.2760132939497976,0.291255409312089,0.29588230955795763,0.29134998495522185,0.29059156240313533,0.26981929301037116,0.2588189076940967,0.2658967321994588,0.2817000992508932,0.27032860295342204,0.26197026535342366,0.27508695750887496,0.2916432975041428,0.2927662432976244,0.302579151022701,0.2860263209677887,0.284332170292287,0.2695833091511636,0.2623161321266555,0.2618568866355954,0.2671437389039475,0.2603868213381403,0.25205017308036265,0.22774680862639557,0.22729495693341673,0.221113113532332,0.2268094262652369,0.22571363764755561,0.24997927260143454,0.2339883311719922,0.21452079610601585,0.21204459167758627,0.21340755984341217,0.20287611980777148,0.19277295292257168,0.20334290327289709,0.20602375576760215,0.1905569091935519,0.18729241948517442,0.20684889251907487,0.19673440673372597,0.18228129276503519,0.17517821631823585,0.1799970137593476,0.16965681123086623,0.16336258615052107,0.15229407239076698,0.14945863102745355,0.1548032235548426,0.1518262970561781,0.15286286676062227,0.1513014186065119,0.1595004453454112,0.15444825290765285,0.16552099944030982,0.1621869848151635,0.15572200971710687,0.15867908956240193,0.15683067078697524,0.1530706759430499,0.15528231606048246,0.1516404274630985,0.15938920336138307,0.15459270629760805,0.15976796370381557,0.14791662874411368,0.1523512423385641,0.1619832841962154,0.16013486573945623,0.16380350862897508,0.16735022476997263,0.17255843765191226,0.16643298408543022,0.1684173385331364,0.1667522490037994,0.15755964731361535,0.15801888753320142,0.15801415752884182,0.15816631629825317,0.1646006705090079,0.16387971499670162,0.17631432547416986,0.16923551213830434,0.17946022172883713,0.1781129513459955,0.18946434814488436,0.1769855867586967,0.17567784685612678,0.19095195099181783,0.17856765689719256,0.19418840741474788,0.18918334496807346,0.19600563628926299,0.1884291113701381,0.18863514055495528,0.19202196075408523,0.18311722570870634,0.17944716437505018,0.19063186644577707,0.19728985335497906,0.2034559710020426,0.20471624173711347,0.21393965937264744,0.20420111070391161,0.2080845808449803,0.22497243036248793,0.22070338798344807,0.22098657959592446,0.23771719661120136,0.23257814374419555,0.24449805014214918,0.2194661777579151,0.2198954281348717,0.209596053005365,0.20266328597168198,0.2163278828681036,0.2093538249619086,0.20804270888192886,0.2176121300632584,0.21884140784163622,0.2272217498246746,0.2166396772533948,0.22427093827468636
163,0.21655748545205725,0.20378352955409376,0.20154048066528377,0.21799874830497307,0.210410059900081,0.21450943550193743,0.21487624202204927,0.21532383194405363,0.21797560914629485,0.2234365412710752,0.2280588867392571,0.22373761279821033,0.21745189664831577,0.20930003453581564,0.2243573491257119,0.21325557821017577,0.21560036909418456,0.20739534289940845,0.21669310867270977,0.21911585308081175,0.21248183094634893,0.23246790405265236,0.23218903148863465,0.23600782362087147,0.2329926387539022,0.23492070743627422,0.24395493053784711,0.245157226799131,0.24561438572399338,0.24199305373636118,0.25875395701626397,0.24279715860934767,0.25059217178304655,0.2545095013152907,0.2451184490339705,0.24053805781005289,0.24762164250519392,0.2622678161596182,0.2440737647290584,0.23868476536994745,0.25991658963657405,0.2479286981671131,0.24950146498982123,0.24283344438707352,0.2394472204318591,0.24095614144793923,0.24583312393343912,0.24068914268302616,0.2317637984268975,0.22607487531976275,0.2285285162867305,0.23345630096778291,0.22254318535609638,0.23449387316939677,0.2346097733761633,0.24073376050021034,0.22867189985993355,0.24684691276044463,0.2535940151924165,0.24010245463804256,0.24261541998525632,0.25860921738297626,0.24237632709100157,0.23889540695045994,0.24560262260680327,0.23965881080347493,0.25393642432357705,0.26225694629352936,0.2693853662726625,0.26132863499337233,0.2498787357577471,0.2572231189802844,0.24530437843910785,0.2532269942279749,0.2658667336490689,0.2629147793566666,0.2613496964417128,0.26593346972824927,0.25919224299732985,0.2580667188016297,0.25077388031592796,0.23575987902865986,0.24841590591572513,0.26095763031230945,0.25197009516165714,0.26284032771103016,0.24817275391984434,0.2428755516309282,0.24717150388646317,0.25672904187362605,0.24921340558178515,0.2569236007713213,0.27076404905954116,0.27507428957801433,0.23987539340279107,0.24738205905599311,0.2609654418321653,0.27317817541234857,0.2647384367061607,0.27656677150501496,0.2694691174573414,0.26500678904438413,0.27323793846803385,0.2716476798093724,0.2506341239066976,0.27891636718875734,0.26598123610414426,0.24620887288564436,0.2645483151799069,0.24832594680291767,0.27656358743071763,0.25669830440966174,0.2513465914098402,0.2515295419857325,0.2580851402970573,0.25850681686853855,0.26381956505123616,0.2700840889401531,0.28030058231929034,0.2850571902022777,0.28266823034776345,0.30472072995390065,0.2945893213969169,0.3011175027230287,0.30665496452633556,0.31445318650412685,0.30241268212832284,0.3064375630873823,0.30721541267171837,0.3065864805570423,0.3192574202360172,0.28868751356667594,0.290722068500778,0.30558427344786593,0.30391490510405395,0.3015226907171216,0.2940512297483931,0.2839644674096488,0.29071001932905743,0.26128471229132144,0.24641696257571896,0.2604413872706871,0.2643918112244304,0.2601806533928789,0.26893975196286385,0.27277715783731016,0.29931191116368466,0.29688140728523865,0.2932344560147175,0.28382980576535577,0.2842856904615432,0.26910204615805433,0.2573392316909246,0.268363841520973,0.2472691295426303,0.2434028729389956,0.22694488560731474,0.2385851451386019,0.2346361910818836,0.2216179330231959,0.22263380047243703,0.22726094069038175,0.2366146333967409,0.23893831680990577,0.2276139628028648,0.21509380386880989,0.22961787846527246,0.20564634732136353,0.2094797755987776,0.20801114280186586,0.19253314277402347,0.18460425202803565,0.1868176479613068,0.18799777096907003,0.17996924718569715,0.1772363101675082,0.18029305593301634,0.16881214957042023,0.16678120219478512,0.15020382766646626,0.14064652293479735,0.15497905199822762,0.14327519229069044,0.1510667896393643,0.15639684940361437,0.15709378367334137,0.15287870667036718,0.15210938134918028,0.16566093186706346,0.1621393396798552,0.16047640991455256,0.16357502675297111,0.16043558418842122,0.14735979205372216,0.1542211722799562,0.15120007270603822,0.16006047448975338,0.16436502116636192,0.15977248868367128,0.15150536080074894,0.1630040143351926,0.16486763192593676,0.17348203183614375,0.16866287540100203,0.1751704719246349,0.16875393170146233,0.1663308856566005,0.1534058777727599,0.16407869756430665,0.15557757577978934,0.15486668423084826,0.16638957023059042,0.16447780440213605,0.16197269190216002,0.1783931606079747,0.18049995584419995,0.1799574373297901,0.17957873171284883,0.17623960062786398,0.1791021915320161,0.1761217937601953,0.19332913152262887,0.18520798210519246,0.1830423150752528,0.18843076009879023,0.19218314669907868,0.18778530332808893,0.17895840484520886,0.18616545666535414,0.19082044310885282,0.18242955552084011,0.18519113781423735,0.19842105754169945,0.20174616130535755,0.19662324533203987,0.20641345346235654,0.20339074167599427,0.21579868802125982,0.20871996823640163,0.22235581934860504,0.22366508793048143,0.232585427079382,0.23050826400684182,0.23037115515172193,0.22074989211447282,0.22113103569654663,0.22334457088570997,0.21032887553366386,0.21797309962379954,0.21623963518556363,0.20831430783383798,0.20852090445395813,0.21586180289404772,0.21287193112720246,0.2148078261100395,0.21220372344225671
164,0.2171804856779327,0.20806666206276725,0.2013567950363248,0.2035779562019857,0.209697619327998,0.21358354965552614,0.2237719260769562,0.21421190330625897,0.22918975481376572,0.23874264442218004,0.2184703477660817,0.2294912333604104,0.21798399116083522,0.20320970248261871,0.21225997072716216,0.20447824075177284,0.21327679215503623,0.21574716617751954,0.23099671295632798,0.22775163321643688,0.2167128681646974,0.22632675672255012,0.22258428560553228,0.24111603870175566,0.23203922164731827,0.23940873946177843,0.2372814567657572,0.2354412744794271,0.24412271989132706,0.23086659623428987,0.2405051054363053,0.24051008953918368,0.2407279957455642,0.2428464168898895,0.2573024964934689,0.24034107535558938,0.25578319037217134,0.2483869072711999,0.2374646675819343,0.24166279828389384,0.25154923447447425,0.23641106530800396,0.2568354692109789,0.2688190240191248,0.2498932354281265,0.2522011136703339,0.2374722679817538,0.23624253816698265,0.23515450326230852,0.22797661449629056,0.2243475855624874,0.22757607348936984,0.2336537200988897,0.23799448864345402,0.2369526663308437,0.22914305556329376,0.2255192403669745,0.2387483066594417,0.23821598468515814,0.23339857491379945,0.24378372008657043,0.2586425658378003,0.25299561854666747,0.24598458940173293,0.24649692164562612,0.24825585504370937,0.2441271606270682,0.25944660972630246,0.2680408583427208,0.25424124115062857,0.25403993912612766,0.252612594867289,0.25853419908003616,0.24407977820968824,0.2488582827824082,0.2568472971937813,0.25693306636093366,0.26496346833717027,0.25372601586155735,0.2523335513431277,0.2571514633104014,0.24125298748146323,0.25799779841910564,0.23847683542610143,0.2706611981502646,0.2548302615656206,0.2549253357713176,0.2588141401175387,0.26326613644099517,0.2592573036907616,0.26679642140327064,0.25508798311134606,0.2747767610813882,0.2706792721464665,0.26840401001463166,0.2531920120423911,0.26283185487651084,0.2672747918524796,0.2520948652989736,0.2700094722576577,0.2733058955066617,0.2839703521417704,0.27790924860335875,0.2549141832569942,0.26256268204768407,0.27438097815118373,0.27025889702554934,0.27265031263015344,0.24215453120844768,0.2556836750631245,0.2541335481407837,0.2533535534880483,0.24980210861795776,0.2585788502098759,0.24608089632594135,0.269733569730967,0.25706917275551133,0.27666677008743246,0.27836139225510187,0.28913721930417857,0.29982441846332153,0.2850611284401029,0.30071770618067445,0.29365270112708747,0.3000675276464562,0.3112354086707801,0.3232019705593805,0.3006484713411907,0.2959177389771298,0.29642648212112516,0.31476178535547017,0.3007828014672302,0.30795694309793614,0.3020556752537222,0.30998879792185957,0.2967078249960498,0.3100373384616832,0.293986914375073,0.2804632743333499,0.2851188955129382,0.26797359341377364,0.2622919730306206,0.26669262127359883,0.2708164245346344,0.27463001460608216,0.27548502743689085,0.29286333255579405,0.289223115494148,0.29486824163470465,0.30122221657559634,0.2954357179381608,0.2929618031472604,0.2793489221488064,0.2683113225612553,0.2457885231069323,0.23828801527422291,0.23202078937263032,0.23711798732979314,0.21636355072466873,0.2349593326504833,0.2354587857218804,0.23390537406241144,0.24835796919833888,0.22083870918540216,0.24816458247833909,0.22050040932229595,0.22813141803217382,0.22435523106797065,0.2147432887714293,0.19760606955619933,0.2019150263574188,0.1932948574893215,0.19067581001383407,0.18083900132594136,0.19156395727589634,0.17707807819837523,0.17229985025306616,0.17721349875138753,0.17147870694372502,0.1619695963977214,0.149800064376046,0.1484526655498204,0.15005310964088014,0.15191092212995175,0.1413032009307098,0.15517830364411697,0.151500128081336,0.14738286683546428,0.15343555196975295,0.1586680922431099,0.1605758020789069,0.16356564855090747,0.15924965494550258,0.15785414853889038,0.15014850072357228,0.15918476476860893,0.16989492262279796,0.16440423476010044,0.15274992300340695,0.16168450448559812,0.1510560068559332,0.15846560023679115,0.1687880516215508,0.18182738799336443,0.1776442275917667,0.18595869937656825,0.16754319767933384,0.17236258548544778,0.16113240898657652,0.1528132456702445,0.1566130689608187,0.1597400073208223,0.16230541146958985,0.1647625102284641,0.16662693276993265,0.1729291472959601,0.18554335275400957,0.17226101426746268,0.17033821817870298,0.1869730876589652,0.19049549080377193,0.1806674854326676,0.17693249429777752,0.18161729373477556,0.19094913704061053,0.19778208460340818,0.1936328331907074,0.18199711347163128,0.18679351734577063,0.18394089699158359,0.18236529772538668,0.18735535041268064,0.18976154166345605,0.18914619101993368,0.20432880731732977,0.20243060356536102,0.20351752383063743,0.2109302658370182,0.20696718843853093,0.21616978967254433,0.20669924961452993,0.2067508958389441,0.21991492262443896,0.23011694512735567,0.22832906592368554,0.2222355846661387,0.21508890073400982,0.21224477125074698,0.20405169185846506,0.21263659049836264,0.21576286487683935,0.20271348033611702,0.20678527033870564,0.20347385815179292,0.21160781362681547,0.2127656918833282
165,0.21175623175312017,0.2044883638161483,0.2138614957700751,0.20509335995507402,0.1995124578257431,0.20338206849137297,0.22852109689756728,0.22364299518287634,0.22207792963589196,0.22633806566965073,0.22948542078000053,0.23641460365234893,0.23136773764847568,0.216649005599374,0.20854933050920452,0.21997929202885588,0.209100658259054,0.22043862833869127,0.22173257473057587,0.21995366355732907,0.22694796873172926,0.21389478691911834,0.24168160699730254,0.23534755997027137,0.23029340442427013,0.24722967616641803,0.242496402438877,0.2353647390739612,0.2607227930759797,0.24858624832357143,0.24116778798058291,0.25159673446704817,0.2548537333809821,0.2591128791283695,0.2605733521528101,0.26125162472091146,0.2596557832655534,0.268780650080327,0.24566613881976437,0.24088812986854707,0.24490987689144558,0.24601653646140786,0.24128976475065156,0.25723141100760605,0.2577341697253813,0.249757017744101,0.2509229588280523,0.2480251951414059,0.24245871548709869,0.22353498329006113,0.2290844443247433,0.23023958829201918,0.22847332390598332,0.22748690390399812,0.2401670369417741,0.23528476123810088,0.2495002585461948,0.22442999510980532,0.23449203737345378,0.239901906876194,0.24653915322512943,0.2590919979389424,0.25132517868615,0.25088066952086696,0.24654852007981853,0.2441761827228711,0.25173407146189325,0.25523839205470533,0.25290766970211703,0.2729568514870454,0.258995966139395,0.25080604512917465,0.2614002508434664,0.24671207159971711,0.25751231315027373,0.2585705147469465,0.26292083326288124,0.26998957795745454,0.25679644073214297,0.2591886621488959,0.25849372205346743,0.24292739886272177,0.2511228895858935,0.2519358667142053,0.24653007055437454,0.25491594414787117,0.25607548268167313,0.2406326755908792,0.2363616428958651,0.2596318691854201,0.27598406046959273,0.2673769715892124,0.2730215953211268,0.26594632906245436,0.2758824029113902,0.25834853311807976,0.25856217955271626,0.257703905304704,0.2755535433492707,0.26624165238731484,0.2560259580817962,0.26893727494761577,0.28019217341046,0.26330917963969597,0.2501928532914367,0.2619660429256578,0.24680735626308833,0.26993239000902675,0.26022319212464845,0.2599650710427945,0.2678933912578748,0.24868786848936172,0.2712926326393502,0.26783233033214615,0.24613410790315798,0.25786060661294824,0.2600752352503931,0.2631867371752958,0.2866836993864875,0.2805698500190447,0.2982345813421544,0.3076139312882296,0.30691915935002095,0.30307143130114533,0.3066359004418966,0.32619702812008217,0.32826834075122585,0.2943682730359887,0.30755019024033875,0.2864699023362334,0.2936540534508654,0.3092701464518132,0.3029019017282169,0.3015851825408274,0.31482847087160015,0.32041806987365723,0.2952405461265433,0.29735894003136554,0.293547239057569,0.2816170857633123,0.2769886668369809,0.2657210745393467,0.2600602645472951,0.27628353239657255,0.27532205343934674,0.28316984298675485,0.268842546237928,0.28831285055207767,0.28710846680910174,0.28652069768124033,0.29496399042665994,0.2896389737384861,0.2717915810472236,0.2809176327329369,0.2652363238488798,0.23925697086040507,0.2367486438799763,0.2355993022976965,0.2304870343888163,0.23159309144784299,0.22912743850253853,0.23918668512962898,0.23791504153543125,0.23400465671620022,0.23574853358653203,0.24491483948904202,0.22050995468286058,0.2256993456664756,0.20882981319970742,0.2133226155838932,0.19995396250214711,0.20347475770425674,0.1916529462583429,0.18671091187566521,0.1816434324451358,0.18084645498922386,0.17530794545429368,0.1760128195675852,0.16602106673290656,0.16047677942556718,0.15665057740315877,0.15456031707071724,0.15230283939462022,0.15107235524809193,0.13997387962073715,0.15094092252611555,0.15441304952598137,0.14964389372873746,0.1472760066922208,0.156770376014243,0.1585743354349907,0.15159190129583874,0.15244107404721666,0.15558330757508093,0.15197879612653475,0.15088845094653722,0.15455533471507496,0.16716178499479173,0.16224558960119392,0.15507864582030098,0.1691944838960715,0.16085519815019717,0.17154643611565967,0.16876994155669564,0.1722269854327552,0.17673961312192096,0.17603138257622925,0.17723733042465903,0.16548346276790626,0.16601751158898123,0.15248671198822256,0.15372340655859154,0.15140945632187977,0.15441518283583378,0.15741024685830912,0.1650902404230712,0.17157495750563206,0.17271076188603474,0.1717446431667546,0.17594693264359043,0.17182422747926385,0.1811742616131326,0.18254611726915668,0.18087648095629055,0.18686217519239645,0.19722396244327,0.19205105622446522,0.17675788648064342,0.19083112034903896,0.1792053619847758,0.1793074358266014,0.19526350919236204,0.18460748256549325,0.20228318356029407,0.20640199942272847,0.21473043307416637,0.20597731849211295,0.21866083388630325,0.2114926602530986,0.21764485242341625,0.20180251295201912,0.20247302435533338,0.21199084208721286,0.20785434143170395,0.22035007364750026,0.22069149669685637,0.2145250441386063,0.2159089274452212,0.21855281265814008,0.2117557441669389,0.19734248378383326,0.20660213254988574,0.21350035426778707,0.20756881214919146,0.2111698444417349,0.20527256069362124
166,0.219877656742517,0.20083802871791845,0.2069937345084642,0.2057751846168995,0.19408608510467523,0.20920400769501016,0.22377419320560607,0.22961454758679647,0.2190742330700758,0.2263461438349728,0.2236428921914947,0.23250757147198242,0.23404005958117258,0.23198820255695504,0.22212247297750706,0.21877772402779244,0.21275123999640735,0.22965235325173586,0.2334319510869069,0.22781556868402986,0.22980093955760517,0.22765620922469276,0.23109007844238194,0.24089922343232215,0.24747783041603558,0.23444582324639054,0.2357787169254703,0.22954154475293598,0.2330173183882306,0.24508357121941968,0.2495514513532058,0.2449599022211088,0.258107128964594,0.2514148928242569,0.24989242986881066,0.2565251793973513,0.2604072072717654,0.25914092223006097,0.2413877907712106,0.244306600169306,0.24370211596442146,0.25050603902606433,0.23597788263213768,0.24865076515885265,0.2626044008930259,0.2583491279882457,0.250080943975019,0.25303523463595706,0.24110188176737032,0.2370651965212523,0.2311563349578021,0.22173870151267455,0.22016516242673642,0.22196454042439764,0.2456746805428126,0.23151306253207618,0.2320259716323287,0.24095175839385122,0.23852790842248628,0.23074117507895797,0.22573671461083517,0.23583860646201485,0.24897371524446296,0.25328414219234807,0.264554406700107,0.2525218718910015,0.2559575827134069,0.27181849277892806,0.26940335507238744,0.2648103772468144,0.27150510508499537,0.2706007525181137,0.2565588498569636,0.25148494998952425,0.2456529025641306,0.26289238111568447,0.2717753101299597,0.2517572580944746,0.2626104476524301,0.25817964541217087,0.261821315133833,0.2420408113108049,0.24546727420241646,0.25306611618370617,0.26645814491246733,0.2576172856303781,0.24211221447701822,0.22964637795631007,0.25217091832279287,0.24541047724107384,0.2513766880511631,0.26227506298730274,0.26997217164720466,0.26625146127295884,0.2558279554435721,0.2738192647680083,0.2709449120447148,0.2822396338233192,0.26639127716590155,0.2510977955786861,0.2535163654836208,0.2532100855681592,0.2593062591965328,0.2558597669656221,0.2609047584799812,0.23794500915627728,0.25024078859871424,0.2612167369129926,0.26264310255924644,0.25473932869755117,0.25397326373971657,0.2627410916450175,0.2651044391402113,0.25443567227290775,0.255740788582677,0.25655294243914395,0.2545815931870673,0.2654782829094625,0.2777569918197458,0.2895016211295109,0.2823098296746185,0.3131590738546485,0.31917877236560976,0.3039037086714207,0.3043021354189436,0.3018005313089394,0.2958196371304227,0.28837725263650166,0.3164309827190778,0.3179838036719095,0.32123880376223135,0.2867972614141884,0.29893997922274496,0.29986239128575704,0.3207724047884816,0.30169075369725823,0.306338795208681,0.30532896109591434,0.2927938834889932,0.2970872406118294,0.27766299254008237,0.28352150137539667,0.2712276742827497,0.2695417228789686,0.27882518562521663,0.2907307709909405,0.28797116277517504,0.29955391503699347,0.2674397761035305,0.28240670260990913,0.27286196352084935,0.2887041322341268,0.2703765362076322,0.2620185265045283,0.26007164220305456,0.24825242528601493,0.23785478900718063,0.23669086673800518,0.2388444752500037,0.24433973582995278,0.22671345739129842,0.2440959085576306,0.24305888427009914,0.2277658453745234,0.23724179429089046,0.22994083282329617,0.22931961290101074,0.20984561573049262,0.21672095211254877,0.2151167361749008,0.2256205741163002,0.20884101726832113,0.19408773864070633,0.1866185454030582,0.18647662483597982,0.18028184749865303,0.17616413674692477,0.17782654883185717,0.17381774045108686,0.1587250600310626,0.15946809272607262,0.1574251080297938,0.14074533205605147,0.15273620655115966,0.15653483507046026,0.15581382895003837,0.14623455235157445,0.14416173485352687,0.14314065494109784,0.14907780855626884,0.154647178209884,0.14742936670749063,0.16463004617637025,0.16001083811713177,0.15556647102731275,0.15877184810417952,0.15819108325249956,0.15393805678361538,0.1630437666936482,0.16252901374898227,0.17004830212252542,0.17282298420338654,0.17834925518706213,0.17403271682019952,0.16617278555219847,0.17503782169778118,0.18364089470611228,0.1785251061599146,0.17514691816514347,0.17450613509021187,0.15495371754487225,0.15305305404463737,0.15250602446072825,0.14911385566934052,0.15819763986011548,0.1645196966261146,0.1661447031051196,0.1768897629758817,0.17224197632866675,0.1799467884049429,0.17820837086088429,0.17348602645353736,0.18377993771366088,0.1898766671201394,0.17927139584312965,0.18860104728195912,0.1924888598053342,0.1803381042611762,0.18416470428384762,0.18384177309688696,0.18728116402265538,0.18046641870804425,0.1936638226674868,0.1925557979603875,0.2049437129393361,0.20861541685285923,0.21604643282239777,0.20045651235046336,0.2140907975302184,0.22066283828016567,0.21187323612572304,0.20368549368398547,0.20471166943547975,0.20441704220032697,0.20229533597531582,0.20850755706905055,0.21362511031673417,0.2145146711838539,0.21848247152470754,0.21243755775598985,0.20706924499496507,0.20545404683756252,0.20509676014663497,0.2108410643902625,0.20533410993076626,0.20368110386151278
167,0.2223455285235277,0.2136361289367673,0.2123110508967181,0.19992781056488657,0.1920457497309876,0.19921440103906204,0.20897849634951873,0.22299211157570012,0.22375950880247164,0.2154990698634342,0.2295744750907356,0.2253332600604409,0.21902571159874584,0.23713611470284976,0.22650855003280662,0.22173032828622236,0.21064337278437284,0.21109021391495988,0.2016908842474033,0.2182217328060596,0.21225987297785578,0.22772693449078885,0.2119430110426548,0.22335979379290816,0.22552266762280748,0.23992698689984768,0.24149831227172333,0.2354298359499936,0.2283397914164977,0.23446363836133027,0.23718733748082166,0.2396668677270573,0.23883903071074997,0.2587253600524191,0.24600345125979087,0.2547246651450848,0.26046537591362506,0.25694312393200336,0.24337109716792787,0.24595910270198507,0.23904595543527005,0.2523596985740647,0.2507545949556899,0.2459533260838349,0.24304349400386843,0.26514900394919155,0.2535455543140322,0.24311021085576293,0.2466228998592243,0.2453953336043543,0.23075870868437023,0.2339495423682868,0.21593776399404915,0.22749978994461353,0.2232303293459234,0.2283093512584673,0.23742841866228553,0.24506393346915484,0.23043582598334908,0.24178419032361909,0.23659605558242566,0.2358141709973116,0.23201550038156574,0.24708745717290043,0.2522981116441742,0.2478758976747594,0.2580815747437067,0.2554635835458808,0.27277590165496796,0.26615829144815145,0.24693622235671334,0.24573057676212398,0.263815920274427,0.25739138097631414,0.24774602779112662,0.25034066410740435,0.27058206072594576,0.2525462941020117,0.24771511098835106,0.24309408967021548,0.2569401657819973,0.2609996951027022,0.24790552164732224,0.25479095111775074,0.2586914052627434,0.24342316228550964,0.2464892594328634,0.23344856033293454,0.23978096296526885,0.2425797253459935,0.2534644176792809,0.25918925895353273,0.2611728330181653,0.25750341914366587,0.25578319037217134,0.26020461802023326,0.27287829949497,0.27327443181385114,0.26158208674763905,0.27789901023686897,0.2523277412152817,0.25973411729844254,0.2510362853958785,0.2397641792241392,0.2656458282130346,0.2512210346998874,0.24721117566923612,0.23624776032274825,0.2622225280229332,0.26378372693277474,0.25251140595212973,0.25645726121880613,0.26349537702292314,0.2621633633095027,0.274037501977052,0.26595428991428915,0.2606411601057166,0.2716739517394315,0.2786974531674011,0.2710915620409845,0.28855326982078355,0.3018227696131612,0.33751338451586155,0.33393427706868245,0.30473686822567125,0.2919046410652354,0.2992643607521594,0.2822012934620593,0.2870251813401702,0.30678138232475044,0.3099959357598876,0.32083445367257807,0.3013519457931173,0.30443669602079676,0.3139243473317148,0.28836596463365916,0.31485456904964376,0.29740276369313834,0.30955726433961245,0.29751577636313403,0.28793933678485895,0.2813111848957337,0.2770607464810479,0.2819973323617307,0.2659365314180894,0.27497613289156025,0.2715770084193578,0.27483813953236946,0.28921179438154315,0.2836390355595055,0.277668746683712,0.27554973646268033,0.27152823712383856,0.25623473378864725,0.2509623659360226,0.2549570350550253,0.23995234580062613,0.2344634224124383,0.2400817234206125,0.2359433818481192,0.2507275171179399,0.25432028406760365,0.2517143645032197,0.24680843602583508,0.22612542702028393,0.2325641132560849,0.22697854096080816,0.2267232717118356,0.21996004507143904,0.20749870947994137,0.22275686645853313,0.21136218991445646,0.19841587657461363,0.19101905842452316,0.1788697088169333,0.1854721045801307,0.16839508055654082,0.17073375814299732,0.16838926449694783,0.15896935055725242,0.1491612451311911,0.16043166842041218,0.15651825594871974,0.14977074841640672,0.14709977214045505,0.14469849031122486,0.14871062538401114,0.15296744050206038,0.15291708125500708,0.14682972993817184,0.15648113950017672,0.1529572264471876,0.1583711243538865,0.15801233833409592,0.16221465977168176,0.16435419743955848,0.16496005775784678,0.1587909328241509,0.1607146992797366,0.16294824974689093,0.168256015461986,0.16670932766169302,0.17382530496529455,0.1735461165950977,0.17294141180041456,0.17267799606151313,0.1811032733341789,0.17403568221149515,0.1560436139641958,0.17518519463279114,0.15805018189798717,0.16623884009378495,0.16311665241858128,0.152211336738139,0.15558402406434022,0.16224346018479466,0.1641623649520993,0.17384395750209908,0.17277583479036934,0.17283918110514787,0.17416472564956487,0.17049164456665505,0.1776661535397099,0.19340277447590642,0.1885672206859278,0.1765214556031504,0.18354510216387399,0.17786942454152382,0.18260484653159118,0.18777125112558274,0.18593112626002514,0.18558689253334962,0.18521702321720113,0.1876269418427334,0.20134617329763502,0.20059468884443432,0.2082903261433677,0.21205977681854957,0.21248706606605144,0.21493567221598683,0.21621543810568378,0.20189086557130134,0.20166493930592935,0.2132916726393811,0.20517105895761317,0.20545461452885744,0.20978657853805976,0.20689676491916237,0.2093265424269605,0.21920002533105537,0.22116235205495635,0.22564623939814524,0.21473399303635418,0.21897291510016695,0.21540520833451454,0.20776208738577545
168,0.2120132971162287,0.2155760449948138,0.1949856766837232,0.20339388415759727,0.1895232084609895,0.2037182092829684,0.20473165633114865,0.2136250611277404,0.2324570917060719,0.21681478788671046,0.21811799656697242,0.21885430808650624,0.21986454429983326,0.22150146348454358,0.2255788093324527,0.23007614922774247,0.2178006642820231,0.2264752772543887,0.21623246539811836,0.21764144465870428,0.21317221606586717,0.21239930923535089,0.20659185727521584,0.22803105681280678,0.2266771272214063,0.2360749465341834,0.2320799381212286,0.22927098668559287,0.2403010674481758,0.2151009359007724,0.24028795427233937,0.23896907361686642,0.23300932404653285,0.2458469925909441,0.23453550640050685,0.24983109990696867,0.2457890324615504,0.26166582193391996,0.250558418983118,0.23114473204356017,0.235336451122902,0.2395821732051573,0.25442805620967707,0.2518801829068095,0.2523835239655572,0.24305888427009914,0.25360219022936853,0.25234284782595473,0.26056735229872324,0.2522737134333751,0.24117689522593513,0.24346626874749427,0.23514757263479436,0.2316137296377246,0.23929427034303016,0.2291901769972849,0.23018721580060642,0.22771230529871378,0.24561602581873654,0.24128987586872022,0.2323175933221443,0.23536175838246745,0.23546458694696762,0.24820515661969472,0.26038202487981155,0.2612648592462437,0.2649299149105736,0.27415615465413146,0.2749140906092841,0.24648284606011306,0.24432966526419286,0.2634256133993112,0.2524445504691926,0.2603118867709555,0.2509482664943553,0.24679297881990808,0.253465584928748,0.25518432863450946,0.25516728927811566,0.25018478815675094,0.24975189952415022,0.2546496009797443,0.25501398626085836,0.23788737825259731,0.24613439127568496,0.24545416169720996,0.2553418496451812,0.24137450713603004,0.24752798130799697,0.24315303794658177,0.24070244402412014,0.23789077436361078,0.2437204660921457,0.25910691290252963,0.2587360835434736,0.2561981562583622,0.2581231759313509,0.25885407128353355,0.2548901189673858,0.2744233110483717,0.25332088697971217,0.24572333442964575,0.2554059438387725,0.2581213928857782,0.24471128638022663,0.2523341323632704,0.24421751059815985,0.24479841412655157,0.2624097696437092,0.25649092276375246,0.26377461632294913,0.2568538028165042,0.2657057788449682,0.2610165229173631,0.2618183008218985,0.28434002678902925,0.2617984072334723,0.2529478544529575,0.2737486587510661,0.28292218274121167,0.28820267004180045,0.30463233545557944,0.307949143128986,0.3224081413941315,0.31284052065121387,0.30081050586284075,0.3163035017840167,0.30077241297671076,0.2965049854422732,0.3125266091728688,0.31909279640205745,0.32590123032974255,0.32504163958094656,0.3225618490637663,0.32495258789389014,0.3158944530672466,0.309741929921658,0.3201356209157554,0.29684722951756676,0.292030357425425,0.30940049202363534,0.3026307122693221,0.2665606262211088,0.28270142654719727,0.26734249695109874,0.26683512646269175,0.264401551958152,0.27248713333865343,0.26765724287454734,0.2776214383764375,0.26500800944855823,0.2625451500184288,0.266217744742457,0.27453264858743615,0.24614436619649482,0.24671423029620684,0.25732797357309684,0.2495943786697669,0.2505057506204948,0.2395359486960238,0.23726785277319382,0.2433368601957983,0.2360906022336755,0.24111598318274238,0.2347203261699385,0.22972491526131936,0.2288985280928627,0.22686808229939215,0.20913527896582185,0.21777468789485246,0.2046520031920123,0.2019694672934664,0.1951364680321982,0.1852131849553623,0.19102926293024752,0.18392353268897993,0.18474729996100994,0.1696438421716715,0.16455152063415007,0.1604353625386236,0.162143595807458,0.16687135790388616,0.15928618104754608,0.15622696648692463,0.14377024075469302,0.14689330423149424,0.14637401986126009,0.15034188805767074,0.15195080317602694,0.16265780223641607,0.1540316614764044,0.16121379445641162,0.15940186561284161,0.16087612613864066,0.16197414643672375,0.16642394019500745,0.1548937877248938,0.1584871296503732,0.15858824753254994,0.15718387822776297,0.15654817172534202,0.16069693741631383,0.16665030007517456,0.17689098489129607,0.18028338342808575,0.17029225640271664,0.18193656881956075,0.16655328389431573,0.16957604419824154,0.16189763327488343,0.1587774051039221,0.15931215047930503,0.16337157653240655,0.15751756877201328,0.1613948230328875,0.15868168372556102,0.15404620367413902,0.16605092530075466,0.15596027776701105,0.16358410415941016,0.17230603943126496,0.16800967820521562,0.17671503456799542,0.1830602705994272,0.18873376342817086,0.18473700565545667,0.17448604548541996,0.18318360434396616,0.1800494918464363,0.18278434634399332,0.18794314934044457,0.1811785585063728,0.18066199428630186,0.19174308033838655,0.19817530716150203,0.1980278945323777,0.20536999853061252,0.19848902114460706,0.2071444014529492,0.21268967126320856,0.21469671524827194,0.22645952914830197,0.21043162067917187,0.20970268927871538,0.2129771935804715,0.21463171708369375,0.20056034129828532,0.19797375477522924,0.194623644121128,0.21719653872840664,0.2270356201411766,0.23122117296800362,0.22285280252298292,0.22051894191594096,0.23124593119222592,0.21276324234187674
169,0.213952763313538,0.20701470688108767,0.19465004120995397,0.19685407074773234,0.19518191288509018,0.1966464678278406,0.19297528899892644,0.20065212339392044,0.2180763150245392,0.21447980197528646,0.23101400001475295,0.2046959264151739,0.22067376259225363,0.2259829637061014,0.22224228825135267,0.23400842845603648,0.20849017794195168,0.22099879210305973,0.218287717630636,0.20983981756195833,0.21140891630371866,0.2077564902995112,0.2098857724440871,0.21385514346204956,0.22081130274046193,0.22262898177184634,0.22416912673552858,0.23739922672307356,0.22838048978033157,0.22664033320004376,0.22787726584948637,0.2373317819263811,0.22701889215476143,0.2336301027601244,0.23013861757921164,0.22893658486822724,0.2367101605548221,0.24383542431596142,0.24455947871002245,0.2471200595796185,0.2516726372126935,0.24399037808577018,0.23906505589909793,0.2412437107174302,0.24001119540499857,0.25364073323909986,0.25769797152131185,0.25660434153056283,0.2543524937823366,0.24710515183720547,0.24261117433826973,0.2382881250099345,0.22792984753594772,0.23156237754738293,0.22634082784858184,0.22161869846574117,0.2356528518929096,0.22814145133004718,0.229893504119743,0.25278016907873707,0.23784427376650374,0.2486898726848634,0.24455947871002245,0.23498692597731696,0.24930116041120293,0.2562506643453567,0.2544333288445552,0.2571692273177232,0.2633952871505376,0.2554094724266608,0.24904481250633806,0.24936919309292693,0.23483477018900042,0.23883842576960518,0.24741464336516225,0.2593826960251759,0.25597880070092494,0.2522591918090474,0.259981233521025,0.2531733568527992,0.2423999355372833,0.2401991686837927,0.2530177561848701,0.24017312007424188,0.2505517266603608,0.2601129652446013,0.2415699447626282,0.2575639044467884,0.2565937063909902,0.25305504500681836,0.24474988702069697,0.2480304493089339,0.23457952362433532,0.22841588327152923,0.24616437393230672,0.2532683960579873,0.2574844462895621,0.27515980943362345,0.2649207647135015,0.269006639999039,0.2682501663764679,0.2501272452060628,0.26030109796967604,0.2639653974219525,0.25994052994163763,0.25654053730446985,0.25440052311381545,0.24718191924749008,0.25896018699594087,0.2481109890637674,0.25135874538889197,0.24237208562801954,0.27324548841558727,0.2723014788695194,0.2732996024783049,0.272770248906016,0.2813306178551416,0.2691063836055298,0.27074908649866175,0.28874535065776596,0.29609972224396136,0.2922718577115561,0.30910640202406686,0.3250625964654587,0.3212180933987984,0.3050851015981397,0.30470108451571265,0.29219043837477454,0.3126900054099763,0.3267480466641166,0.32535538560325333,0.3405822419614332,0.32788609538435964,0.32437696047735004,0.33625519288809697,0.31164775303685766,0.3143402541739011,0.30532122768879516,0.3135357015197387,0.3011369171117122,0.30153518804585655,0.3011764431279466,0.2709617571586565,0.2770256611257792,0.2752124015056764,0.27388610509333616,0.26355605606130816,0.25992616549400227,0.2766234541615574,0.2746312793269497,0.25851336452483176,0.2657375948782729,0.250894822935283,0.255630105934527,0.2527976311173214,0.24132265793323748,0.22903713367826598,0.2562837086575048,0.25598999979234005,0.2492192587682611,0.2378783952249407,0.24411726745286141,0.23184140498046277,0.21893701873431565,0.22635417016863052,0.24418191760188832,0.23367249731764184,0.22449718515645647,0.22007246097244124,0.2142535369034456,0.21847547890131086,0.21636260415531483,0.19782216930597551,0.1975320132068555,0.18257356674907754,0.1798637732639687,0.1839860518509981,0.18799244660982928,0.17292576276442917,0.17596334128643265,0.17045215644550948,0.1687244806438772,0.15666248099778535,0.16161181213950138,0.15617337652367208,0.14611977674970072,0.15079640915372458,0.15074259941427418,0.15281781999022653,0.1576148017281446,0.16198466422918742,0.1496786991234656,0.15362574429679016,0.15635292129335274,0.14589654250853965,0.16013973297226577,0.15701820200413402,0.15443900679806066,0.15752228391145812,0.15169281125710424,0.163712560117029,0.15607523589336825,0.15993455267955498,0.16906850017437244,0.1726228171973213,0.1778559095919793,0.1709652320200958,0.1734129794429437,0.15830732118630217,0.15662496970524645,0.16179861510392407,0.15205895445938514,0.16835309311652086,0.1638535669366454,0.16232944357454515,0.15586944893782648,0.1601471815998017,0.1649414469138396,0.16807723694362908,0.15994243370014397,0.16886148335832146,0.17605367698596383,0.1738652942953003,0.1820677394287875,0.18788149185557942,0.18910834766632012,0.18106191109307745,0.17802557616411768,0.17538962519029633,0.17662236673369738,0.1902525997504103,0.1834779588243077,0.17877282376616144,0.1781620495030165,0.18519071139637502,0.19407035487179292,0.18913491125360668,0.19940436368241635,0.20507385716749524,0.20082437313257678,0.22116632420267923,0.20586357006705802,0.21477478848258397,0.2096333140211018,0.2148840100645161,0.2106549166787861,0.20787439583580514,0.19571401661307936,0.19501426476999026,0.2083323918542698,0.2048332236743003,0.21340087705675095,0.22371345240035606,0.2187482563844284,0.21572853787395357,0.21463443524376272
170,0.20180023144769707,0.19830466004739286,0.21152519300877437,0.19275790610910853,0.19148964763772708,0.19442253436051876,0.18730423629242457,0.19058235975588617,0.21093648269517074,0.21034093495269254,0.22171858587934357,0.22253913723840793,0.19777467066627177,0.21875137926285995,0.22340238230094817,0.22939122466636894,0.22090360330795883,0.21875137926285995,0.2183010878928742,0.2212660077233095,0.20809684699731895,0.20691796568991047,0.19523413832498146,0.1966640234823255,0.213972125116191,0.21450578047898589,0.2214570956694741,0.2316443970113079,0.22517377046079098,0.23290113232262621,0.23838800545752298,0.23103873605573663,0.2328179709710974,0.22867000433636178,0.2414558878259749,0.22751403877421283,0.2217435009435638,0.23958013207799198,0.23406150867064948,0.24674735161294112,0.24832594680291767,0.25115411604558774,0.25358408871611454,0.24054991069208667,0.23977212927085798,0.2409063235812514,0.23366706306766127,0.24618721761320977,0.2439851533216631,0.23333704842567943,0.24192419242944313,0.23805565358774233,0.2283551970499038,0.22556956394553457,0.23575613334385281,0.23317210854950418,0.2206684273955291,0.22979490748389217,0.22637256926712152,0.22105574182742227,0.22074358934135715,0.242234334255584,0.2409388871009397,0.2433865081790049,0.234173852082061,0.23845448756578957,0.24775196060779114,0.24775401430819952,0.25544005556383,0.25288379483046364,0.2528372162041465,0.24458059658461734,0.23862657067447823,0.2428286357905296,0.22972184730704648,0.2569898672224215,0.24326201511724213,0.25971079400932473,0.2467853642288047,0.24740467393380583,0.250816209374918,0.2590019298105618,0.2468021280050234,0.25022177469769885,0.2549247487847154,0.25335005330353366,0.24498494692256084,0.2652045678313804,0.25093699906743117,0.25576611102813945,0.24677917044365225,0.23877826927632814,0.23241545281198758,0.24222189641168812,0.24001710879219165,0.256410024396278,0.2605577528195353,0.27732434760441355,0.2613743705829063,0.2709006206314718,0.260603353495608,0.27168646307534206,0.275328393036894,0.2705733383314625,0.26488050760068693,0.25507682348150085,0.2502357180838422,0.24990831137436562,0.2554559367140194,0.2483748397993601,0.23877354098050674,0.25568720748803797,0.26790696224284666,0.2747824554122563,0.27695614145804126,0.2726264572530927,0.26763382436315747,0.2726842159673283,0.2846105535649489,0.27238989984529094,0.2883812367430013,0.2830551102483043,0.2953867428546032,0.29632821161726997,0.30462111259232205,0.3049165519167389,0.29303061731495417,0.290697970656723,0.29327632123479613,0.3101972904753411,0.29433167367955393,0.3482378717709273,0.32847853870890603,0.32708979905482505,0.32833259563096756,0.32242595881876623,0.30866117136825527,0.30873367318036504,0.30771807007781393,0.3163049584188269,0.31037161782228095,0.3019110440409776,0.27391890065193947,0.27857683505122105,0.26821125606219653,0.2781883893245466,0.2630522373662119,0.27174902839814913,0.26213137162865585,0.2739592698073249,0.24557451782436876,0.25043596623469994,0.25906336361549864,0.24753721473889373,0.25888506688245816,0.2592095511288518,0.24488140029261626,0.2560914033374657,0.25305329697053286,0.2602255888798581,0.2476030556639774,0.23682802868193945,0.24272007631965245,0.23917754289260423,0.2376102657285347,0.2337973046189207,0.23912913891910278,0.21672888665088938,0.22188324054136382,0.21263575815645774,0.20540466369897706,0.20188576600196226,0.1992968846543326,0.19012271171625716,0.19623464770998164,0.1834872112297116,0.17751726576795135,0.1733607591102548,0.1794902655141591,0.1691435338906765,0.16610526561162015,0.15848457516024483,0.16597435897763368,0.16190982374043225,0.1552143962769468,0.15261175968553378,0.14612482363515286,0.15284421297168316,0.14730890457311113,0.1516306511585951,0.15889506170809153,0.15629532935790014,0.1526472553706811,0.15661595390673366,0.15399442552208653,0.15997919237366168,0.15617445533486424,0.15782361979219647,0.1627232463887101,0.15651969754177014,0.15618991911422367,0.15768413497833508,0.16718014593506828,0.16645785731830232,0.16914372862447843,0.16989468790445036,0.16915140131471096,0.17126688545135027,0.15255484324845936,0.15707642198618588,0.15909066602725638,0.16499477829098755,0.16267454474236892,0.16742919918198299,0.1730055358685961,0.17308789647193698,0.16486869487026778,0.15776040045476925,0.17101503751566743,0.15816813726574605,0.16426960014143727,0.17644542412574546,0.16532616815219411,0.16979707319280993,0.17353648638900676,0.17258363024354947,0.1850647479216287,0.18716114783502785,0.18039712006388062,0.18434993974819058,0.1803626468414363,0.17937032705018652,0.18516363587275034,0.185057376065652,0.18760590330747554,0.19292552910881786,0.189987793971656,0.1983830623564896,0.20011203110144035,0.20411544587496014,0.20373547210357842,0.20818622965797678,0.1988857878278893,0.2180385574203185,0.2100258736836873,0.20326105715414217,0.205281021437915,0.19755241357718473,0.20112360276015437,0.19524075571327354,0.2170501048656849,0.21221476647672954,0.2056899629734323,0.22090370503785112,0.21363785064748533,0.21783276293910192
171,0.19403425165908364,0.19716277405797028,0.19980006169820375,0.20029506085123067,0.20368559686471152,0.19763097808815283,0.20256225355626054,0.19334934269666523,0.2029149895397175,0.19804692788850356,0.20447160217699806,0.20619346650132925,0.20890065418413134,0.20325091060631986,0.22448467594728083,0.21986008928493367,0.21728957976412297,0.21597117943236324,0.20558044414820825,0.20960058961428432,0.2204804060240309,0.19868367754866173,0.1973358360550924,0.2027107077707522,0.19862694365257735,0.20827473952507983,0.2290151430927041,0.23458038784883006,0.23442309744354464,0.22573193270393996,0.2291397315726846,0.23658352591554588,0.2360535847024792,0.23278709462698455,0.23766295901991064,0.23210414697019144,0.2228871853903407,0.22383330123190268,0.24092634934741644,0.23262902475083086,0.22330245615373617,0.23953920287436584,0.24220839956375653,0.24534945634999272,0.24504706206119178,0.233442163751988,0.23794199578788766,0.23231192312245338,0.24511788462853354,0.23084049664152426,0.22639712110151514,0.24158935815649513,0.22214144880171707,0.2256696732068722,0.21324796723970618,0.22306945180631713,0.2316619992509246,0.2260178815532309,0.2205085837811989,0.2228775884444701,0.22704168434064395,0.2385431775275953,0.2433047008814056,0.2405834785642985,0.2484643017245427,0.24344250039139564,0.2527277901998105,0.2513911588730287,0.25791345542092664,0.2623257963881245,0.2467863870706659,0.2493183821200817,0.25123433958181357,0.2524120011644807,0.24528483595409334,0.24461371308340227,0.2532293265455238,0.23172873988830434,0.24297002591097547,0.24236946265516146,0.2633213057547457,0.26133585587016367,0.2548942273438134,0.2632515882186309,0.25770983922472807,0.2503542682411119,0.261636300716116,0.2582462358258052,0.2616073852014767,0.25082285100799695,0.24370469724444477,0.24434564333821598,0.24600277152807432,0.24145510946541035,0.23632409312597852,0.246882496289871,0.2566445227027292,0.26600451001065456,0.2642055887366527,0.2742622281722224,0.2712314214574319,0.26257235539255513,0.26286030047311276,0.25990043117711586,0.2575846624814676,0.24789336340367707,0.25108021970299066,0.24038612680774005,0.24999020921305268,0.24421284329048493,0.2561698417564464,0.2556195111728042,0.25416573420537414,0.2764922737729433,0.2857518165992296,0.2602195970332243,0.283296363639028,0.26979257921195393,0.285451940708266,0.2771481602322627,0.28095191717281465,0.2931973225153063,0.2950686026450592,0.31129991349541986,0.2819830476207612,0.29781118179493077,0.2994808106305925,0.29552552668192783,0.2995897841000557,0.29888010009821747,0.29188783816698904,0.3118781863324274,0.3321253308152956,0.3288841924690486,0.3169122304180925,0.34226776584485014,0.3201370951981669,0.3044794594992352,0.3114970944159585,0.3038666234344399,0.3079158182142553,0.30251714980828365,0.31054747325987797,0.29808834786847643,0.2862885638901873,0.2908975074375178,0.2721234698383597,0.2779860483763156,0.2697124536846539,0.2595398205378881,0.26395871167594176,0.24629840533610714,0.24448791675596804,0.24490361739470684,0.24524022166464252,0.25409902580275495,0.24814378365948506,0.25058051645616297,0.26026873424865854,0.23911008839239145,0.2676159537198435,0.25027605456688495,0.24809767820854536,0.24616868175957501,0.24954133836137213,0.23089338992410868,0.23488333249778934,0.22023259697170872,0.20570161432202233,0.201743062862668,0.21660221826228632,0.20953814747601385,0.19985584675194595,0.19469455238795286,0.19134450731653993,0.2000236877897447,0.19144093204198556,0.19175416242806514,0.1867825929228347,0.18537343604301257,0.18308421403822778,0.17411263975932856,0.16813297593206658,0.16306366528158042,0.15498119312774714,0.15358507000214672,0.15308829987037534,0.15130281215049352,0.1529459565574473,0.1537736772704405,0.15747513886775863,0.15629281019513383,0.1550190246272114,0.1568620910229251,0.15075544257486187,0.15510685784663705,0.16732556494651685,0.16182570212527475,0.1687561465666359,0.15421229485116372,0.14953504990737032,0.15987854969724546,0.16697736371119404,0.165929345446757,0.165434315939063,0.16481096413949367,0.17395275045988326,0.1712092402230695,0.16204599431953975,0.15465358793188333,0.15274429559193775,0.15311544468714322,0.14947962511597485,0.16624722316689233,0.16713634476097,0.16411527318011612,0.16627375321110696,0.1616082025678016,0.17075172508388578,0.159736697020486,0.1618094568199507,0.16869604465928276,0.1701980970428575,0.17137627544966824,0.16995525599010433,0.17198152673458986,0.17261812701207704,0.1703802691638981,0.17842487451799086,0.18714106643416384,0.19139597479990034,0.18142390059748303,0.19083951316704922,0.18980143867046492,0.18013516430102353,0.1934604082907091,0.18589110113931076,0.19472656369454808,0.19514274061679146,0.1832578554555154,0.19859596938400326,0.19943166542532326,0.20393804418598002,0.21408153003996416,0.21565016759547814,0.21447683884778643,0.2082388707548443,0.1966996739354929,0.20648670780570558,0.1932278848767649,0.19356039513140658,0.21046859407814605,0.21357096009256596,0.20319108529081914,0.2008663463225253,0.21397345538069526
172,0.18540096914565057,0.19701689033803885,0.18816628038916605,0.1921265127351426,0.1803155164115068,0.18826275076121918,0.1917696607670353,0.19134825234277508,0.19444617300731182,0.20056751329314224,0.19972897581297447,0.19894043810202044,0.19879943693542235,0.20277369263141926,0.21552259126143525,0.21581712360732985,0.2036113296460456,0.20326322412551845,0.21103136108061496,0.20809042634302247,0.20461755927642916,0.20283860730070666,0.20471586463620758,0.196016508881327,0.2053745382469999,0.2035635190424606,0.20303613612635962,0.22388943480915383,0.22705104234557522,0.23338073324913497,0.22882475181742892,0.23996339626896002,0.24409377277089336,0.21794012718212702,0.2291371462799915,0.23600972562687342,0.24167108951856017,0.23362144187427245,0.22887217669287063,0.2186113972313351,0.2508722933863953,0.2491393918502333,0.24213189446116307,0.2514386290162179,0.25415871144362895,0.23464834746718782,0.24366828127836035,0.23758865555599057,0.23729096363316857,0.24409680784184767,0.22304372010718276,0.2222393202268479,0.23392670308110042,0.21220704606475463,0.2220067095395236,0.2245696178734037,0.22210165769794601,0.21472257170007608,0.2164094393945707,0.22987577160025358,0.2231580716829185,0.22455374375138437,0.23843318492155713,0.23994864400752766,0.24520425377380897,0.2475475315104384,0.23891405528866896,0.2425311354530671,0.2488563918322642,0.24873339634211078,0.23953015747103232,0.24472582430089798,0.256339185475503,0.26725448366665333,0.24993978965952662,0.2430622422758772,0.2558149963278044,0.24498759820073499,0.24883754041802167,0.24987068074885105,0.24468294555290265,0.2669303770997841,0.26987707841226083,0.2556059740607206,0.25788673275990454,0.26911072112291723,0.2590585915359377,0.2609095645675073,0.2670139798566444,0.2575793245413415,0.26288451191645024,0.2571360688299407,0.2461155760482434,0.25786001286764293,0.2517439255198013,0.2487359163660428,0.26320370599831555,0.2634213675142954,0.25783626417645905,0.24975839795620086,0.2679230015659735,0.2646951598665515,0.2568632658346175,0.2583895823731124,0.2491836826976385,0.24271091080118562,0.23331829816259086,0.24666816326833854,0.22812663792503218,0.24296269710651633,0.25123260412247206,0.24805894939585602,0.24864252072608356,0.2526120132059634,0.2764400736480935,0.28865294980255923,0.2829795163609395,0.2845234066873393,0.27250093703412415,0.2872916476149046,0.277459117114079,0.2954023867903943,0.29352155531635016,0.2915647386660013,0.29291998282466564,0.2890167412993742,0.2810962164170595,0.3064121625918302,0.29244823188301255,0.30765289065401896,0.3085787390185908,0.31197514842039176,0.319916765324416,0.323234717019921,0.3246541808299165,0.33985604570582056,0.3142071040683785,0.3199668604652455,0.309182567992337,0.33219798971130754,0.31710712486135806,0.30650460228302534,0.30373721042984386,0.30991171974293663,0.2971426553401281,0.27908789496485226,0.2675882257736466,0.255015160646369,0.25108253224792443,0.26231492411900603,0.25477217811831415,0.25290941673244155,0.23105400456846675,0.24361156401140308,0.24564786844898057,0.24197182498186895,0.25320367223392676,0.2539867143820583,0.27249905467083935,0.24800275196158192,0.2617779123899964,0.2532019231709643,0.24941949754183446,0.24687908550569782,0.24555812014135736,0.24143025884348937,0.24081425976373375,0.21847769236939957,0.20853694165064546,0.21219854416388242,0.20733355772646686,0.20080672814345824,0.20240178580732393,0.19677038710181904,0.1962731398099586,0.19739194664483337,0.20013696979719087,0.18495492489505802,0.18874454120954104,0.18826383449184708,0.1773576394983186,0.16730599379851338,0.17228406092091184,0.17152648976190754,0.1597770137916843,0.15945138650840632,0.15456957044303468,0.15450480846874917,0.15398201553775512,0.14668543733079373,0.14635413593239968,0.15727547300610734,0.15418850586181687,0.15044543001859814,0.1567808447005564,0.1628541012011239,0.16117827371865745,0.14669928596823628,0.16086923627014216,0.159467615381278,0.14709977214045505,0.14899373251032813,0.15106922456795255,0.1605639338812332,0.16696579127661337,0.16351345681752338,0.16666933399630512,0.1635669290769218,0.16130290911260928,0.16151189028080865,0.1550900728581829,0.15403840037295743,0.15006485744254566,0.15003583513262908,0.1621263853123464,0.16111571390280122,0.1623397227773024,0.16915997021263868,0.17146212428437693,0.1712910217744687,0.15498833043978832,0.16374200350442575,0.16620603916348642,0.1726196771439487,0.169305707910295,0.17386069045045421,0.16513863861571734,0.165434963515533,0.17170980696895102,0.16761342480279592,0.18194561781230317,0.17814785599695382,0.18816476395422382,0.2013977016136046,0.203495462565552,0.19641210494827455,0.19570129072231185,0.18592098003979401,0.19593849142781075,0.18502818980809385,0.19209789238650674,0.19527184515536672,0.19858143285390947,0.2025139478622068,0.20249300249799887,0.20644625070099806,0.20120015919057596,0.20269457723349446,0.20475833999249465,0.20870420529966632,0.2075801875483757,0.20207164642864583,0.21172858738943165,0.2069202049992769,0.21400597552953748,0.21537321943101978
173,0.20147544329556674,0.1996959637454828,0.1963113953673475,0.1822116748155723,0.18587731908171568,0.19287826909788708,0.1938383034375549,0.19749766710918973,0.20400164526151665,0.20324770013440988,0.20017050277176182,0.20562390378282538,0.19267270737913605,0.19181916670035032,0.20312998198463061,0.2118557715952029,0.21676556895257457,0.21080111321363132,0.19951750690984715,0.20347178732217394,0.20280013044123113,0.20398663790339402,0.19810179012020382,0.20665237458329477,0.21087281713977832,0.19981542219978768,0.20461845446213667,0.21435726144037534,0.2248635692910015,0.22224832676839054,0.23836758692958288,0.2513836339416993,0.2357057081062217,0.23010210941787768,0.23049435838610946,0.22967202523420543,0.22653530739541133,0.23304328847798414,0.23777987806008358,0.22178874323691028,0.22780465799887484,0.23005008602443977,0.23361003796772584,0.2313323661573411,0.2520136126130228,0.229344537173324,0.23294355551269805,0.23591062435554908,0.2364657794762343,0.2442956309492235,0.24331618586290096,0.21441422765985635,0.22017423700122113,0.23398348221984577,0.22229474694907414,0.2364266888585038,0.21893696832220993,0.22310617983179215,0.22520960040125507,0.2216550345130921,0.23103208632206512,0.23121733967351144,0.23182063974595093,0.24499797794878098,0.2385064344646403,0.2276772829513174,0.237415899582101,0.22604910923460195,0.2367837531060668,0.23218090517880255,0.2414311483070718,0.231588238807203,0.2591063162875014,0.2554324094362354,0.2590615740753619,0.2602951043844013,0.2574850391700924,0.23870163844018152,0.2314805470255323,0.24709553625149616,0.24494794484335194,0.2509648507557955,0.24208456485075164,0.2612149324979315,0.271451971378173,0.2563073143464555,0.24915138172991144,0.2673461904497017,0.2602945050334642,0.26250283615020836,0.2606921777163701,0.25576787780394533,0.2604659756580074,0.25742042322694164,0.2585913539081002,0.25572783388239795,0.24366182909383752,0.2654128833282254,0.2615116253827135,0.25620936494659907,0.26131660064208945,0.25703425163256804,0.2715488700644761,0.26384994014962015,0.2523602796544137,0.245101630309617,0.2472131110410228,0.23069113193431598,0.2232785998052903,0.22931966570380902,0.24318248944755128,0.23828269315286957,0.2395856486779109,0.24741151007201978,0.26237351889844934,0.28151853901950136,0.2860447623606628,0.2819447421150161,0.2703516347551334,0.29037685687282316,0.296789136342268,0.28992255278378687,0.3052298477121701,0.29020373658749216,0.29109315955312215,0.2823215306803973,0.2798208039352442,0.29599610756663675,0.29446182540228255,0.2890699850543661,0.3101865768255063,0.32173254916537913,0.3240283430527812,0.31094888223636763,0.30894914666047907,0.30840328830140423,0.30992099665716,0.31290607863398756,0.32611291616793947,0.32801522334790484,0.323415626559344,0.306525775602162,0.31533777576407723,0.31516791598638244,0.304317550803725,0.27569189590524545,0.2812969349119682,0.2671302065805034,0.2575051979204125,0.25292281103253134,0.25397735733806476,0.2527702744589605,0.23226485510979364,0.252692876977048,0.2405164582653936,0.2436043280398805,0.25928834757337704,0.25175783778765154,0.2512800443257988,0.25493061871155903,0.23968060926957205,0.25275979822487715,0.24874788682838808,0.2509805692555563,0.25325148463365815,0.23383902955132507,0.24440911586529782,0.22735913066010616,0.22283792203112104,0.22164579683522542,0.22721160002154228,0.2093908500592768,0.19508280433885972,0.19676177422887517,0.19227844445478282,0.20095074008418914,0.18730423629242457,0.19157127954822017,0.19014928643826293,0.18659220634051288,0.17679659642584314,0.173475201253518,0.16882128436953264,0.1811068596186852,0.17439004911892148,0.16828914345715254,0.1623676107289451,0.15634248118065705,0.15327417951374123,0.15370217035210731,0.15248355199829616,0.15254922302386145,0.156928925094647,0.1554168133546352,0.141533419658932,0.14991911160619148,0.15951748727511134,0.15141608049676386,0.15475475427144778,0.1594928064507066,0.15160900587010162,0.14511356114510443,0.1465844831321927,0.15005172760703095,0.1647562885188592,0.16415374682815484,0.16373529250979985,0.16727359856348023,0.17778433843795038,0.1646267861663125,0.16213023044886243,0.1575977453409291,0.1428301854235821,0.14581157464154262,0.14971592572967968,0.16116765984479914,0.16486903653240098,0.1633806802683991,0.17312915127226844,0.1646750484917606,0.1639922029879117,0.1618320740091022,0.15538317811368543,0.16634796793311485,0.1645945307093082,0.1644407693513611,0.16638807604533765,0.17467731191379532,0.17544164872459386,0.1859115621030411,0.19044268682144713,0.17857945778646792,0.18467078700072218,0.19631388151339907,0.19915030047368332,0.19114920671464483,0.19484250299951686,0.19762447080662582,0.19346401654268056,0.20269747559480564,0.20409488000941273,0.19784409385028787,0.19788002656713335,0.20578721986660503,0.20890430990376319,0.20117070597319994,0.1871243048547056,0.18768332983766156,0.19267829739105435,0.193836785924256,0.19400981431154068,0.19438287445170496,0.20671333799591454,0.20426962894290412,0.2025759107012845,0.21420194006703397
174,0.18764245225306755,0.1841845935326991,0.18861359810139358,0.18312249632198357,0.1826231375967075,0.18134337743523887,0.18997563288775637,0.20337906199858238,0.20389092211031373,0.21070071045778002,0.20531987916617922,0.20352420641044738,0.20224421598319434,0.1857194547672759,0.19525056532515936,0.21000454789859477,0.21202047346394515,0.199283259978493,0.200053102052207,0.20334182638277165,0.19560804384961192,0.1948384204051591,0.1980420667759879,0.20456008712951806,0.21054595393868672,0.20154557615358493,0.19595423320870473,0.2093269280210565,0.2130968843394033,0.21656556360373344,0.23047965755433591,0.24142931379202345,0.22747291866153613,0.22587969882399003,0.22170173916435046,0.23740704368823104,0.22689524784503284,0.21206480622070312,0.22428482994343185,0.24026565798333854,0.22822436111524175,0.22624662010151472,0.23315090201836886,0.23211745489645458,0.23684346164704745,0.2522859122438352,0.23152393758943277,0.24764005967791855,0.24672695562777663,0.23138574509314802,0.2449566308050422,0.23897226506861158,0.2369142589450071,0.23068879472792497,0.22263113479539084,0.23031397982557236,0.23807538756800922,0.2457345375029843,0.2276858807532641,0.234729460181213,0.23495570788560285,0.2323132604212302,0.22703321541727312,0.22402645157111864,0.22942788417669285,0.2249174235592251,0.23702884484697495,0.24541443282249786,0.24305250418693092,0.24006027540513183,0.23548611236753925,0.241360001574483,0.24292141377367324,0.2392607721663903,0.25815883942946477,0.257613726540634,0.2590603810554717,0.2551449635677926,0.2467788863287962,0.24592036797574884,0.24709707244421686,0.2490947073816948,0.25448547522827797,0.25688100993327534,0.25697389071104737,0.24982252871924232,0.258515150278058,0.25717100378594643,0.257057926452265,0.2579669090504004,0.2715301127809302,0.24430856905581452,0.2562961013731126,0.24850893032749669,0.252405608044222,0.25412535597515246,0.2587724275686009,0.26217664402182983,0.2565966605522122,0.25890652754816496,0.2574897822634807,0.26125342938943436,0.2652705268894872,0.2629589760776197,0.25438119314609986,0.23711520282599383,0.23895597810598368,0.2320774265309313,0.23549489660572595,0.22813882476964226,0.2326015476249064,0.23885052488362807,0.24020066200180262,0.2579158309025771,0.25407913370403584,0.2613912225545669,0.27801997503257314,0.28303229962076887,0.28307857452598856,0.31008874261208746,0.2910187694486425,0.28168258655714995,0.2900133567040902,0.3148531190941081,0.2778209550943912,0.2820492829747129,0.29890074671721056,0.28297625845761354,0.2915667527308203,0.2833511633130959,0.3172970248956476,0.297312384466342,0.3187153643024162,0.2994725357843118,0.31812514673580267,0.30313494210093256,0.31584135923793105,0.3086377185451063,0.29580328998483507,0.31373935545413395,0.3200751811821142,0.3121037594522868,0.32334116593221385,0.32191780662455627,0.297826954131092,0.28324548771712665,0.29633981129998316,0.27533536676279874,0.24719199353880592,0.2447496615978243,0.24392274570477526,0.23470276176262225,0.23975987305889462,0.24006569250652435,0.2333142689331176,0.23964611893903634,0.2357990222806732,0.2428238272892058,0.26104356989255434,0.2542470953389461,0.252429437770048,0.25354263527976684,0.2595308565048652,0.24778676172002242,0.24795090627405858,0.23819415488495144,0.2510636278177387,0.2249759529135837,0.21918089702337587,0.22878465911819584,0.21704210859160827,0.2201997897676609,0.2035082407511476,0.19627185631703453,0.19618091690662942,0.19485632164595862,0.19526712859321227,0.18473334748666875,0.2027996634772116,0.1866883425573217,0.18220680800908884,0.16534447975735023,0.16971780253843116,0.17270694418846277,0.18058351409693735,0.16537018033661338,0.16479024521862648,0.15640225125271084,0.15981800312746125,0.15006727622176472,0.15542898108580144,0.15420164261114488,0.1509277160398071,0.1478509093575076,0.14411062443799597,0.14317328842074262,0.1545215301155862,0.15045478347126698,0.14512458806268955,0.14464818878780658,0.15496941728144373,0.1450494211502222,0.14306058611376996,0.14815011741081588,0.15246985946530917,0.16164493465378918,0.16982991803468908,0.1740578040219428,0.1776900870006522,0.1680974788973608,0.16903198828323002,0.16212526538682046,0.15713430173981205,0.14823849597857508,0.15138679686241116,0.1598945643267515,0.15928541083243763,0.16386662157927742,0.16714042417470673,0.17333601184698239,0.16702493061021056,0.1606151841586802,0.16760450972948907,0.1607450099919473,0.17053334075987225,0.17704623677501236,0.1671796070108203,0.16918973102953294,0.17574003153679385,0.17958720856678223,0.18401693805726962,0.18578331162568354,0.17793398282941705,0.20050074007588922,0.1964574035679244,0.20148946791453903,0.20064097519509458,0.19320719703471245,0.18938051795004066,0.194612620250805,0.19589092635925695,0.18267133386436799,0.18547236081948962,0.1937664131399267,0.20718227614337276,0.19780359479107798,0.1860341610089768,0.1895309327800617,0.1976595899160744,0.19756109745096,0.19027765916480022,0.20401929382408268,0.19727021140936704,0.19703026887634062,0.21023198939868998,0.2201055532928311
175,0.17881703933037096,0.18790243149749214,0.18758581737992833,0.18691006994168435,0.1896572285719653,0.19170736592995394,0.20054247015388937,0.2005992800471974,0.20349610918713298,0.20250279880227878,0.20115389668776065,0.20762516949676918,0.20172145870274655,0.19264178778267074,0.19236789822757838,0.20746574504164558,0.21994378776952045,0.22078247625488956,0.20075610913187458,0.2057305560961164,0.1893953883420628,0.19829730414269156,0.20840675909862086,0.19200210938427467,0.20919538526317535,0.20749589057682105,0.20124517192431307,0.19631528280959334,0.2171666339992765,0.21861456849380656,0.219529253195998,0.23093629820095474,0.22220918167131415,0.21794830709434548,0.214366935745039,0.21205714009226506,0.22974829653461445,0.2207825270919393,0.23795158391068288,0.23937285519079146,0.22502967865235796,0.22151049112813825,0.2266837559991786,0.22585884348701404,0.23469168335094073,0.2383019521139395,0.24441271763767206,0.23543184171829135,0.23797487096032172,0.25292106390968255,0.23633992860582043,0.22748831818986964,0.24096723814383542,0.23234209445509352,0.2272314815049672,0.23665609823694259,0.23900154037313107,0.24178597186193398,0.23491178234465612,0.22831718434829845,0.22581552670947047,0.23506193127185385,0.23153715893539645,0.24152773018822846,0.2176380369473492,0.2234646337349908,0.23216711248818417,0.23591497002986947,0.23275777661180796,0.2356603400401451,0.24489391831037116,0.24020934555343873,0.2444133366976442,0.24276859226683686,0.2605877523662901,0.2457431947731275,0.25614094059680165,0.2585949265043589,0.2557778897640438,0.24455401651662467,0.24240964748055557,0.24805089593315968,0.25537712886232367,0.26135210357245836,0.256228243845776,0.26048096971638646,0.2521656925719637,0.25956910520347126,0.26183819592200264,0.2546173536410907,0.2643321570602272,0.2529862980153213,0.2460119480647201,0.27310962127223476,0.26378372693277474,0.25796572107161725,0.2609384029518976,0.24986469719604654,0.2564850169099939,0.2614995826046059,0.24684907263677586,0.2566516141509268,0.259333128951294,0.2528168407530167,0.26695373405808825,0.24670076715549938,0.2374915708099024,0.23209832165221184,0.23082481704240904,0.22357142760968834,0.22623390922747327,0.23121334672599259,0.23806305363864658,0.25108282131753873,0.24768357069921332,0.2689496602520007,0.2772043237577701,0.27874237750985636,0.2758544536480685,0.2869557952383907,0.30077656832986194,0.29893722589646504,0.2905734969461111,0.29115751227529235,0.29004741550587265,0.27720368547196145,0.28457844371552726,0.2951990802334114,0.2833596451621828,0.28913655354189405,0.3012985211149738,0.31952290793480326,0.30112998325777857,0.3114892047816477,0.3141188508563404,0.31644701252888735,0.31783520489646133,0.31467120266764165,0.3043329669694215,0.30613783038031894,0.3181976735137804,0.31145979972329446,0.3227483271983991,0.3105560541222176,0.3278679762297646,0.30824851993918073,0.3033053004884615,0.2736982370287515,0.27498119818576944,0.25647556782682934,0.25574255518356104,0.24044912444362934,0.23591567620950754,0.24009676028533997,0.2337973584527458,0.2482684883932508,0.2454394674806281,0.24556942877108418,0.24101701311103552,0.25363430899737355,0.2410572512277279,0.2510385975361604,0.24504813412279003,0.24631831215912148,0.24472565525034592,0.2582278028317669,0.22979141530306008,0.22814082095279214,0.22336159386742202,0.20545934535064986,0.21827188548440218,0.22267876294986505,0.2066731220166465,0.2009388997819176,0.19183824822337409,0.1935994860281105,0.17858488563500075,0.18541680786809825,0.1814087788960369,0.18795531015200012,0.1931286479025927,0.17954710210740712,0.17195741189753674,0.1620756604476576,0.17066815751784914,0.15942106277033397,0.16071632754877638,0.15805673266560966,0.1586611508060571,0.15383317370946237,0.150137092076939,0.15530377058724454,0.151930161678557,0.1454038815000494,0.14773180360294735,0.1476702465575173,0.14187210090237543,0.14864455322454515,0.14858330010343784,0.14731772381058117,0.15869681109906367,0.14835664382205363,0.1483600598993476,0.14297167327839388,0.15730154925908202,0.15775931068829419,0.15917069039053192,0.1727496992665598,0.17201225924309868,0.16833270410209633,0.16182872035476104,0.15853045277370023,0.15401428357739735,0.16159633248299377,0.1597282008969481,0.1531574052351486,0.17227830888563406,0.16272826723339487,0.16501681480442337,0.17459134071276117,0.16528483173658565,0.1650470628108791,0.1681021236665193,0.17348638597361443,0.1648034124362531,0.17049929988314275,0.17025108957623877,0.1659028703550111,0.1686296738360866,0.1772612469346164,0.16793391009098246,0.18150558792804455,0.18548320861039352,0.1977896126752899,0.18740164552709648,0.20714363830617755,0.20438348492671052,0.20295107217317113,0.19288075617823414,0.18556839008352155,0.18710323651569116,0.18567673895906775,0.19903739545607663,0.18974629299697,0.1912466339227124,0.1848934388464693,0.1903061835982778,0.17971656121646923,0.18277862251306382,0.1866313940272632,0.1934990334458574,0.20829737647382673,0.20521627489901662,0.20641544966708097,0.2006399865326848,0.21753678211565058
176,0.17859755125649723,0.17909905733436363,0.18986320161638612,0.18214891976493083,0.18948153748127428,0.20116012184215923,0.1894365605619803,0.19128631462322385,0.20060946513266123,0.19197054595361673,0.19541084827365812,0.19298724216954882,0.19274396999040497,0.18202670178367683,0.20005342910637064,0.19214482845658995,0.2145029651659298,0.21683680524594204,0.20877654199107806,0.19830103000445287,0.19050904501714844,0.2017229868504449,0.2028925450984956,0.19686658148693217,0.19496124969567635,0.1971156833756291,0.20468381359800294,0.19768379965824404,0.19948829872582644,0.21540024850340023,0.21352813162902984,0.2066020374061096,0.21010984384982093,0.22160390037838654,0.21604120949993666,0.21500303970584905,0.22624458839746747,0.22508678602559007,0.22139397609900038,0.23385717549003573,0.23142165761354563,0.22569887794420632,0.23282976509998718,0.2302792996699668,0.22945540907114323,0.23410333465884361,0.23827133603366435,0.2482910699633131,0.24837512575162654,0.2527144062276447,0.25748741070586517,0.24192703340642366,0.24090837600703938,0.24362138059540864,0.22060761526899567,0.23840282645225563,0.2329104636889079,0.24091708514341392,0.23667582519219088,0.23629982499961702,0.23446520399674525,0.23586787805138804,0.22848610798988828,0.23092428095284145,0.23980641686706905,0.23725534215929672,0.23101463833090602,0.22817318256886274,0.22589166160698687,0.23296302664303373,0.24104232071511322,0.2550709501882067,0.24852186267684415,0.254541148891096,0.23938079226207595,0.2421415399100032,0.243674116444529,0.2682575785048813,0.2655669342266886,0.2564560801921923,0.2523904976763821,0.26433824360314534,0.2604066076627022,0.26920058542234593,0.24665209011550382,0.2620456773090321,0.27130700053035506,0.2592417831432812,0.2576605918275937,0.25110450248713184,0.2593617930919522,0.24354723310687518,0.26207041715808915,0.27258314624624147,0.24878872819530579,0.25720002117074686,0.2551596513152775,0.2521877575899325,0.25453294358618084,0.2532818093699307,0.2513558515310498,0.2816183826609058,0.27154699427781415,0.27434623214613,0.27110904052332674,0.2626570123637039,0.2525649030862105,0.23140604510607707,0.23807796406949136,0.23842791445791484,0.2416132793830626,0.23607782753982223,0.2306183178327406,0.2319474487693982,0.2582831057613656,0.2676178023517455,0.2718191186648581,0.28729627824647885,0.2841443337464407,0.2768541258379293,0.284527992699782,0.295512597983965,0.30318240940887276,0.30862705876004737,0.2907870087459444,0.2799896644024708,0.28568273832345725,0.29087473457596585,0.28907131627390814,0.3048337158065109,0.2910650097099756,0.3099424059806107,0.3162073787165333,0.30830814625491454,0.323920922054808,0.31165062343195793,0.29482547030633743,0.3185605555009732,0.30976760644326456,0.2972637827576651,0.32116632333154277,0.3369093005008827,0.3202255645684734,0.3262060414015766,0.31274689021588226,0.3001407752727152,0.3010918499148967,0.29158487994027515,0.2618454308786773,0.25964920667394664,0.25780361329738405,0.2576683046537208,0.24532301867605733,0.23919874680827538,0.22763293603233814,0.23722393195336683,0.24455953502192992,0.2393193419479512,0.23768315300377874,0.24931103404545443,0.2680815957724809,0.24680775406986646,0.25037479112966615,0.24080688508883807,0.24399644569417434,0.24537612287268828,0.2555488906487309,0.23787297270780244,0.22844802089434235,0.23195348393765128,0.22046243506513516,0.22152854751915058,0.20728921171616807,0.20640195189691726,0.20274104935378182,0.194874897604366,0.18985380256121925,0.1821805462796754,0.18533425644545634,0.18380270561310444,0.18387492136182915,0.18376461963627008,0.17897488828249802,0.17184258615154926,0.17592538089951226,0.17887992330415786,0.1648169981611292,0.16141444604226984,0.16430841263544635,0.15946453103397285,0.16002808197132487,0.155127573740754,0.15269260345031324,0.14620526086305136,0.1472383696775208,0.1548984243239345,0.15148896555061567,0.14317691482214395,0.1453683965208458,0.14506244729185322,0.15407103498970773,0.15483031594252228,0.1447918109553091,0.15065931898867582,0.15055632315755357,0.16110592025874895,0.15816668049007454,0.16091424800148244,0.16549314146070032,0.16917469415093145,0.16490062435684422,0.16599939300594835,0.16538457440589394,0.16489690336117635,0.16206752504445,0.15663434668626175,0.16005704698483028,0.15994508534578197,0.17474783344895503,0.17165418651385247,0.17940828718541635,0.16422130538973992,0.16073886596691056,0.165097311072956,0.16581255065444034,0.1626650683472593,0.164633002985506,0.16822823946893403,0.16426748198459148,0.16048354162739012,0.17511074672647886,0.17614385626862566,0.172070254084817,0.17653743003383537,0.1836826769186803,0.19267164263334888,0.19613648592217142,0.19288652988124827,0.19796511202103131,0.18940101410268698,0.19231993343215864,0.18762119597162463,0.18851811995639664,0.17859023140465086,0.19400686595484215,0.1877248647049597,0.19313451796772307,0.18607147486181885,0.185366222619297,0.18570444539065276,0.18626180189493768,0.19193284462367186,0.2023802835255316,0.1958195778609802,0.2172619634275686,0.20804314001481178
177,0.1754181392851668,0.17708798649300986,0.18380554121815623,0.17976767434896704,0.1762896031024729,0.18592838629788025,0.1854477634552389,0.1877830116663797,0.18834443818328067,0.1778324451645605,0.18744898795946477,0.19793861630826906,0.17959064077266285,0.19534167619107629,0.20278624339078993,0.18859184098351087,0.1990131390866715,0.20701818659387267,0.21230518460663372,0.20248258657627421,0.20407855474429115,0.195648886258625,0.18774090195677287,0.2061349821472221,0.20549388365000257,0.20539790045777587,0.20215537823766985,0.1978764361911829,0.20910783231579264,0.21302560137452956,0.20731852007230686,0.19450837249194783,0.2235814148021382,0.223003818732517,0.21055332302726135,0.22328924230101047,0.20608590986814743,0.2250216474709305,0.21907181178555238,0.227860265983451,0.2352114720961616,0.2357562961984765,0.23738654520124328,0.22231501723500122,0.2258086113544682,0.237603864535847,0.234663530326182,0.2433503638926979,0.23382766886434214,0.23571933108437756,0.24379780994599806,0.248086824391676,0.25509033256931496,0.2428393154770721,0.23161922279917227,0.23132608082572678,0.23545667129220324,0.23349350259903187,0.24339889373515197,0.23459297347882516,0.23185309625216663,0.24019430163768132,0.22364376761975058,0.22205144311299127,0.23957384330902678,0.23292253066512725,0.2289004782170226,0.2173185506718406,0.24112125754608066,0.24072910434150574,0.23860140682568431,0.2392283252795765,0.24622928273924719,0.23995472160837394,0.24026897739900277,0.24430491256492778,0.24743065226394145,0.2603274713844747,0.2604611777416157,0.2626322171391604,0.24892642387528205,0.2593223807152909,0.26491283479834005,0.26373088977571596,0.27115211730805555,0.2580132444904589,0.2549135962960716,0.26567151968451785,0.25367928210668117,0.2543167705273048,0.2535636530765971,0.2572989417526674,0.24900817194679237,0.24214510826589702,0.2598364056787737,0.2673086422582089,0.2673172594096287,0.25457807603667437,0.2578451696793257,0.2601758607322691,0.26606086579737415,0.2583955320816163,0.2707546973620939,0.2574714032632749,0.2757553836192353,0.2764235244468658,0.24333596371132676,0.24412867836540042,0.24268509272580568,0.25914092223006097,0.24479452484011158,0.24352480261071785,0.22873862176764145,0.2417887555418307,0.2508826913883283,0.27232091648034823,0.27399396680352117,0.2765495779392981,0.276518377531604,0.2774929794612968,0.29179040042907517,0.2961910968439566,0.2984537224644664,0.29702568081201064,0.30225813616431507,0.2683273860930318,0.27924731113650564,0.2782947413534315,0.29212114887685015,0.29410675538439285,0.31569376166007757,0.3106204181478197,0.3012853398591281,0.3106876570390251,0.31204052505818586,0.31024800677251047,0.29477252392393716,0.31074990174818734,0.31363101243094516,0.314111618085777,0.3133978407943075,0.3127188065501048,0.3416677596756915,0.3135284821765304,0.3055512044490299,0.3074836303583697,0.2858590854914554,0.28782002064434586,0.28507163067363905,0.2653908833531097,0.2628306444938759,0.24212353166622338,0.24227483139152498,0.25131649837190556,0.2336745957252187,0.2398709195431213,0.24565476917237028,0.2356867132358912,0.25741449597089044,0.2519602322507501,0.2390684137752471,0.24233715219057184,0.23071886150794896,0.2175618284049871,0.24446534333340264,0.23198761496786452,0.24182171674800323,0.22778976156103137,0.2368453158518676,0.22546752628398092,0.22871845042471206,0.22205573801020592,0.2073341783515028,0.2046636899962561,0.1968285077964126,0.198354628975141,0.197238308772387,0.18982490884529457,0.18679050661425475,0.18944829453860632,0.19347132234533457,0.18906681143740547,0.17295813752646652,0.1802092586260835,0.17272881755741207,0.1694810710896373,0.16848304386262175,0.17962037551842702,0.17127986027419348,0.16292153753919592,0.1612320589481696,0.15901357439463368,0.15365546102385208,0.14459956950518527,0.1431779038566491,0.14981593187654282,0.1538735594026211,0.15221904748364753,0.160494775641691,0.15417004529495593,0.14607638072970924,0.14986250924617522,0.1567815667046906,0.1511997245554056,0.15359497231675157,0.15169560556768807,0.15575356647381589,0.15322301366378252,0.16630898001298583,0.16552343866587232,0.17561341972146333,0.17384323698068316,0.169174421473761,0.16313393047232627,0.1563878467363837,0.15949677275421584,0.16075755785693144,0.16830080761355487,0.1684622900007952,0.16404696499951715,0.16888598066496796,0.18216557123747473,0.1590408909552227,0.15885705242421094,0.16445356784300075,0.17207389922232416,0.15457241774596914,0.1572671440029874,0.16975555702042974,0.1593103897060778,0.16734791275714628,0.17326063430000319,0.17588925119215937,0.1749249264588154,0.1749389437479867,0.18388580274646638,0.1876716187527556,0.1972406794913399,0.1906892892416739,0.18633592773525287,0.19638772988486417,0.17754207854253476,0.18417399132037252,0.19111316286734703,0.1871350769056196,0.1785094040052156,0.1876129878895636,0.18667549001249942,0.17761690575756223,0.1798257167546337,0.19600881360539546,0.18799889646268791,0.18246921345467423,0.2032207360441046,0.19650684367653934,0.18643631057232055
178,0.1772719818441105,0.18019369877964578,0.17656527696303553,0.17487668012602817,0.17258299442312983,0.18410682988514476,0.17607098750197087,0.1950851266895773,0.19135261428926223,0.19653055020505683,0.19246714315348737,0.186671320647916,0.1914996127163116,0.18390468792294562,0.18797721025239691,0.19245934348477617,0.1926754579996538,0.21116833711385324,0.19839959441588553,0.20851667929005466,0.19684770236160012,0.2009241084814248,0.1937832342397862,0.20679731704882282,0.20468692421416562,0.1969184914149475,0.19894595342900864,0.20716767878012762,0.20358973168238323,0.20221025646282823,0.22342717790125746,0.2086203645654454,0.21129756876699265,0.2199343175587405,0.21594034952792523,0.21895506701412829,0.21980790145902096,0.22524911846528747,0.23969512428451467,0.23666743286109188,0.23006195183217526,0.23393575234326894,0.24218994021680754,0.23563939553067156,0.22995184582036673,0.23948035871551243,0.24003529198888912,0.22615989820253402,0.23136086535418335,0.23422707768530435,0.236500846754248,0.24644397210663055,0.24181186132191868,0.2532147499132667,0.2473332475888797,0.23306636350639703,0.2341782736066147,0.23375391858703162,0.24562473547087155,0.23461544563888445,0.23348947034391132,0.24043589246350977,0.23056596537142296,0.23371102493140583,0.21916328430601745,0.23434980689698764,0.22920115404175714,0.24445746282884767,0.23553182652438262,0.2424407394787756,0.24339614756198868,0.2397480591052597,0.23978852707474607,0.24081032287910922,0.24566619538648976,0.2565877981705785,0.24645010073157075,0.25286516235031853,0.2583872025280698,0.25827537453229965,0.251985760578405,0.24822796105563247,0.2590872253319225,0.26418551375631044,0.26130938029733236,0.26129133030825213,0.2590180324086355,0.2557560995290983,0.2601812524816625,0.2596294778985458,0.25218078948094586,0.2509816094851233,0.2575775452525481,0.25600296777346043,0.2543987657833286,0.24905341435797745,0.2596019796824486,0.2584841989682337,0.2541932418906532,0.25547005412085716,0.25407854866588364,0.2712713945420644,0.254428642052601,0.26522410954601844,0.26265338364804286,0.2814057712631052,0.2615459503430986,0.2609618364862533,0.23787779271693227,0.2423944657635117,0.2410147377768315,0.23857344400219543,0.24052399019404005,0.24715027612148885,0.24865832279570282,0.26170257749223674,0.27673812875178255,0.27826270333157865,0.27244133517661645,0.2702775664935887,0.2791585925166903,0.2905313485805096,0.3006332418157905,0.28894753907901827,0.285749184739857,0.29106567991269966,0.29523782687314454,0.2806325225053148,0.27451747777180496,0.31148633587326136,0.30179497198890715,0.30298281759285717,0.3012319269891067,0.3026063240982262,0.31069338016987835,0.31992265846329226,0.322158059010302,0.31565741816473997,0.3088317909747275,0.31418540016019525,0.3212462006441991,0.29628113521341365,0.31006446736797644,0.31638799769239356,0.3163530311309726,0.3242925711289789,0.3050225868917041,0.2968212570456439,0.2983527189407001,0.28314506720963767,0.24757232771987228,0.25383236722937325,0.25295251396754476,0.2471856757148903,0.2394758370821864,0.24193761773198297,0.240978723762264,0.2447670761262371,0.23724572746331027,0.24623546272304728,0.23877134180505014,0.23989881348663236,0.248402521505281,0.23765097478388886,0.24272734191557824,0.23605624803148376,0.23462916767965578,0.23669293775033898,0.24345544937314145,0.21526979636773927,0.22260709388101738,0.2184347852686008,0.216491724553933,0.21607832270119315,0.2091959632921847,0.20420191002921298,0.19094065147007697,0.18292960642940673,0.18700301129362412,0.19927411543456694,0.1957222185817623,0.19265207897687095,0.18293798872004777,0.19037100385023303,0.1815090567972988,0.17126708262975243,0.1720045756011542,0.1753467819880831,0.17095066714673374,0.17195333369619287,0.16180476237950586,0.1629868250994845,0.15381333900581537,0.15057816487268375,0.1464181785822473,0.15256678691324493,0.1504630981396058,0.15101323113856496,0.15913140600403602,0.15260051524978746,0.14992705145119997,0.1498400812979042,0.14988045402180647,0.15522368880833523,0.1624043284465539,0.16030611899865252,0.1629484373481043,0.15301499766723453,0.15718966920251393,0.16374973279972277,0.16597428254363436,0.16699708867904603,0.18255902179388775,0.16802391513055392,0.16854171159227693,0.1741145641339733,0.16760230997914463,0.16373555642012314,0.15968432984140252,0.15791486013666148,0.16227704844672,0.16393466592908118,0.163519556290384,0.16984110237110697,0.1639641492617788,0.1551418621763029,0.16121754370565491,0.1666260503250789,0.16001713854072472,0.17083332742976132,0.1629496004804481,0.17027339684015388,0.17682366993085724,0.17426721873079323,0.17278657656293647,0.18341700600871316,0.18843392743378248,0.19140329065132203,0.19274037516785272,0.1925658628611207,0.1870849705917273,0.18510860161892023,0.17562223509627523,0.18266784278251863,0.18896227110003708,0.18409538435659717,0.19292313029551544,0.1802744171059075,0.1773035372618013,0.1824640456718978,0.1869519932982135,0.18684922463281195,0.1925835553053198,0.19252844359755975,0.18936359939321404,0.19703180685401747
179,0.18584154186375185,0.18416627329367136,0.18404210842926172,0.18621034296676622,0.17625623948702082,0.1749764092570608,0.1795578100689518,0.17917128152566542,0.18950457538247772,0.19376904552336852,0.18741204516411672,0.19761410510416777,0.1952660045484989,0.19600987422664995,0.1882774033273144,0.18973344836636025,0.18725865512679005,0.18277146797645738,0.19650486185160035,0.2042934769887697,0.20416480582633964,0.2079864776514657,0.19804913047688724,0.18413158857366332,0.1883609187099156,0.1941652471857757,0.18536844210438935,0.21034626262707704,0.21593254329885814,0.20967632687347437,0.20064821013463843,0.212356128966401,0.2156386478767924,0.22250193899688545,0.2412777087441755,0.21147814875153848,0.22831282091610958,0.21891514097106146,0.2255051683927925,0.23874907629429087,0.23179656721350306,0.24386821530651956,0.2332751084476077,0.23188705232877593,0.21973366525534951,0.2328184534464678,0.2340879185409851,0.24397987249098987,0.22746197201172888,0.23389998825414324,0.2262061457445088,0.2378411521439174,0.2467724085988269,0.2495415681975443,0.2450019268814484,0.2500245763117526,0.2286080399001095,0.23355770548004592,0.23168098983345495,0.23815845266447017,0.23973194007018783,0.2412224366117246,0.2228212467985499,0.24199962889894416,0.2143999106347454,0.2201167541178439,0.22572694299604917,0.2289337910116469,0.2395176378726895,0.23382960714155243,0.2599650710427945,0.24933388267524204,0.25198924191438893,0.24024695946523808,0.2468049694358843,0.2504043678015947,0.24093927544885552,0.24659689277483451,0.2611824551581626,0.2561887177433398,0.2621102471872765,0.26043119276646415,0.24549627115137257,0.23882055319989023,0.2522162126999419,0.2595858407816196,0.25490127042889477,0.25230914970517154,0.2538650996946625,0.26039881287051786,0.24921288913075482,0.24966404352034427,0.24178469137994338,0.24602084170154995,0.2545100873457492,0.2575235793329716,0.2712108126373081,0.27073287799077234,0.26805752290661955,0.2620251631080607,0.26555103595052354,0.25259630885642675,0.25888029808721413,0.2771385880392351,0.2651624359085654,0.2570614778632941,0.26200706367616333,0.25289951705350067,0.24420592684194306,0.23255554543534535,0.2526387710131897,0.24380550077058208,0.2566935758957001,0.23767094884633413,0.2613509000043143,0.25767127118678373,0.27408419956072605,0.26657719875641567,0.25798710552677484,0.27535058277789487,0.2754901021053703,0.2861554356895667,0.3029193386651765,0.3110985593773464,0.29419548272933954,0.29281545813442883,0.2857129991314961,0.2966381472872409,0.27980856229000156,0.2766635848618655,0.3005750998146325,0.3121741946544274,0.2976336292264432,0.3085787390185908,0.3058489543140269,0.3171582406103912,0.33392120581901114,0.33364913249488903,0.3040632967848279,0.32182294148282087,0.30044086244851487,0.31736570904804157,0.29325336214821346,0.30215514940173166,0.30460217494811553,0.3014602118424209,0.2949965928532951,0.3034044875524517,0.2855459468499343,0.2812943440833832,0.26496956941673505,0.24983409126318243,0.23440312646648065,0.25043890716759315,0.2301230386422788,0.2455875236619079,0.26438207084956405,0.24112980781175897,0.24831908539823216,0.25423304551344084,0.23629813829422786,0.2640286164812218,0.251330965728875,0.22851378298374322,0.24428966840032101,0.24534612323842883,0.24943885252686124,0.2365401130292564,0.2394588541488331,0.232379065028507,0.21726101292774708,0.21222810683784452,0.22482054692771936,0.22122255302185342,0.21104054512434378,0.21492923851250698,0.1990624248221665,0.19912927795949498,0.18731665768181824,0.1904781656246071,0.19950659071034982,0.1916008802603445,0.18364850614200404,0.17905365885995866,0.17445675898576798,0.16897046529646925,0.17526810859494177,0.17382058210829526,0.16461636214879338,0.17371675171302045,0.16571079467460165,0.16114443051808358,0.15858138261796503,0.15872231897005254,0.14881886912188202,0.1503463883999,0.15371384990260384,0.15650023715583825,0.1505528565100114,0.15164531585171837,0.16167851069018896,0.14895016889533227,0.15318773682261827,0.1546158456151383,0.15818816929189702,0.15182140283350753,0.1518860892243348,0.15035538948850297,0.16536854299539727,0.1724278845325267,0.1681260462602112,0.16987681114324438,0.1706036034514323,0.16880064431406594,0.16577303932073703,0.16556403418014973,0.1586499355468806,0.1649481313835015,0.16853472626764876,0.16481756741985684,0.16402581336585778,0.15856995392471293,0.16206689064943736,0.15857564991168202,0.15678589879932062,0.15570981904624437,0.15281606062018305,0.16428537370404253,0.15700265621958548,0.16457501373151404,0.16832533985605969,0.17215458746673742,0.16790313301497722,0.18606384868990752,0.180897098063908,0.17655511334120402,0.1827776545299645,0.1846633883174353,0.1917703231171224,0.1903564075068298,0.18253573546356644,0.18919785136218695,0.19332485806480873,0.17875907553088766,0.19643595835615393,0.18822031677495923,0.18408855976896513,0.17556664094062294,0.18529350650193444,0.17488541824940923,0.1803890203411926,0.17936078664722294,0.1789030316149693,0.17917561342781202,0.1884560568758761,0.18675171552926498
180,0.18419485705557748,0.17489178084434812,0.1732979398932263,0.1877558165335415,0.1874694477333909,0.1882635310466424,0.17041875961907835,0.1780530018600629,0.17959196405028127,0.18286605673292666,0.18422887496791063,0.19192824848495202,0.19219186450236064,0.18558702073227754,0.18401320940605198,0.196668434151004,0.18116078755052042,0.20753870380732994,0.19703856683924886,0.20338481745747772,0.2102155798273237,0.20348850448507672,0.204622694868701,0.202175399522146,0.20157506104817025,0.1995482778639765,0.1934527465467316,0.2038844763040083,0.2079974449009026,0.2092763248667792,0.21843468467568788,0.21023721749578012,0.21047760823753336,0.21484908082017404,0.21767853202630746,0.2220070162533394,0.22483442086998115,0.22773181109699764,0.2291840554123728,0.23429234543816957,0.23808355572181952,0.22595861287199606,0.2269023532166541,0.22657771881261576,0.24509767976993319,0.23625499537512878,0.22454035244943046,0.23612566824378958,0.23808909268343093,0.2319107070625791,0.23138110990687907,0.226036201269886,0.2356194836948344,0.24851373696283174,0.251330965728875,0.2346633682264139,0.23141073407614962,0.2376604417329837,0.23144105482376232,0.24962179395179598,0.2511961622454225,0.23075876181853266,0.24520182599009213,0.2278612628541699,0.21433036324515498,0.2159390070353179,0.20712665901770966,0.21652198504908698,0.23199049951040718,0.24242025292051625,0.24015614298958574,0.2626473359000122,0.24580618134968182,0.24327949184748315,0.24040300944067763,0.24904842524784016,0.2535163654836208,0.24733956918458802,0.2553106903906706,0.24590932629845805,0.2445764291796175,0.2620565384185729,0.2650775817774397,0.24577912853325445,0.25505156927981876,0.24940048861791084,0.2656280903136673,0.24970170052214338,0.2563710605676402,0.2564176997878519,0.24380819542344925,0.23547684047159295,0.22742080894383904,0.2520124520501198,0.2581380351234552,0.25719469120156224,0.24584778510928992,0.2562524344683499,0.2547563394759369,0.2509830542555633,0.26354270547405173,0.2630613230255213,0.2594406358161201,0.25546123065015913,0.2565163194845466,0.2437334298592013,0.24664300328407676,0.24339682009132713,0.24498759820073499,0.23726828983713305,0.23467530987570492,0.25390075950459656,0.24265452812237234,0.24544766222368453,0.2434121206358093,0.2581326857157594,0.2560430547776859,0.25699696821297274,0.2556036198535399,0.2670705495099159,0.2813105371535386,0.2817526438651606,0.3009643116468708,0.2956037914009319,0.2981926949432827,0.30123747593737127,0.29846609259247536,0.2979511047150664,0.2880792647917833,0.28001416407533714,0.29201825403078985,0.2992733189477614,0.313793540999977,0.3025826346139671,0.31249134982554266,0.3027450144561334,0.3324084077119965,0.3313439154929473,0.3320343384087184,0.3293828629076904,0.319758427871997,0.31799917992374943,0.30614910912255394,0.2788303218222505,0.3015456028821485,0.32144598085169146,0.30111403599961983,0.2851911208163613,0.3077506649678775,0.2789311388392966,0.2804058048628019,0.27526183454257364,0.25854789127343364,0.26504706534972583,0.2584377789515751,0.25527424476766003,0.25006447570338114,0.2515747211602962,0.24486634568640045,0.25131649837190556,0.257917612528173,0.24078237839313443,0.2475392096611845,0.2540937600956559,0.24523818880174506,0.24226484593167658,0.2543958369261595,0.24629029561019952,0.2469332088392794,0.2172306991673755,0.2263781987518354,0.21976690904370003,0.22226127431132836,0.21385854118473197,0.20930013092206573,0.20561708597774292,0.20300862514572315,0.20440409870019116,0.19994840956202223,0.18760793361767636,0.19869033865755964,0.19919979401483712,0.19222868720117064,0.18950134641695074,0.17510433584625323,0.1744057101912707,0.183240766596687,0.16585990030468148,0.17198184353656146,0.17430935665996672,0.16893584171446227,0.16971741174919894,0.16832561116467115,0.16540091204999116,0.1610384196670404,0.16110666218063802,0.15913085638458024,0.15518259143833946,0.15898340713222184,0.14741782522476599,0.1404940719910841,0.1531105089079328,0.1492959408432413,0.15786250863027512,0.15515293661905943,0.1559139592228523,0.1455214454900034,0.1550347309806231,0.16011060552795556,0.1670681640211698,0.1575375184035346,0.15929017889056252,0.16626927381569886,0.1670317379762715,0.15955242157600039,0.16350453392453074,0.15896100505390354,0.16512757383458473,0.16042804826708942,0.16697198108371247,0.15910528285855477,0.16583862947480307,0.16179999356358904,0.15987994861243343,0.14956845240361713,0.16448840901992015,0.16123105657483977,0.16529746755489377,0.16403076109292333,0.15944888990532946,0.16712533853761555,0.17161782751496057,0.1729563055823542,0.1778003452739834,0.18276119960158937,0.17296630186115378,0.1811003543178211,0.19105024545856789,0.19328257373078586,0.18357160286596041,0.19047711300627232,0.1833660374667362,0.19201731826771065,0.18773631974502983,0.19042997044175922,0.19412532686720663,0.1886907453519986,0.18228116684962242,0.17992226098336778,0.18192312184227738,0.17654543811681966,0.17022937318517536,0.18950265545039804,0.17847648329048996,0.18263121147721176,0.1875250543477121
181,0.17679667784370343,0.18032556433349917,0.18719976533893257,0.1873190730476351,0.18968980933241386,0.18906507007573836,0.18382153992898226,0.1845454321281938,0.18153831495855444,0.1683173558269979,0.179370533558026,0.1830731271623038,0.19808671506095765,0.19021203853349453,0.17877932779076844,0.1883922356835568,0.18573780120838027,0.19595829857455488,0.19813614547135153,0.2179187504562576,0.20564208570159712,0.2063222189991939,0.19593461144680122,0.19393218919526686,0.19963112445047854,0.20091840877763098,0.20435261521821108,0.206962804136991,0.2089187891060087,0.20624332421840733,0.21844569987484228,0.21035546529158494,0.21212790361197778,0.21486699000668583,0.2241300561860796,0.21370554947145698,0.22546622839230415,0.22925013495359195,0.22976744767586066,0.23682819227700252,0.22840909865589165,0.23132315128035771,0.2138067440866047,0.21285683486587123,0.228857263144941,0.23718094768177128,0.22516817092732994,0.22136660268759256,0.2202945738355196,0.2275820473191019,0.22663255763950332,0.23354356212358374,0.22300469165918227,0.22544271188930057,0.2357613990336721,0.2455102338669677,0.23056893841801787,0.23712978088487863,0.23919714956474905,0.2323783159281149,0.23509397546167818,0.23529440482039776,0.23264638039745766,0.23504255531692972,0.21082213154018556,0.2246826823433039,0.2144304218611227,0.21922188108714163,0.2212153198908138,0.2295744750907356,0.23452054782603832,0.24198341420230876,0.2425674931803476,0.24728416105628273,0.24095320090917938,0.22934971246777694,0.23973613533115107,0.2451049600996603,0.2442488907172861,0.24179749650501658,0.25247070920204745,0.26403955977841687,0.2669647985937741,0.2596958442845472,0.2582498036540484,0.2545347018435384,0.24993386200119067,0.26973108540442076,0.2639581038892468,0.2564879698198748,0.24913113121622749,0.23289389272702954,0.22751498174294843,0.2387577623453047,0.23897430101699244,0.23938558770350934,0.2502527162376548,0.25421431362049385,0.25822601906345966,0.2615140340048866,0.24685992914350732,0.265239988249425,0.25863839704578134,0.25525778715941877,0.25815527285793,0.24282421867528864,0.2445851019671991,0.2577958964210419,0.26303103871481276,0.24690682791730303,0.24070915039564314,0.24070050419942865,0.24822693223895953,0.2532351574333782,0.24768100430626985,0.2516448228619872,0.26004230084109387,0.26734249695109874,0.26409975602107755,0.2611163101042121,0.2721955369357115,0.27577951278380364,0.27549327382064,0.2748849735493381,0.28538687766334037,0.2924738217062182,0.3025464072251224,0.28545062615652605,0.2958414347298396,0.29325066119737114,0.2976480214363174,0.2943018553462177,0.2920364093108616,0.3096499398619819,0.29845853300888076,0.3152245257435538,0.30623794373977187,0.32596952527823375,0.3175667321127601,0.31504384555224,0.323759111842742,0.31819327748082926,0.3293517686605843,0.3125798655241962,0.29744042981251406,0.3148132479334288,0.2915962939466325,0.3069749943191802,0.30208767035730993,0.28286225546802546,0.2897130111401238,0.27723304814036387,0.26526625126821896,0.27008906411875255,0.26026453924611276,0.23831802987459366,0.2622635889359387,0.24796529407860837,0.25287506068445437,0.2509770440651973,0.258797454291167,0.25670007762485364,0.24191945754194624,0.24619606089750642,0.2482931281325826,0.24486409039439708,0.2528948585151436,0.24806123411373385,0.23031191159646583,0.2380144367726578,0.24688602081635425,0.2388786851948304,0.22804691420369375,0.22612282367008302,0.23516132579827512,0.22126616056850562,0.21056956502126598,0.1936570000979693,0.19442271343037304,0.19802330290650608,0.19018457920706427,0.20241071081055562,0.20395104270471762,0.19076710979407321,0.17693978694608106,0.17893438295411102,0.17917458201303946,0.1758336129983181,0.17891592578451146,0.16238611811302447,0.15995274590234662,0.17224368172487983,0.16513757393100034,0.1601783811011171,0.15755928451953782,0.15668881640568222,0.15195185281861504,0.16691224556964274,0.1582264192962424,0.15293081395068026,0.1477141160793369,0.15380731826252847,0.15425704229538345,0.15386647342650128,0.15069956544798335,0.15636516231330605,0.15367739848570255,0.16769433822524896,0.15591503624204703,0.1506378123579331,0.16499428440285477,0.15572093403128748,0.1548973543272218,0.1622337847675467,0.1625428985304391,0.16194498364861598,0.16683466744773187,0.16291838638775955,0.1619733632241817,0.16226501714659675,0.16368945397100765,0.16598280515140676,0.16679233937601243,0.15889048840640146,0.14946138418253757,0.15454537048561404,0.1580996833113239,0.15752953824774904,0.16711302474125642,0.16165554273653748,0.16281690689494588,0.1752075029016673,0.17128786650630345,0.1823569836649148,0.17848638763598085,0.1880137882433645,0.18304505465404364,0.18874923495186594,0.1896811613463916,0.18290888402276675,0.19126358859767492,0.19709456113539062,0.19195463358651163,0.18605849341892217,0.18223038805816133,0.18463073560156518,0.190370477836437,0.1908215855010725,0.1887730966135252,0.17738916931818707,0.1884388737894383,0.17928951813660354,0.16885261854211675,0.1845799822979009,0.17767384462518626,0.1817492803865412
182,0.17614977792693942,0.17249793482816028,0.18886644250067672,0.19311521857612293,0.19200365674469194,0.20301504326200034,0.18790113351796212,0.19245269628934009,0.18248988604945104,0.18116466697665567,0.17902884094567237,0.17557472626939824,0.1856050976676868,0.18634425157515724,0.18283039603409,0.20020269067789853,0.1918449183700791,0.20870809786542113,0.20275563360121973,0.21088374235640203,0.20060710011433877,0.20233555267844935,0.20485260923918985,0.20734850098383356,0.19550613493454658,0.19899653299206432,0.20352361124892682,0.21197927379408157,0.20186798592226443,0.20976218585813752,0.2130034314954835,0.21532849252807962,0.2088995478605367,0.22118190793268477,0.21286663751108179,0.2220398370801286,0.22117915778289657,0.2282547899416584,0.22910881549392206,0.2221836003664585,0.21423829333243508,0.21293698473143804,0.21986140552994038,0.2131796770733691,0.2234376731335702,0.23581227056728743,0.23247186513716447,0.22043558288753132,0.23021059111863798,0.22525031137554977,0.2308011136368304,0.24100502622600548,0.24268648973751855,0.22308876537079284,0.22741541535342372,0.2308669151885,0.23153182765666888,0.23436486250996091,0.23811321560280904,0.24656992325908614,0.24424680983188757,0.23923956275244426,0.21839585927114197,0.22017342585084973,0.21435084505055665,0.21845948223046105,0.22043065949714857,0.21398833519912358,0.23084783187049723,0.2409980896435723,0.2287062326173414,0.22707456976001172,0.23389611054897816,0.23772124713985215,0.2514924779536537,0.2507486479731502,0.24105702920589692,0.24812578608860672,0.23792786086008,0.23841742877776706,0.25301659099772567,0.26236808171860687,0.250071788403425,0.2606921777163701,0.2547997514374141,0.26777868222023365,0.25469475411531695,0.26780581325546754,0.2617724875529381,0.2456529025641306,0.2481994415505558,0.2559015992458308,0.2470270431429522,0.23890068774805243,0.23013040406265556,0.23785840372853084,0.25586094524610586,0.25180769639465983,0.24104609488375062,0.26300015230958623,0.25703957827688634,0.2514884244065064,0.2389972479048821,0.2516987159585864,0.24648131368601348,0.22518196262173065,0.23231090678053148,0.24295027780522405,0.2423696858857889,0.24414807251913545,0.24291453390021756,0.23642309589484742,0.23736981974724056,0.2374602386841461,0.26112051883579274,0.2676960728162514,0.25432496886351164,0.2577626571327685,0.257917612528173,0.2682186671154633,0.2649268648097677,0.26487745806870033,0.274239494678206,0.2820635710710433,0.27685922572636557,0.29101005833777654,0.2992299086526231,0.28600524654603704,0.2818266121487721,0.28197850262765606,0.2844002671432433,0.29587617797373367,0.2910904784983894,0.29276556917921304,0.3197952435407053,0.31810463711078574,0.30154351988611267,0.3259837864690126,0.33718325592656,0.3186926151676948,0.32731582274026494,0.32141267552464203,0.2953459364868263,0.3183889597414465,0.2930400636582475,0.3023736901099923,0.2999314451027789,0.30012349827811824,0.29818582888178924,0.2893490094836546,0.2751446039607606,0.2742306543838825,0.29671738988042407,0.27742206494112676,0.26826004925986496,0.25911765220795413,0.25852348395621905,0.26329644781988787,0.25516670173439565,0.265418994756072,0.2672181789375362,0.2569159102365333,0.25318501618521183,0.2418560189895847,0.24756223792806517,0.24283199061528543,0.24997081144599617,0.2529897931743362,0.25197473666508685,0.2361613919993193,0.25505509297180773,0.23871955707789758,0.2587152327189593,0.2451538398502721,0.22272045235372273,0.2157341510334427,0.21971383269630743,0.20961502054451844,0.20349976404339226,0.21318384946114569,0.20744157444862946,0.20280776078563806,0.2034571328225809,0.18883891653594428,0.180617821590293,0.17403592265084178,0.17607386599636113,0.17133090148481323,0.15986364096681932,0.16354211125558765,0.1596337074006485,0.1658453503039715,0.16582755597539742,0.16579880651382994,0.16797091964718844,0.16551920815692892,0.15735842497069544,0.1528621628027267,0.15523012242519463,0.15567432811587328,0.15018480673072082,0.14524159180287882,0.15115064334061323,0.1490458883904995,0.15137355136459263,0.15053829746196462,0.15404372076270348,0.15284878821864206,0.14889598942212226,0.14763964763041906,0.1537591607996161,0.1471421169518851,0.15618380534403273,0.17232044203340607,0.16461658957485936,0.15956553768916099,0.16144143157586185,0.15784796962546674,0.15338715772042386,0.16188633834167013,0.15281993126101615,0.16081612751252547,0.16712229848479143,0.1627776596187665,0.15025709910343565,0.15667979693196368,0.16287213899896666,0.1496711170607995,0.1564760952255332,0.17918056430136864,0.17337700641206782,0.16962837434934733,0.17606798743113988,0.16577563494545586,0.17903609632555595,0.180412780559019,0.18391518993638184,0.18657673978197653,0.1925818702406021,0.20115531863685568,0.1920624656819592,0.19336412401167552,0.18717468029455464,0.1966227925908075,0.19752392187093382,0.19466635631117216,0.19010419478960638,0.18462355107850062,0.19301839498893014,0.18695849355159702,0.1779784007345317,0.17638290861829176,0.17719460708229165,0.18951408806017178,0.1826088409756559,0.18566382780594576
183,0.18346013130400007,0.1747856604876015,0.19300755092635244,0.19083173551688065,0.19266898079462325,0.20132419442971192,0.1893610268584617,0.18088535227214575,0.1866412781863035,0.17119887244989282,0.1825285063768287,0.16781473829826496,0.17989479589709692,0.17347136665834054,0.1893569719170162,0.19928758943249342,0.2039239524359995,0.2009165443803974,0.21600380425268292,0.1987323554542092,0.2009565239946577,0.206268922528998,0.21618188531978072,0.21058663258574745,0.2102294722131264,0.21390882394170693,0.19683518828985833,0.21757189782592165,0.20666845842125567,0.203741096909172,0.21084489971313117,0.2075169138273332,0.210614612807505,0.21365354345044918,0.2117958762659061,0.23626054421204062,0.22914854289138828,0.22169413303674532,0.22024466638463255,0.22162221953550096,0.2214745867467639,0.21054420866601053,0.20712212826306853,0.2252160825478987,0.22850683761321375,0.24002434874498324,0.2422005360445592,0.23583203578818787,0.2396302826421301,0.2371001889082355,0.23673256297614387,0.24409028810633568,0.2256951881691771,0.21532383194405363,0.22959995573631753,0.23805768172695901,0.23897028416251104,0.22666079098248906,0.2380180539202033,0.23714605258578755,0.22918036143161605,0.22718021174722747,0.22583320602332885,0.22349473672296527,0.22876427301567817,0.22257270297167578,0.2144898769150018,0.21979848770962046,0.22073637187059722,0.2448889561366911,0.23610446491753478,0.23076965458015944,0.22677548268518313,0.23658810189087953,0.23857075227266727,0.24232928449130164,0.24552634567945344,0.24982937414083004,0.25171842169212044,0.24135994599929528,0.2492622437312303,0.2624194373549753,0.26247563797903756,0.267231100394441,0.26156763158672863,0.24838078767429372,0.2583497228597815,0.2707066970662128,0.26314734948215845,0.25220808234090636,0.25700762006669553,0.260610554331854,0.2529670755038529,0.246913934569342,0.2471773091155215,0.23477227046146446,0.2466695264107506,0.25442922789687394,0.2589530317603995,0.23366033768574598,0.2642840782977536,0.23735320477682187,0.23718815669827767,0.2317664667215942,0.2543876363054731,0.23210697951708395,0.2197308319230293,0.22509264268248538,0.223189520934246,0.2467672379013277,0.24288679264770963,0.2487576239929565,0.23599516208587326,0.25164134628429546,0.2528867062795045,0.2519880814637169,0.27003061155783936,0.2540270705833796,0.27010399020443937,0.25879685838869276,0.2555906721016236,0.261257038763879,0.279298112021788,0.27751662166271185,0.2887998743856583,0.27824668570379185,0.28793801077826314,0.27158701387040285,0.2802302408091559,0.2890480208169885,0.2834275090957779,0.28391412524167103,0.27642670690861915,0.29272377686903417,0.30226300802912753,0.3114956599221293,0.30056333434925664,0.31711150588845255,0.31200316530206174,0.31250286264439603,0.31722689472064725,0.32648332141597525,0.311493508193772,0.3103937729818658,0.2866856797341652,0.29587549669444124,0.2958400723328216,0.31875719759467536,0.3017769049060308,0.29223215453996776,0.27964174273467146,0.2840187423408651,0.29155198324522547,0.28619299529702064,0.26515205660748364,0.27268547172744134,0.2626751566940168,0.2667749210184479,0.2558356134114624,0.25573136691739223,0.26881716708950615,0.24995222093355443,0.26106100165049745,0.2518129147265623,0.2532853086116141,0.25196197273638593,0.2472673645384736,0.24781957052286224,0.2603430569310292,0.2517827658570161,0.2437933752012303,0.22880394066958576,0.23351366491918654,0.2509702249850325,0.23651936263204645,0.23185928912807707,0.22470425691555101,0.2143470446640813,0.2132911324056168,0.2147617330966204,0.21970199472600424,0.2049201192806065,0.2025035308630856,0.1961270969473788,0.18937654980232055,0.1896863588260717,0.18422794172441972,0.18257369286647301,0.1726277062548792,0.17387362155911523,0.1662393377073273,0.16567733495995965,0.15758903640830937,0.16507055063921552,0.16060993265670587,0.16704085335850938,0.1633143700353918,0.15880263340352527,0.16388809231396437,0.16110966699922893,0.15806328370474435,0.15170992721734433,0.14307870476555248,0.14452700400604995,0.14990357834293594,0.16158528180846227,0.14682330640768484,0.1399874169495966,0.15345887143701528,0.14862504530100745,0.1486223075517131,0.14588344146783846,0.14935267310989775,0.1565640330102198,0.1595055871151552,0.17093578863853368,0.16256681606979442,0.16102800039304818,0.1620612185220397,0.15467816099408005,0.1499619227050558,0.15077870189368947,0.16068339531451292,0.15794977078566644,0.15577114062139039,0.15691411076359196,0.16113723233284433,0.1545823837192876,0.1607943557687248,0.16676722416464854,0.1732789469512426,0.171538654786894,0.16955632694941927,0.18134692671771158,0.17925855860705683,0.18632275623288547,0.1801879730943347,0.19573191717724397,0.19226724352280183,0.19983818608859927,0.19611091229522568,0.19919061936057672,0.20515135982998975,0.19717999442551157,0.19450205759814615,0.19513938412989923,0.18368178873634086,0.19379773635996445,0.19749291042724582,0.1999668194326128,0.190851905332327,0.1843097881787173,0.18666663559676702,0.18032838781730656,0.19343671132057103,0.18781907615180723
184,0.16816441467832735,0.1748952843973453,0.1866720513545665,0.192799764905097,0.19528850915563045,0.1987758549192261,0.20020539206078797,0.19686891600636147,0.1815255661799818,0.18544229781731142,0.17915556378877653,0.17870047216237098,0.1662946203612679,0.17527541335934804,0.18710332267993565,0.18747441193920708,0.19593853203266937,0.18953062729253756,0.18785449873599175,0.19970587672530857,0.19511563874653265,0.19298284296117546,0.1979842168416671,0.20515948490044603,0.21740313379090898,0.21124439766004663,0.19692621333590266,0.21150020857542293,0.21334953468461634,0.1966933331893762,0.20433868772998978,0.2185895520065259,0.21732500585618256,0.20274797720735158,0.20146111812965967,0.22168856898786465,0.2101775861792153,0.21914077842349405,0.21915546249287252,0.21696475985092295,0.22082620044165033,0.21027720705679312,0.2122285466442478,0.21596471473288198,0.21530910714461582,0.2122134960098822,0.2350177152978871,0.24845949604536063,0.2241902906425834,0.23395972380680125,0.23258264224782038,0.23311987416521088,0.2413304929503865,0.2172280481650524,0.22061569210496623,0.22220805603195687,0.2316693605841116,0.22386680442849638,0.23399097119929754,0.23861832894704224,0.2323358886836312,0.21942716901189913,0.22035149430150539,0.22018072631177524,0.2215131433871416,0.2119503314213394,0.2088138015613558,0.2214034072015485,0.20849613084999466,0.2208651527642997,0.22794254872425007,0.24261212401601326,0.22568822453277163,0.23827874278913974,0.23201192103177784,0.24048910162649625,0.2571668587125142,0.25749452544424073,0.24948107113178186,0.2538440569110341,0.26164834979047036,0.253491265777045,0.2606771715002311,0.26550518087082275,0.2647366079641433,0.2660302361714202,0.2698857783616145,0.2629069094869822,0.2582920266978603,0.2553400858122634,0.25680294506673496,0.26158750763893,0.25536948461832404,0.2554777013753098,0.2545481822201246,0.24426986928194214,0.23879938280941723,0.22579280562397586,0.26291780629234934,0.2607257947753425,0.25167727323669487,0.25551888283432866,0.24555218331922282,0.24778704699523857,0.23869603227150574,0.24908369523932675,0.23411470873924928,0.22640395021664436,0.23241117160056285,0.2323841482735287,0.24498161876291577,0.233660606697306,0.2372768127448695,0.25888149027778967,0.24476814696291893,0.25487192552488197,0.260368235554266,0.26760301365408057,0.25393233138498583,0.2733354746809827,0.27417130550175756,0.2726145303472783,0.2725756145996257,0.271329490930873,0.2852607370550585,0.2796153441255482,0.27265721852361086,0.28747362142563804,0.27729178280817834,0.2825348339648243,0.28712102782570564,0.2877782716769243,0.2757807827983181,0.2759770703134991,0.29230012427289565,0.31631005669348866,0.30347994731691946,0.30805907000579547,0.3106039682946899,0.33100305338061753,0.30669945199944826,0.31517589879787467,0.3141825064190461,0.3081974208468776,0.29098526660324253,0.269599448835511,0.29684312844986255,0.2882053244987119,0.2914667376571369,0.28674113502348686,0.28072106316586176,0.28667115750219807,0.2794338407089112,0.2892344370499146,0.2790628337686904,0.2857228674793056,0.29164598365055017,0.28365209792057655,0.2638918635286804,0.26417213128350375,0.26660604970168117,0.24891461676528803,0.2505656884327842,0.24729782686163104,0.2518105954545883,0.2500082268850416,0.25090192882806256,0.25299503600339823,0.24229619831097582,0.24260324188115046,0.2438905089599584,0.2313568166562034,0.2233240524600776,0.2405259839793392,0.2289669504895936,0.2394987769821392,0.22859472263455485,0.22660391039310868,0.21457395196751125,0.2138867098920789,0.2189107555995465,0.21145341331944806,0.2038401076450354,0.20097916150737463,0.20005516572687285,0.19550865590006636,0.20324970316341276,0.19886831316827844,0.1810915141552931,0.1772051747440155,0.17359103797630548,0.17165896908576578,0.16518271498123652,0.1630153872495118,0.16952470605076886,0.16551440608861698,0.16174989223706326,0.1620136103326803,0.1689957955786379,0.16181232571171567,0.16370539799378966,0.16392681466792164,0.15006727622176472,0.1440028210127817,0.1480348609180517,0.1499021976863146,0.1555009333143964,0.14565050675942512,0.14919937367056554,0.1394877278498453,0.14313076747645465,0.1484499309758491,0.1478485263016137,0.15226251535522867,0.1574396080858163,0.1636973315564955,0.1601537455290475,0.1641110408736163,0.15059758239066537,0.15662749422183458,0.15703881157954253,0.153000200520541,0.16202737646707063,0.16684573136390243,0.15978183335660143,0.15432489849917805,0.15671371284735264,0.16109241787731193,0.15215281790435575,0.1644778422745545,0.17276628710870515,0.17966252540630473,0.1775749904550315,0.17978758550223028,0.1867452224652287,0.18369980698964308,0.18401159933001893,0.17930594949849812,0.18331529413748143,0.17897381681293992,0.19701317953107983,0.19650038245791626,0.2122901774189398,0.20797517576366,0.20913330461286078,0.1945137918195976,0.20187145814419308,0.19898803344393062,0.19772292657491572,0.21064856260820938,0.20000069277353819,0.19556511153259346,0.18556676639999184,0.1925175384035619,0.18934275850685275,0.1837753252300434
185,0.16427228570099028,0.18146158501675225,0.1832385725870425,0.19684133871392953,0.2003392621807665,0.2024446480580207,0.20143439569651275,0.2043454631462307,0.1958688033349937,0.18619705172118117,0.18359823421940802,0.17929897217846744,0.17394970637484183,0.16857365373711145,0.17047955379260346,0.1785982914829378,0.1976926622849104,0.19154847556136204,0.1731631191242359,0.18786743245516876,0.20153803506228118,0.19595535670315328,0.19353811195013298,0.1936012691534842,0.20394186664126368,0.20186228733138198,0.21648838469255688,0.20326379980430354,0.21193349492834823,0.2058639492821174,0.2035467769695454,0.2151675624813315,0.20652741061209073,0.19787507387014913,0.2034737269673909,0.2040706322451823,0.20944828083753414,0.22881711206226035,0.2158671212893774,0.221714756968075,0.22138408661758488,0.2151893630170219,0.2067188593802391,0.21951611098496268,0.2271093948075789,0.21834718639086523,0.2199176064167746,0.23918718080306864,0.23795695342821085,0.23014577152602808,0.21743932940393929,0.22872987887839666,0.23217064077290706,0.22119851141518906,0.2202347268200455,0.22276261119897706,0.21693878325537003,0.22812532472632235,0.23385243694883756,0.22387195921150976,0.22181468767692017,0.21832959039573274,0.23571444626063157,0.22589582272349326,0.2337519809372244,0.20638797978295717,0.2169760506486694,0.20570080912629804,0.20864529705793022,0.22427651549556105,0.22534327406875748,0.22470839615905325,0.24961380470128763,0.2305180302877494,0.24262983339373276,0.24318640911776554,0.24287611087319672,0.251188643150958,0.25072064708688685,0.24242019710119664,0.23128363267637306,0.23470200517152906,0.25747673896689655,0.2561834087314478,0.24997921504158646,0.25525484841245766,0.25155386822529213,0.2617104113113819,0.2775658294588103,0.26148874457847354,0.259641434553166,0.26199379155402847,0.2618201094048948,0.25487603360806343,0.24742438531186187,0.23857300453407565,0.23951901665101413,0.23102421328485367,0.23324433259729535,0.25204727126221077,0.26180684675303867,0.25001415630708274,0.2404821798933531,0.24938079207716274,0.24785820489046975,0.2319273682781223,0.2392666670646826,0.23375564095589982,0.2297685057964968,0.2212700836313376,0.2259056016490044,0.23489506899426235,0.23708632235237947,0.2469804627507314,0.25811307216929286,0.2565364023928747,0.26314492581666316,0.2545077432320117,0.26315583248718616,0.24850177776845014,0.27007538259812486,0.25470237816189717,0.27296816483628406,0.2570295169302868,0.26071378818523844,0.2514386290162179,0.2711852099209083,0.28126131311053026,0.28054917763011866,0.2768617757058127,0.26562380892920406,0.27692361989839254,0.27347019480267176,0.28773387862612515,0.2875821988510192,0.31151000515769944,0.3148103484096145,0.29649952366890236,0.29410810979917285,0.31021729027844586,0.30390930683617584,0.3146798974744098,0.32792233669759246,0.29848602332159635,0.2885154004538803,0.2946985506759782,0.2901629781033148,0.2870529404783843,0.2822890290839767,0.2900781386402639,0.29176890130989985,0.2846623301354124,0.2663949575228267,0.28637097622214486,0.27893499244200987,0.27788109400311317,0.2858446051311065,0.2747482911970576,0.27374613744435367,0.2514467345706089,0.26400855494766,0.2623553954038175,0.2591349553585122,0.24990393810547293,0.24702931835657838,0.26440276957509995,0.261406871786845,0.25512968920728263,0.23900093502037523,0.25137263637031354,0.25805305209019036,0.24958443634507885,0.22926195950046216,0.2354550448207568,0.23154110416068668,0.23708157297049567,0.22520944483202815,0.23619532641525892,0.21811277338293908,0.21548785592343905,0.20547192986688578,0.20850885336034033,0.20199552118036335,0.19512790421289616,0.19485107223950954,0.2108932113353303,0.19433668936247578,0.20273284734263403,0.19560830958825026,0.18710551988157711,0.17538825210724732,0.18273418474806222,0.16970525865321814,0.16627360006739125,0.16494824532567343,0.17652356918529963,0.1671458122322395,0.17268777744071537,0.17159190667154903,0.17310300216127522,0.16086238373664558,0.16868314904387408,0.15725265983076245,0.1457709553297986,0.15268486871654832,0.15934821392817755,0.1585293941906483,0.14918838065944967,0.15110296976153603,0.14621367735664967,0.1526774859270892,0.14971178898292592,0.14277297199951433,0.15627013955732885,0.15317609724746736,0.1666302707557826,0.15989769380951876,0.16381889794974194,0.15666103808965665,0.15849855237418906,0.15442371636997698,0.16270923380593633,0.151802876133957,0.1593497182778487,0.15963830209420865,0.16804685923613136,0.15421904165044023,0.1596046719961549,0.1585748101058723,0.1686486231683512,0.16423238507590682,0.17877809283118853,0.18151553498365217,0.1869805788821652,0.19563505645242577,0.1864521518791176,0.1813275109042071,0.18271773373314218,0.1882675625728492,0.18051308980365927,0.18746633977579244,0.2071395841360955,0.20193461466221171,0.20893884999126403,0.19665786048571443,0.20177699038264238,0.19439643669301096,0.20027582988373419,0.20284062498036465,0.2121967363323266,0.20466081535751823,0.20165234650859543,0.21102548155876003,0.18796569723329043,0.1958104520349175,0.18757450109483767
186,0.16588961529453292,0.18580602823243775,0.1794560069095331,0.19415062815462664,0.19507636748418544,0.19110427397680782,0.2015054839892442,0.1922134615760912,0.1922363004659743,0.18749232734029625,0.18944515377474508,0.1808225543849416,0.1821643128866345,0.16630806095813755,0.1720167745330094,0.16642386355396838,0.18483742088769226,0.18748529048463206,0.19113226217913257,0.17805849570613486,0.19453632171751767,0.20333372179702236,0.20260387154020953,0.2029869415472597,0.1916661414993568,0.1950118175340281,0.2174270632722456,0.21745004406067345,0.20980527346205524,0.21916631217960147,0.20126117784874123,0.2053192645706581,0.197940649055169,0.203144711149534,0.18901166159761948,0.18845189113528815,0.20896762172105826,0.22453993883119674,0.20718437519521646,0.21566650480341704,0.22157313372554255,0.21708189296818614,0.21709913846197043,0.23873934609343947,0.22073250909587283,0.21674056442435344,0.2207121798166858,0.22036387467409618,0.22597973759010787,0.22155670618451548,0.2181214117933918,0.22684321822814163,0.2210713686691762,0.22136578714439178,0.2322637854930705,0.2073290701853345,0.21412797011281454,0.22689200870533874,0.23009564558648601,0.2210534004414052,0.24334548902771946,0.22106785635117573,0.2379824328924511,0.23565659593678473,0.22238147168726538,0.22218001921879652,0.20676232163138483,0.21396897192966066,0.2253904444756742,0.22468873543148107,0.24207586925008678,0.222469818246688,0.23404264630179855,0.2489439636259421,0.24473061411506758,0.24869851954204764,0.25044011814999906,0.23314955989775327,0.24888017300873078,0.24494929847945948,0.2521221488595872,0.24757466496194488,0.2514206819327499,0.24853279275345438,0.24915000487229794,0.24724920280818613,0.25160310709954475,0.26009619568257847,0.2552472078286981,0.2671511204602176,0.2642938150623743,0.2610573949843869,0.25578319037217134,0.25237480709799304,0.24810441923910587,0.23714556114222782,0.2437402206790446,0.24374134314682655,0.23559854281650272,0.2269130639399509,0.24917025692011865,0.2566941669551819,0.2536938854803305,0.23860267044912822,0.24119449983968685,0.2377722678150741,0.24151872091821336,0.2482955865237918,0.24865276905533565,0.2287639569663736,0.2313480802335406,0.23234835389249356,0.2338680529591341,0.24857955143920002,0.23436513233263565,0.26671472915823086,0.24474430786561782,0.249293583236164,0.23998400675201662,0.24685538185744635,0.25767067787743886,0.26217362561904395,0.25126268711477556,0.2592328294039275,0.26970500135710906,0.24850029006203175,0.23785429609488912,0.2660038975133402,0.2743077008139923,0.25089632497714504,0.26248107738782006,0.26874661326812177,0.2745895466133732,0.2786294386603072,0.28525416875947157,0.28556632988645564,0.2935371004702061,0.28923976499421167,0.2914721067223096,0.3033995972893114,0.2996504953761723,0.303135640095735,0.31081573730558204,0.3167174557572003,0.2937189723165128,0.2973466157900393,0.28493185139447946,0.2818207718414839,0.2723873910531529,0.28265521329442533,0.2867246293519865,0.28066612589068807,0.2734349345259746,0.27277778593065066,0.28209994403699,0.2870046941743473,0.2769516774884376,0.28167156060483,0.2628554584520343,0.26967084749045517,0.2586800879898102,0.25707568399806635,0.2579419626447963,0.25388789801207423,0.2528279015084508,0.2454166366740903,0.253139547824995,0.2734695651150028,0.2502240217198087,0.2505824205071709,0.2442532212653576,0.24914971802791944,0.2565576683625178,0.23825564544555725,0.23077640303676622,0.22755893890037748,0.23120365746003868,0.22467145610717998,0.22433880388445845,0.21839359634514113,0.21683730453171224,0.20815416250844868,0.2092620136227198,0.20884928846857478,0.2098136311632828,0.198039212182032,0.21017148847528289,0.20373334700893933,0.20238789341306654,0.20383793921709656,0.19186828779961035,0.18947159016249826,0.18119240938017997,0.18268921093141402,0.17279712006318731,0.17543898254730766,0.17535166744186464,0.17376019688443467,0.17916765105977417,0.16824458684824817,0.16943592580464897,0.163678071718085,0.16710263568129305,0.15374429168944706,0.15009699583413388,0.14314790618260084,0.15575320783838847,0.15437110042118282,0.14489753589852392,0.15193226068580912,0.15235018993710048,0.15343166573640757,0.1474809749748599,0.1421873630369591,0.1539136012986298,0.16126785147205877,0.1550040336832995,0.15230599563955244,0.1586036946769461,0.1511436827565248,0.15099967063566644,0.15678192770800461,0.1607000456007022,0.15891613718313452,0.16501354713555938,0.16649914205727925,0.16202875687569115,0.15302592028869064,0.16527360493739238,0.16577193237549828,0.16264566780590442,0.17075620728500854,0.17446073587626845,0.1747111812262735,0.18277407724559935,0.1961526455853749,0.17991757960889965,0.18973659390978545,0.19205158688187735,0.18191315245090023,0.1884215621126746,0.20653178569025102,0.1946769797906864,0.1874057017484061,0.19824540961962678,0.20104955213941617,0.2057700674799019,0.20671847859037862,0.21376219483437525,0.2079119252643888,0.20210737433497036,0.20313486508259743,0.19717763351632353,0.20525346621721605,0.19091119671662762,0.19266529864500753
187,0.18284176291612492,0.1911118867140801,0.19056230618400902,0.19024756197990902,0.18486461897710985,0.1853005890947862,0.19746434546060973,0.192294693606852,0.18818603848700072,0.18435944837728474,0.18605802216245426,0.17559021071329303,0.18184317265181507,0.17904438265882316,0.1665584612667516,0.17956463207630122,0.18105536571720673,0.19914298381654374,0.19134151134832564,0.18749945080674188,0.18745075759852403,0.19147329015959216,0.19944578750140113,0.20833162433078786,0.19970905930174848,0.20211739398709913,0.2123569602137248,0.21000251698438108,0.21378016109532544,0.22912907402319097,0.20886222489785738,0.20585579631227965,0.20670872108948346,0.21705435300611217,0.19167170230778627,0.20194659268672246,0.1980538275898347,0.21297076946210483,0.22533123655840484,0.21221589035758845,0.22266661141926805,0.2306074322144929,0.23034500549101733,0.21945581854164897,0.21076374168912998,0.22416990098959996,0.21166200220763437,0.2146210918791662,0.2069686657784483,0.21555614098800965,0.20795764947443804,0.21834235991963533,0.23518217366242256,0.21945455525604413,0.22238239338324642,0.23209110701151575,0.22172491649101164,0.21703271334599591,0.22917292087969873,0.22769610417202088,0.22275389156188566,0.20689471642045484,0.20618544290920618,0.22510865856661744,0.23062288463534394,0.22850836347197823,0.2218313386603594,0.21682931609734524,0.21715463325917278,0.22115125078963782,0.2366116913582623,0.22742625502899808,0.22487511580275024,0.22339425488146564,0.23640246463025708,0.251808856014626,0.2373334760099591,0.23790704350330052,0.25234517200017687,0.24049663269845192,0.25641651894342465,0.2396660399484515,0.24216674254929477,0.24003827659654403,0.24673297766525418,0.24967651856970205,0.24663738097478266,0.262796150931852,0.25371958945978296,0.24921638954202713,0.26709330372782725,0.27883995244670196,0.27698611568882864,0.2668068650725399,0.2547997514374141,0.23714403221322145,0.24314189657868668,0.23408339092301705,0.2315030941782403,0.2561680722039815,0.23797865189635073,0.2529699879117034,0.2389372164608265,0.2528896177620647,0.2349244939412226,0.2445990128596194,0.22656081589405533,0.2328470284931129,0.23689876681871075,0.24760254255011463,0.2301889648919023,0.24026421958412583,0.23432946446891673,0.2387634249411167,0.23908999338347248,0.2612919319544669,0.2581826178322957,0.24683980803742064,0.25803285045120045,0.25088540649312274,0.27266161327415633,0.26722925443377227,0.26568375459185206,0.25898642455114623,0.25529658179035464,0.2567136726816024,0.24591781985237013,0.24977507612199215,0.2511915350837315,0.263501444298047,0.2500888905918931,0.27262457402274787,0.27654894116109563,0.27535755706583814,0.28633009674066057,0.2848439502582721,0.27562905746678745,0.27831396593710434,0.2864375827145164,0.2920707056973833,0.3174395245476344,0.2996222079101322,0.3135768549503682,0.3286358971439542,0.29890143496240656,0.2997298525203194,0.2866005371356358,0.2855433168866835,0.2891099243075135,0.2790172153173308,0.28259989750494763,0.2877153283354115,0.2856294607780114,0.28865893169635454,0.27933155562272377,0.2814323389072515,0.2723503890529939,0.2683508652925029,0.27954968034830635,0.2723422367457118,0.259022207319703,0.24809824947521852,0.2645178596827545,0.25523839205470533,0.25699164245166495,0.2526213199478936,0.24015641947972236,0.2517439255198013,0.27574331982865025,0.25160368643777553,0.24672252441105091,0.2403023400729538,0.24951979216039247,0.24659200965435119,0.24288914158260147,0.23026927839582356,0.23742087433405218,0.23381248624872183,0.21816375499711363,0.22016495964722146,0.21378705266457346,0.21690332023366168,0.1969177115313693,0.204530321020545,0.20831085430024235,0.21707554497196324,0.21656810678792182,0.2135355067567854,0.19953388696940513,0.19451706140434577,0.1965999350410077,0.18509457923877046,0.18700447530653175,0.18642476315081521,0.1757345687606116,0.17810692268069367,0.18986731111693042,0.16823714898109113,0.17383527141514624,0.17580369551361688,0.16861325021539775,0.16620209736368383,0.16829204973279507,0.15401641137805647,0.15755855893388898,0.16108347873644102,0.1594603819465832,0.15676243471850695,0.1526697519591113,0.14777330956845244,0.14162763400530198,0.14959428419071524,0.14091330466750027,0.14631606069381126,0.15022077562016917,0.1555381754030021,0.15776076371193387,0.152892083872378,0.15035227366608173,0.1533984601202649,0.15460053767890514,0.1572870619181618,0.16091791617890353,0.1595231438352604,0.15858010460816807,0.1643614636390552,0.16845507523840056,0.15698313578650028,0.16184306703003024,0.16464630928380813,0.1674028316919287,0.1757011888178295,0.1730163317605547,0.17070203557959593,0.17724096258778704,0.1778833091499733,0.17671523801881467,0.19560692234645402,0.19195679935893084,0.1899793948665228,0.19474638285520976,0.1925114211261586,0.193741920303425,0.19960379264445488,0.19852427103412695,0.19310588085319025,0.190135101116247,0.19349921166513545,0.1924016091779344,0.19988828921263663,0.21294669300217253,0.1979483199002112,0.19442839898399283,0.20098686217467757,0.19565897767875062,0.1951219331258182
188,0.17497483796163682,0.1799689571097769,0.17485473607314234,0.18681545414017842,0.20488676248276083,0.19236745528463356,0.19579359021444623,0.19255477819803496,0.19337481000332488,0.19428107595968963,0.18664583367060084,0.1886775377287395,0.18195772573338304,0.18604341380396863,0.19340379872921315,0.16546189732310423,0.176443230224127,0.1699662528997986,0.1912360215014436,0.1812377658853709,0.18007341465980453,0.19041317735186417,0.193815809751707,0.21245120563431724,0.210055665707143,0.20092700465910268,0.20444773333782218,0.2060412139572738,0.20447089595832305,0.23506875112202993,0.2117015803328865,0.20040899953833313,0.2055434302230623,0.2002261422937476,0.20622584890362175,0.20624512881895699,0.1982120439645285,0.20691167669533805,0.2081562714068869,0.21354868428585064,0.2143774990048594,0.21463942686372078,0.22557730303571127,0.21923409703174815,0.22459873196431918,0.22663417535159827,0.20476635519888972,0.21191524470469464,0.21362953737255605,0.20617912870417876,0.21729973665476895,0.2123130063627668,0.23324766242358785,0.21759739909074388,0.22907637392457636,0.22528636099161378,0.2137285306194485,0.2325141565973907,0.23017868254578577,0.2363206105511019,0.22654266231199274,0.2182593211062941,0.22587018106225784,0.20991689797417315,0.2359317559486805,0.21223538819454932,0.21862649889325472,0.22523921236760944,0.2252456435018343,0.2288245937509448,0.22309056326106688,0.21028810141515222,0.2162361498425288,0.22524942965865988,0.22278492476569947,0.2398793150027325,0.24912912346461646,0.23961323358295228,0.25474988697800716,0.24116989816535814,0.2412455438221625,0.2514583143872961,0.2456955552746435,0.24731320179537514,0.24312734078682824,0.23898492124517,0.25025133329385874,0.2627090294642339,0.2608867364402205,0.26312614316593724,0.2635512012240561,0.2690729251069257,0.25999081176006583,0.2579271147392064,0.24250868685924945,0.2516523556117599,0.2513413827415797,0.23321318491167806,0.2280084803112653,0.2444228479070459,0.22782779137016693,0.2273458861481433,0.24831548323666586,0.24921960307762903,0.259711392016216,0.2394257188408911,0.24379511540791485,0.23657600843392276,0.24382391482543478,0.24314833499535535,0.23377857120052853,0.23282338547426965,0.24092368654571308,0.23286558002544597,0.24592257637070078,0.24605698603064116,0.2508932631320978,0.2600932012317013,0.27029437011750285,0.2579425565787982,0.24614912709666265,0.2661803550387116,0.25853419908003616,0.2697994127225767,0.25014498476449454,0.24306526452074337,0.25055051513828125,0.25160078975996153,0.254163978496746,0.2562601051426182,0.26581592749957833,0.26462081336780385,0.2630831298882415,0.27575284382998894,0.2709673724293649,0.2721648277522508,0.29431540875959344,0.28205382910867166,0.2637995194019082,0.2807760111943966,0.31032231040215236,0.2966688854356186,0.29881128833446063,0.30052181285833524,0.2988794119021467,0.30042010944577036,0.2907669225847566,0.28544931161083975,0.28006123525141496,0.2772004940649631,0.2890886226858415,0.29006010510169883,0.2786121168629771,0.28077989028513944,0.2754685354099061,0.2936276842604777,0.2892151240745426,0.2693524932939449,0.2636076442304524,0.25959420897532093,0.2669826257547737,0.2652326594989598,0.2572811687852993,0.24360999339467007,0.2517404475729652,0.2593677651866929,0.2570141297501975,0.24633243506893704,0.2674434709461039,0.2580185914229167,0.23917269654722995,0.2458034646143801,0.23244435305195182,0.24397543443445774,0.2415408554052094,0.2419907691877926,0.21466557298738845,0.227081105585561,0.22191195526260563,0.22004712565248685,0.21133863594266675,0.20830701710784172,0.20962988688945444,0.19982072621090288,0.20282510991366665,0.2175241598786754,0.21481420671634927,0.20940714703389246,0.21194672000292267,0.19837936692840272,0.19943004993678598,0.20319743431485743,0.18965949943547822,0.18973751136977435,0.17895247117942556,0.17584814849871774,0.1762790900410247,0.17768980059830117,0.17192518486673036,0.17687998795642604,0.1710947958857313,0.1633487817992154,0.1625801799832636,0.16123621700778243,0.1613892115882049,0.1638792244463504,0.16014378911261476,0.16064562406240823,0.15577293401324552,0.1448424959352391,0.14869624448689486,0.14068215101120418,0.14473114569298767,0.14131133523093295,0.14787984952998579,0.1515590938407374,0.16037626685325226,0.1524435311268309,0.14843967677207723,0.14582265459991342,0.15067735917557526,0.15466142239733172,0.1553674364595783,0.16146689726953492,0.16409547297104823,0.160355773122689,0.1759284595584624,0.16162297627357697,0.14652509107622114,0.15943912415705858,0.15619927004919323,0.16567794533894276,0.17507748527571543,0.1735355273935926,0.17851894022767453,0.17683885733572724,0.18990486907763646,0.185022225300108,0.18864269836960637,0.19045781603433057,0.19835775758943514,0.1938473641318282,0.20147470103397028,0.1986632198247264,0.19051106287895575,0.211324816239058,0.19334052787198408,0.1980856979348856,0.19031170495025806,0.2073536096287372,0.1983159387179667,0.20012441250816376,0.20129802782460718,0.1997575096103703,0.1991889590423665,0.19315933430528365
189,0.1757472345679127,0.18237890336925555,0.16865134148489774,0.19095656772034345,0.1965079929631716,0.20676170271811964,0.20092605622571344,0.19557303256341516,0.1947469658022358,0.19203522561936293,0.1904832095015112,0.19150962241019184,0.18715334772168202,0.18158078948031328,0.1846236361008075,0.18216192204398557,0.18552306046922937,0.1913461374954218,0.18238037317548275,0.1893550098797476,0.1900752192002239,0.18348771822431284,0.20541298799386234,0.20521410128202505,0.20359268503469619,0.1898090432137635,0.19108086560961943,0.19823036471109098,0.2129419368748422,0.22532776032809917,0.21438830960872143,0.21453882612580058,0.20833330329207728,0.21847578073654791,0.2281448133714911,0.21277181586033928,0.2044553126869903,0.2030601019997584,0.20209366501662662,0.22060121496748114,0.22551960386133615,0.22431638633593926,0.23003075242558774,0.2175336765767176,0.2235649927993377,0.22206611768810272,0.23523801172036035,0.22611626336050777,0.21687780043527108,0.21677385452230744,0.22239391490533716,0.22967768388529605,0.23100506377379879,0.2306390284763748,0.2311704402021103,0.22345768746743827,0.22752441164526252,0.22297142016576377,0.22686233615845464,0.22199730385491825,0.21263629673025944,0.2183960604212546,0.2095395949192575,0.21737690449842648,0.22228809296524601,0.22073708344173523,0.22071172242944212,0.21638925913899718,0.2249957423876222,0.23802715183733547,0.2241144711564691,0.22429345457218341,0.21473102639709907,0.23780084855657455,0.22938583716292896,0.22059059900378084,0.24932463963561938,0.23430906985498035,0.24716615409020926,0.2527417568395346,0.2588719529069098,0.24259782337996172,0.2486520820032936,0.24951059968086386,0.24466919889847918,0.2423018332434035,0.2527306998527712,0.26021001036557784,0.25983760227239755,0.25550946934420316,0.2503202016545466,0.27088066067144895,0.2595063563942262,0.25991419572733954,0.2596181195866609,0.2500473176089822,0.25231321648095434,0.23911564922743656,0.22152140639761578,0.23009792380141944,0.24637815574368688,0.23898855314133993,0.23836879442827635,0.22956934758478592,0.24392313886210684,0.25273128178738324,0.2336494160779488,0.22828895494328594,0.2295264290369958,0.24728034615379574,0.24326464774948905,0.22382103516170432,0.241926810583494,0.23206551020696417,0.23844021238764232,0.23402453985778138,0.252167434476874,0.2646007068376887,0.2748761124475696,0.2688326418949446,0.2549065528704186,0.250380844550091,0.25189004268420806,0.2570875230434233,0.2507461075575839,0.24751094026284684,0.24476634345120674,0.2404239344802834,0.24288231854885342,0.2463878001458127,0.25409024968487964,0.26468236103027815,0.2693190041960642,0.26864947735133704,0.28690756526199973,0.28099526386799956,0.28646066778650364,0.2905534255332865,0.29395848469455593,0.2833270240552955,0.29881748074438713,0.2954901442212578,0.2975836045775288,0.29981751483043817,0.2870800412742904,0.2975541419385297,0.3023451455701955,0.2903300574249753,0.2680137034953954,0.2906156514263186,0.2921319112159425,0.29022311557963687,0.279422259385386,0.2755579847834329,0.28927639726817295,0.2895342864759806,0.2804058048628019,0.2724494904503164,0.27514967235835014,0.2728431155351538,0.2661141697534078,0.2613232194667125,0.2725103490455946,0.25352512177989556,0.25017413105610864,0.24829450025490724,0.2592214884446844,0.25296765798274057,0.2589691313183969,0.24574313818867227,0.2573931589791258,0.2359912496459206,0.2287485237566062,0.2250686987287625,0.23233412327893072,0.24000080588130118,0.23100171277256176,0.23514643559822304,0.22578875038463528,0.20430980062896845,0.21248863173438207,0.21044925855466134,0.20897455062245116,0.2133247768461299,0.20572288210303588,0.2068245080530416,0.21942383438903024,0.2246415049778284,0.2242747596888456,0.2038907859622618,0.1923072245446527,0.20011190208448756,0.19813608159981497,0.1954910863469572,0.18884870018704794,0.1824419476991769,0.20002237977078613,0.18820077175218697,0.17865060858764167,0.18784394478884114,0.1829777571809843,0.1654276879491774,0.16222358697939276,0.16452852338289353,0.164633836966915,0.1607320930066342,0.1654023592850856,0.17176433803735286,0.1651463577852038,0.15926989729256485,0.1638014719154447,0.15085510101684946,0.14326826448842503,0.14360117715415388,0.14706624369759494,0.14715939713598444,0.15646312498023837,0.15914009024338685,0.14217852355216784,0.1496421708996601,0.15979073705734398,0.15014608063517948,0.15173997214347995,0.1540373363170592,0.16096294153103935,0.17090784573458503,0.1722339255001423,0.17319131112204464,0.15260016387452036,0.1649320663251903,0.15473729479289117,0.16026120357314363,0.16517822694457374,0.16208887201828664,0.173939332853546,0.179217782746611,0.18459141545099184,0.18465173811822413,0.19348958805901031,0.19794102279117584,0.1925803182203534,0.18803786001089282,0.19565088648089737,0.19720052190613846,0.20818594203827012,0.202322158645505,0.2002615946230936,0.19934717979971875,0.19198769742623958,0.20703100960203677,0.2048393079971255,0.19679155616421548,0.20315118502318066,0.19518730603515536,0.20468357794718964,0.19257388855542507
190,0.17958261861083347,0.18090817812679705,0.18201433781048418,0.18101251394334555,0.18149142058411658,0.1921264684963833,0.20542249512963473,0.19757908506473004,0.19038336559285465,0.19339373456236938,0.19234203206897904,0.18608025819990423,0.19306488914555434,0.1774758643624332,0.17098243591480183,0.18009207417271375,0.17200045667668631,0.18557736332765074,0.1908010674210405,0.1921060755130502,0.18701003004797995,0.18879465728416842,0.19030627123753427,0.20052736173616817,0.19058490499906522,0.19802340777860006,0.20696847515335032,0.21214778415524857,0.21001847469659748,0.21459233233662894,0.2184660216084478,0.2179564873135793,0.22490903387329397,0.2140392398849303,0.23067689658977933,0.22708079186163654,0.21637346504199378,0.20543105665827044,0.21606414331279405,0.21180558128099955,0.21947860946291334,0.21546126236345456,0.2124860386024789,0.20841266163605612,0.2100132036817851,0.21652682113795627,0.22378506543717824,0.2108320346650783,0.22861030338601368,0.22217822866661083,0.20656517249069353,0.21884236525556103,0.227431648876497,0.2272597371319639,0.2152939371923135,0.22497248216431037,0.2237723898059478,0.20639206676603908,0.214512053326922,0.20967251280724578,0.22164048917237636,0.21244293853522342,0.21333862909218024,0.22097752242234453,0.21233373541020714,0.2136786838536778,0.21649571251560504,0.23401408617977956,0.21318114967149493,0.22329937113760617,0.22827407939868924,0.2311146629811263,0.22435533438739652,0.22697545742106495,0.22192708052438265,0.21341021336086552,0.2484042374150368,0.23350930971062184,0.24391448954719516,0.25837827830437515,0.26037722850983613,0.25093503454222377,0.2568999383229071,0.2537786016268776,0.26172186116118407,0.2439141525671074,0.25608550668287605,0.260935999631458,0.25156892850495977,0.25406509316017695,0.25205133381697775,0.2693146633215774,0.24971900740022826,0.26354573963904265,0.24661262162255587,0.2585419380567701,0.25893931811154997,0.23505089002915744,0.24705605368644212,0.24119672133335657,0.24963248500357546,0.2490980340621164,0.2427621639055195,0.2381082263440203,0.22430502345726525,0.25467364256194236,0.23863624133095696,0.22712440364438677,0.22426102355780114,0.24080045322594676,0.2527400109673596,0.23503541151310506,0.24511026528233062,0.24869004447380086,0.233013455316386,0.24343700709206542,0.2404121431625502,0.2408311724650103,0.2517230585595108,0.25733093618793074,0.2677879311279843,0.2517711710991306,0.24496441459082305,0.25546828940233735,0.2627271773878849,0.24981004637450957,0.24997610682947397,0.24790101218222385,0.25249105675714595,0.2539668310756194,0.24031650539504879,0.25245268845118274,0.2565547146502074,0.27613788870574446,0.2730888697419416,0.2823865450999693,0.2805517615954353,0.2984502864087845,0.2973671564760304,0.3014810366953751,0.28824049836097204,0.2771807081616443,0.2964892831150023,0.27717687879509667,0.27961148112349404,0.2960049679301706,0.2810800356838424,0.3011771366131333,0.27776018963369803,0.2791303113471469,0.29497485750183483,0.28155549000661473,0.2818934598403295,0.2736333327371122,0.2890546764702531,0.28876263755446246,0.2718685682076617,0.2962940975349369,0.27789901023686897,0.277996289949468,0.2612323756989891,0.2753632634328205,0.2641490176998812,0.26949331709124097,0.25652222605908187,0.24577737416470746,0.24944947830557085,0.26507452997656583,0.2493527716913411,0.24870539143103082,0.2574133105360577,0.24295978802405277,0.24449743086761133,0.23046485152716448,0.24807168696638648,0.23580162844218092,0.23107523320173565,0.22543513314168676,0.21367479698354797,0.20321231810311322,0.2034174145044859,0.20931203496520406,0.21506339633066607,0.20794907841178548,0.2017232144479011,0.20561888509879464,0.2071213175069029,0.21926277184014925,0.22120696642813223,0.2055328289967191,0.21035846835344416,0.19673238637430354,0.2027298784551124,0.1914542008537893,0.19854407898968376,0.19169129882345093,0.19155981105303116,0.1946109622430301,0.19136636168019475,0.18754150635959482,0.18120788856723608,0.17308171906321573,0.17085649780322218,0.17328421369294758,0.16173637312512987,0.1615535478776478,0.17189082657882007,0.16352132593311544,0.1630133228001808,0.16761068462156406,0.16516514387257572,0.16388654511952663,0.16166123788919218,0.15919631108603058,0.15618884019621188,0.14861991206244957,0.15212479290080405,0.151540250215916,0.14924438475600016,0.14772908230762166,0.15485848279249625,0.153594264987393,0.14720786024014362,0.14919868658364024,0.15014158628879426,0.15649555260948064,0.16619957159936197,0.15631044518721385,0.16663506682952184,0.15140004351923803,0.16675773973996727,0.1599328218532114,0.1628571386113977,0.16608671677920278,0.17569815459199273,0.17617792880590993,0.17749421384321332,0.17721819137886277,0.17602700509649472,0.18715110686525288,0.19230124678695726,0.20535860239309267,0.18839540237099164,0.18600139439427096,0.19710169996335733,0.18595510265122736,0.20777883170646844,0.20213190544611614,0.2059214558489736,0.20434598072198515,0.1991788552495339,0.20057122639059263,0.2055075586357238,0.19396005562811822,0.2038848049272222,0.19742677440754863
191,0.18572497133874533,0.18431513555731902,0.17699846499742256,0.17956744364565866,0.18172329381779562,0.18557813248305136,0.1960491077053329,0.1930129284386104,0.19242278675084093,0.1908102058223013,0.18800097431476173,0.18151808452684376,0.18005732756525084,0.1851519541135005,0.18137039548640296,0.17957910385901396,0.17171356308623012,0.18970898480866633,0.18237604777959102,0.18931298356357373,0.17701570537235112,0.18688274304188338,0.18748926217438186,0.19303537339247562,0.18883278570626183,0.188785832760411,0.19010253141876035,0.19944177928712734,0.2135792219095539,0.21197029293851954,0.21118195207856738,0.21615271754452095,0.2062716772675205,0.21799734281963298,0.22083509886548358,0.23197581008417534,0.2189045053368084,0.21298116584221438,0.21017676346280492,0.20627305465057783,0.20984290989857282,0.21943858795286944,0.2107459318784424,0.21812829263254493,0.2289681630893446,0.22679678821565877,0.22726083603287495,0.22224817324473836,0.21979742489227538,0.21707114646928394,0.21446597439718593,0.2202439056878178,0.21279288368738766,0.22956173582839015,0.22598478492095225,0.22365813543192745,0.22096734626568065,0.22146301086463496,0.21085664885789124,0.211951600312689,0.23081753569243163,0.22138026348286405,0.21100041039517567,0.22228374239120252,0.22391490316667842,0.21463754881486738,0.21958299280525154,0.21522033348418856,0.21947264619946846,0.213711848126997,0.2194513212780329,0.22471346683625576,0.230325965313751,0.2356868760425612,0.2253497081742001,0.22385974256845798,0.24138578984216058,0.2295635858848529,0.25217498287053114,0.24017500034635852,0.252238862939303,0.2593785153037639,0.26567580183799394,0.2635718349000132,0.25937134850954385,0.24929249260114147,0.250140434562987,0.250465896164403,0.2636361737886846,0.26432363613558674,0.2554671129300965,0.2574565824444807,0.25769500468085177,0.2560035572427564,0.2644204256509826,0.26776326808384493,0.2498191923632638,0.2492270058440958,0.2271437544795237,0.24886487256943607,0.23164098339847364,0.2484725402479663,0.23703610381995238,0.22384464021399902,0.22706202150227223,0.23498979370499723,0.23204413716786812,0.22659801441473057,0.2196378076100692,0.23412753893391688,0.23055709954937814,0.23567195256514833,0.2356868760425612,0.23436367529388277,0.23333522168623816,0.23705406118191644,0.23815192703065005,0.24600339461540946,0.24251873821151593,0.25999081176006583,0.2463465587885039,0.26563420669689486,0.24803387599989565,0.2503526541526982,0.25995309948450634,0.250207832088495,0.24296387193815422,0.23904430417001277,0.2542951047680576,0.24066747415569048,0.24986262599961365,0.25359635089036897,0.26136413955874926,0.2804122615193993,0.2754450676890948,0.2918004786865141,0.28911724710247194,0.2901115370426854,0.3018540450009053,0.29102748082026725,0.3033227606475888,0.2790769705770136,0.2786352128320642,0.2862457188508656,0.2706026217683466,0.2954935461968472,0.2754602897666557,0.2758265072162477,0.27239303586795766,0.2812606654831691,0.2924610265147323,0.2866427752637446,0.27975766856010487,0.2807365768137638,0.2888657155320892,0.28644219958008016,0.28575115863211387,0.286402628861266,0.2982222208092849,0.26019982491818283,0.283821309842877,0.278764200517554,0.26980003395939767,0.27695295290098243,0.2601177567466227,0.25712600370639405,0.25689520609474564,0.25082042534770377,0.24732840683653576,0.2469563513219973,0.2412039413290916,0.25237887493205646,0.25387562174060746,0.2523730637606083,0.24443089614255267,0.2444536915344027,0.24914501382723148,0.22676143675133256,0.21941236569422207,0.22312909296329453,0.21218891885966087,0.20933092860171623,0.20329907845201164,0.21434373788911323,0.2133140689886452,0.19530153198697953,0.19287840233352124,0.21422107778783675,0.21401681667744393,0.2070322013717582,0.19921265566234891,0.19963245381375208,0.19516811159386238,0.1907771251280421,0.2019562649019892,0.19371903635269389,0.1981957420234522,0.19665625750428622,0.19524549411687356,0.19017984977115854,0.19474571022619425,0.17262500334415498,0.18128313374430768,0.17062497470458068,0.17020248633018714,0.16786030195225046,0.16351752310748355,0.15770882642875123,0.175021821761776,0.1753133142339441,0.17166956236408654,0.1560454104930343,0.16377737272813378,0.16481938906099786,0.15889535440388147,0.15701928665119405,0.15281430127039491,0.15168512716840177,0.14821835877313932,0.14647381730292355,0.14770663353378205,0.14671752763210058,0.15003065316795808,0.14460889248448888,0.14724921900122412,0.14997711667858238,0.15668593011760287,0.1597262516336384,0.1661331118712803,0.16485992578448297,0.1586927185272262,0.15535849304841456,0.16370008314697942,0.17142718750155728,0.17162928767247068,0.17229881874498035,0.17497600635945304,0.18155691724167344,0.17768808219388907,0.18853674286582323,0.19406812056712403,0.19972098349309578,0.19191507938927757,0.19346673391266347,0.18960312892307152,0.1903299791384826,0.18885857131760395,0.20231533385321365,0.2065587990949339,0.20106465823358158,0.19853965368531967,0.19605485887733956,0.19479463883757459,0.20627329213134493,0.20099809901426663,0.19252640436798812
192,0.1888280029277005,0.18042050745797322,0.18351328101792808,0.18142406769514755,0.1846447653579098,0.19670336072042277,0.19201130530934044,0.19149648203841219,0.20636616806745292,0.19391437285352214,0.19049456967863637,0.17776235697339712,0.17919426243102204,0.17996083517383077,0.18345683635959376,0.18934659515047925,0.18372899523443617,0.17888099421160003,0.19122171107750205,0.19478288767377122,0.18352202811375148,0.17284117100121207,0.1861143671896941,0.18746267072550288,0.1879111714597697,0.19593882980189,0.19393705660085814,0.18611153881968023,0.19900586229407505,0.1992715486687688,0.21863238882416472,0.21934442471143634,0.21271935133951866,0.21140988987999884,0.2150161097608641,0.22117238441165207,0.2193736695886807,0.21674485641374588,0.2123242506420701,0.2036119156874045,0.21249557952677964,0.21155812047288616,0.21952905100217676,0.2101882333879802,0.21829083393435667,0.22346046594854846,0.22431137626848685,0.2191588939636234,0.21760917376770372,0.22129744510754018,0.22313787866692636,0.2269403916365796,0.21468366460809915,0.2137224283177715,0.2188463461267946,0.23363661208442485,0.22106994337398447,0.21205396629855328,0.22835535479214006,0.2128909009993503,0.21339046018902086,0.21985770993895704,0.21983948601520847,0.22318684860335264,0.22336534835523392,0.22925773637799599,0.21828404849134758,0.21271606967530293,0.21466755013948693,0.20976836828885725,0.22648555061575912,0.22817318256886274,0.22777544301612795,0.232728515876759,0.22569607163094507,0.22453683671872984,0.22718136257403412,0.23331072326873914,0.2369551215601114,0.2424189690794164,0.24237381568948327,0.2625264101782542,0.2549811056622114,0.25250035904279383,0.2688283088596287,0.24652274789472475,0.24684088794214132,0.24756947745452357,0.2486599832163937,0.2488417231313363,0.25513791374931394,0.2546185262000364,0.2617176427371885,0.26912187506008844,0.2561191194328225,0.2656146347662953,0.2529560086598126,0.25483319542431687,0.246513779352118,0.24635007566387399,0.23652388290469717,0.23720596172332137,0.23505126888673564,0.24152956545109963,0.21622589330179634,0.22179344161125134,0.2166434684043812,0.22333706267167425,0.21982678078436457,0.23090561823649555,0.23008817531902398,0.23241989465219576,0.22169627701945732,0.21543214221127208,0.23274963039664678,0.22966377548802044,0.24499780871023186,0.24010654580976049,0.22456491239774648,0.23162882281156857,0.24433219693161148,0.2585091978152751,0.2545388044912725,0.24262793390332074,0.24147684890759358,0.23994322954734387,0.24010074078952753,0.25500635288686363,0.25509268204892327,0.25642065192271124,0.2410112415734529,0.24869668707038675,0.2596025774387853,0.24093472626969412,0.2578944523553465,0.26939591128543494,0.28473837356215226,0.30351698536222355,0.3053247428495673,0.2888577339876732,0.28099267581789483,0.27416562383578036,0.2779911691157277,0.28480132141524905,0.2723710844674726,0.2779988504017119,0.27571982869839945,0.27532649114230245,0.2850742562924793,0.2897150124136181,0.2758627110902418,0.2891145842464817,0.2803502837527339,0.2740204656506217,0.27435191755494004,0.27605142922979575,0.2876941294675826,0.28378144775666664,0.29382178987310453,0.27493434777435705,0.26552474473626403,0.2858564526441043,0.27856400640926093,0.2679044947398997,0.262095762839948,0.27836395607007774,0.25525896266767667,0.2522295702873502,0.24745737404994,0.24787686796074815,0.23754790247834195,0.2488898580425894,0.2504408101425744,0.2512916164659398,0.2471072570745377,0.2597359114843593,0.256410024396278,0.24143476178657286,0.2355710403972489,0.22998838309754965,0.21685827557222642,0.21385351848332748,0.2082416997516061,0.20201558710328346,0.19736996313554186,0.19429561533675682,0.20544941075069983,0.20380237935144477,0.2076689179329601,0.20870920317510433,0.2047301949589785,0.1908323067459379,0.19754675038688874,0.19048816578891514,0.1935910609828448,0.18664574771703782,0.1888356554315466,0.1996041529748786,0.2027835211921137,0.19874026290771205,0.2049741055744765,0.18026947751707492,0.17654881218948185,0.18075099638092004,0.17999025821354053,0.17563917965104134,0.17402113624898674,0.16836681639103468,0.1750286326388711,0.17239580750254235,0.176679312235757,0.17482687713342399,0.17286278274790282,0.1676015381437608,0.16195982543446594,0.15281922750084537,0.15098228715682654,0.14727024184091247,0.15156502657792514,0.14570551826604955,0.1430740925273953,0.149792131256026,0.1528927879680655,0.1542311156069126,0.14967732053804886,0.15507721749976625,0.1485046320272358,0.15593083337834898,0.16683804801094218,0.1739275582547187,0.16316875506726713,0.16056726132479648,0.16815039815644545,0.17233909181915086,0.17394245686049611,0.17913163917240818,0.1810628282984069,0.18651952466170085,0.1787292775967842,0.18512334970580918,0.19313122715166062,0.1978794069036884,0.1934788066243627,0.18373961413759632,0.1889647511960512,0.19145997593950262,0.19798088897843963,0.2044365766704587,0.19640929193868034,0.20206565361888065,0.20316109737254384,0.19601486599353538,0.1906577660245405,0.18778997321586724,0.20738240182215942,0.18979715578594702
193,0.1867516725280983,0.18472390464162095,0.1910557444057938,0.17741241185381787,0.18689599716514915,0.19873078589872134,0.19053738477317203,0.18979562620775486,0.1999779126756598,0.19174851092381734,0.1919960084847158,0.19410512396676338,0.1738103763725467,0.17963509996860205,0.1833959750179957,0.17697152772622893,0.1814148775521382,0.18360998706105527,0.17090119520938626,0.17657324565171395,0.18902062724820137,0.18950540445007089,0.18141270540454021,0.19224714546264743,0.18628938115512236,0.19056796660651443,0.19715965067234698,0.20146637397411024,0.19733078338577373,0.2044928840439464,0.19640685433111618,0.21631353767903677,0.21337257580970162,0.2068273654589545,0.20000500327421325,0.21993502654435673,0.22223481709294765,0.2135559126042329,0.21224897421251943,0.22364783583131484,0.21891751011636013,0.219957867232321,0.22571213045050148,0.20317737731564792,0.21490677155097246,0.2274665810632293,0.22852630623072637,0.2361018554089732,0.2139847383269932,0.23246260486945994,0.22188594835460942,0.2150870682779787,0.2130548377512166,0.20182737883954752,0.21783517052907575,0.21307298986950202,0.21238630043868795,0.22203942806801016,0.22640478432115807,0.22768687686106134,0.21780146669080166,0.21970786304181553,0.22618911429970256,0.22262821283991222,0.22623364876620977,0.21890127946457263,0.21207437706299717,0.2156120853539421,0.2159298584190514,0.21631274075198112,0.22075304356851527,0.22828485487309755,0.2263987892632965,0.2169251967366095,0.23529955183788753,0.24132010188338238,0.2177677680672444,0.2227636370610748,0.23730648140739313,0.24035302921764534,0.22709313199609252,0.24377148333952975,0.25326139809026876,0.27163704665521826,0.25621998415622166,0.25048158341350224,0.25908125969677637,0.2496605368214718,0.2444594329311705,0.24671229883003715,0.25338330700891093,0.2527679463694181,0.2607047836055097,0.2657180153300313,0.24463703249188598,0.25746191784096345,0.2719092612861188,0.27087691834267263,0.25818202334553303,0.23714905587411517,0.2341403698317181,0.23242096498782983,0.23607353322351685,0.2395799665819569,0.21624556039765083,0.207950514878091,0.20889060128500245,0.20443215183177443,0.2145961370720701,0.2212307542522894,0.22420918498902603,0.21917039987529585,0.21759043479446277,0.2189156954495779,0.22233641565318854,0.22204673927326032,0.23066292768402494,0.2265285786383434,0.22247140624498565,0.23202944434534886,0.233104093415958,0.23039428389726535,0.24743355790467256,0.25357007552869687,0.2399308540971376,0.22878218318970905,0.23379994249092495,0.24193137849457236,0.24356007549588682,0.2486108623546408,0.25926327337951716,0.24649487836560072,0.2636519574239582,0.25810415741356185,0.2517155236933756,0.2579882936040372,0.2684565471168883,0.2740141561688687,0.28994324823419315,0.2981295331405605,0.30543584277771035,0.2930258942574991,0.2782767996067701,0.26762519700705373,0.28322722679434065,0.2565671204704336,0.2731674823497289,0.28076566721441537,0.2873624382758978,0.2669291478428002,0.2748128271699418,0.29292133177414353,0.29201556445566135,0.2876828682043537,0.2800070718443147,0.2717321343412354,0.292901772614715,0.27564492440744337,0.29170307011086405,0.2946463055339142,0.2842614715894879,0.29397405298856727,0.28417181426852045,0.2841613451848351,0.2712120616121325,0.26758760962969624,0.2532818093699307,0.2623608323207554,0.24531126951319934,0.2481068186331644,0.2398054229547035,0.24982626779182165,0.24566523375392904,0.2569596902014246,0.25453411575640295,0.24428409973607834,0.24381420236099216,0.23364634951139682,0.23210120757128547,0.22442250208205586,0.2235496529585228,0.22190781643480506,0.21447111025069782,0.20204415448063143,0.20089569946934507,0.2006748513753828,0.19771533275270567,0.20362752845022813,0.19029224946985746,0.20122702198633127,0.19417280301865075,0.19000839959922602,0.19865893366782916,0.19845601661455264,0.19197766274466163,0.18838195516113146,0.19197982877691264,0.18797508938010296,0.19920472620253948,0.2058916812765992,0.2032070868957908,0.19530280913460055,0.1831054200854415,0.18731532061770495,0.19002100031966998,0.18599154412223162,0.17557504969029403,0.16385832081904256,0.17702544713041535,0.1766694674866025,0.17854911421816488,0.1798001294191021,0.17582389634225437,0.16960537052547306,0.16888022542277875,0.15981686234842274,0.16286565116179183,0.15663687135399024,0.15087837571148993,0.1462295016762921,0.14463553288049663,0.15291074350369516,0.15593621913154418,0.15328723836312477,0.1507110168359529,0.1533126533673142,0.15652366199112214,0.15528732185161215,0.15924089139407283,0.16731809065523742,0.17657914108651754,0.16745186929134043,0.1570901664969409,0.16651121891618853,0.18018121038155027,0.18182994191680216,0.1796900791565989,0.17200841737922273,0.18051720475338218,0.19315115078785383,0.19093150682143192,0.1978878545415607,0.19283985666213413,0.20059298449107923,0.19842095702782367,0.1916638907418111,0.1930443965549323,0.2061278151574282,0.2135169219226849,0.21285217876753487,0.20804620587441233,0.1979320897822056,0.19825329313286605,0.20410152045199065,0.20445639547409436,0.20717616993165422
194,0.19188649053705512,0.19649332875102798,0.18178263735395606,0.1795848101967872,0.18387445563600077,0.18604225717942754,0.19015138805745635,0.18588891819872827,0.19033282779112282,0.19418250531805847,0.18681063642732632,0.19877685728107503,0.19193045815329132,0.18290825227895316,0.1768262350042048,0.18120263133655423,0.18442402663963217,0.19182989982349896,0.1732498630562786,0.18456918733124045,0.17615902584633386,0.20021885341990125,0.18634918598569003,0.1785157751318435,0.1880555694475705,0.19474970119235424,0.19759370291298856,0.1958688033349937,0.20077146593076664,0.1961877154594117,0.19886528181914956,0.2075083609297871,0.2227992374022148,0.21448197496147112,0.2091479923191094,0.19629131750173195,0.2044726850503707,0.21627588608349896,0.21043719292514532,0.21539097392567266,0.20695760981297834,0.20799179358224867,0.20995175051173437,0.2164765709695254,0.21410958021692236,0.20917650386043377,0.22103054778026796,0.22234854916409263,0.22371479171444264,0.21337527802362996,0.21848206906549258,0.20957684589813722,0.22756706063952697,0.22631695956622014,0.2190106832192656,0.21563378197359948,0.22635745375079597,0.2129430646067663,0.2217341064102297,0.22585946755892355,0.2298173962832074,0.2302841779083167,0.22940374317764214,0.23634645900959872,0.22389701314719246,0.22144827416331136,0.22123268999077814,0.2331883771452378,0.21520794476247834,0.215028388415091,0.23127308842188934,0.22421481230156845,0.22333999393068021,0.21628131428219843,0.23940421918069688,0.22447681927973023,0.2212811399099101,0.23534441692611616,0.23359804294978723,0.2427855863199945,0.2335764749827321,0.236208596968084,0.2419369492345641,0.26213499313240457,0.2595858407816196,0.2604551804704104,0.2670428780735734,0.2583336618090857,0.2608915421957653,0.2565458537173088,0.25207106715730165,0.2427386319653938,0.24503447979404774,0.24640601207576382,0.26812727843510825,0.25569368372713086,0.267072394374286,0.2489716514336218,0.25315703468944106,0.239908590943417,0.24317795390800934,0.23663566458899807,0.23690416712799556,0.23932457701012608,0.22120706829772838,0.2202424350147592,0.22322457254367375,0.21481321746264684,0.2100603090004901,0.21916585799589705,0.216804903268967,0.2182312297733654,0.21798624984263557,0.2236387210803957,0.21258332718426395,0.22396533287362258,0.21545342384336622,0.2184005863477683,0.2256056646555683,0.20961975063081767,0.22035717700911978,0.23014858017334652,0.2265349944255344,0.2296529349259662,0.24054016248477625,0.2240966683925029,0.22475853880146732,0.23240218131326548,0.24600622685045945,0.26114938053699893,0.25351811671868124,0.24679599062600635,0.24479925963178037,0.2608873371548224,0.25686799747441214,0.2577211140492063,0.2560324429010205,0.2822929290779785,0.290914253326104,0.27255364848562624,0.28550321294832576,0.2857590543374947,0.2787186308838255,0.27551420805725924,0.28730884747984703,0.29010151711821686,0.2697006542611332,0.2669783225379546,0.27424328346301213,0.2647189307759017,0.2770754198563196,0.26527358094687187,0.29404784437799,0.2758951080581021,0.270878789500598,0.2922960860253379,0.2846760951122036,0.29235329973596724,0.2876040517032314,0.28252832843475295,0.28532445737149775,0.27918173378669603,0.28112793335620745,0.28496137651660475,0.27540891862609357,0.2646951598665515,0.25667525372678623,0.2623698940993682,0.2524085139879023,0.24723787375240505,0.24112064682441955,0.2524521071580549,0.24701947820832001,0.24687789174236968,0.2529233934094962,0.24550576797276913,0.24488540373320025,0.23240228833844978,0.22550231256426073,0.22685042643887968,0.21536156573995205,0.22984607930979767,0.2300896057769975,0.20816556998660438,0.20870771341125127,0.20013203895121892,0.19642390012808483,0.2023973397645825,0.19807047815643972,0.1953880011429925,0.19517406611788904,0.1845266086200994,0.19698068346970038,0.194194309690829,0.19369709171112617,0.17988071286380808,0.18196514170920272,0.17890949918129465,0.19283670407363107,0.20240332842988068,0.18789274013345988,0.20190721109370538,0.18138864643222316,0.18922499393963643,0.18338655830786904,0.18679330229191013,0.17925323410684052,0.18429349236268303,0.17164078811700542,0.17613310856176534,0.18069490206157093,0.17632622105244664,0.19648659199605736,0.1818459780262914,0.16787452621963603,0.16645739737888068,0.16104654049394468,0.15899578087515093,0.1626804256287802,0.1602531592467716,0.15371031055115858,0.15150117461076007,0.1556037288120385,0.1544681694854024,0.15233300174222514,0.15778219736519294,0.15344685793554544,0.15420519327605917,0.15352107401143286,0.1711243848645017,0.16648008923889568,0.17551789429929757,0.16577632202939016,0.17228160140646323,0.17067027961200104,0.171465756539258,0.1708844323119429,0.17255668940662908,0.18361032528346205,0.187096731229822,0.19006090811422668,0.18720967959940607,0.19098721683383166,0.2064215334576929,0.18694794689699942,0.19526300113276768,0.21017235956501346,0.20877207128943986,0.1973980281057796,0.21009915223480113,0.2116942198012107,0.20413526644975738,0.2088185616499223,0.20137982540943486,0.20715451341310462,0.20368207936944166
195,0.20167492309273893,0.19945692164848464,0.19399985261972646,0.18071370919577914,0.17895255359010304,0.19153837563002993,0.18248963393053044,0.17546677741604416,0.175200200967492,0.18656028648969167,0.1918689946698073,0.19342343872219922,0.19427637885502289,0.1871740769156471,0.17728214591267066,0.19244268161507974,0.18261725061719522,0.17361602153249384,0.18469349515551595,0.18197570056915258,0.17843436513873048,0.18822781462830965,0.18591306037924873,0.1913460053182383,0.1840849568278487,0.1891289014597542,0.19756153415663108,0.20053787563380368,0.19920074851870898,0.189112136015407,0.19834362212581705,0.19977873277050476,0.2066879700824237,0.21205010898245297,0.210005950207967,0.2012323134254372,0.19903619012930676,0.21804669081979167,0.21305071694516398,0.21202530665133051,0.20472741366657032,0.21849052086469317,0.21543864057527315,0.21127947060260197,0.22191026906418346,0.2233309431496789,0.22333294868883577,0.2233252351752679,0.2144488886928155,0.21777584122083132,0.20696947593707365,0.2294271974173269,0.21864824711916978,0.21690926363147442,0.23544637049612435,0.2130409058229773,0.22279728795677295,0.23533455454282967,0.22440550158823314,0.23016840065897304,0.22186423568775243,0.23917770811065478,0.22833001227043292,0.22912691091772164,0.21814195450393947,0.21817375180428666,0.22488164010291994,0.23637987573271443,0.22411870274606907,0.2280739583245455,0.2270591459575381,0.21518733151015146,0.23021048510276731,0.23104900362042594,0.22967789542635786,0.22866126406982493,0.2432566379143723,0.23788628274325785,0.23907457917884295,0.23453669448702988,0.2508250456732377,0.24330425269799652,0.24405774823714538,0.2582176949742791,0.2642414841699966,0.2711258958414199,0.2569679737366689,0.27087816577985335,0.27961148112349404,0.2513743727969668,0.2535566469507384,0.25707923565442675,0.2584246876336604,0.24653580395134342,0.2550809348672738,0.24967128702150135,0.24837872877839046,0.26710683418184084,0.25112664812086355,0.25466543298600475,0.23940813307765224,0.24962351828401652,0.22125887506492137,0.2362539617826518,0.22706280574806548,0.2106234392292826,0.22638951026935764,0.2271355955480211,0.23245810868754133,0.22773076235566556,0.21241593818069393,0.22594409727700904,0.2297203662403377,0.2195408291027862,0.21694193025424863,0.22537664001240876,0.20397060778861187,0.21549331396293303,0.22065354033825751,0.22154884996500507,0.20950659569802246,0.21766615216178625,0.22799084069365957,0.23265527298965855,0.2292962224570432,0.23014052527661902,0.23219143735861095,0.23186083737290047,0.25304455697022815,0.23762990807139261,0.23778398440856033,0.25545946599258945,0.25461207719265727,0.263376486629623,0.24656748195378433,0.2663783963170684,0.2679032609969486,0.2760844840677612,0.2832826653765554,0.2762873494209984,0.2669758635880561,0.26807974393681855,0.2720771063175045,0.2663458902775825,0.2708307672052487,0.2812256958200293,0.2867147264051452,0.2820492829747129,0.264956147227127,0.27061944560150963,0.271360730691199,0.2721892694740113,0.2807760111943966,0.2720507954008262,0.2610020990098015,0.2854309086068567,0.2812852763712503,0.2957059069671771,0.2812464180584942,0.27498309769515344,0.28989051112979486,0.2886821957951324,0.2814582609773188,0.27344689732453237,0.2775575210369254,0.2729291986072778,0.2666588488771703,0.25934626628916996,0.2584449199499586,0.24758777672899557,0.23839289079472314,0.23116474477344948,0.23847721980565564,0.2338464062170859,0.2503045821472746,0.25407620852674595,0.24681019775414212,0.23101623412900515,0.21287345061540505,0.2249439411674461,0.21616635522941413,0.2180846004799213,0.21678408713885314,0.22174590069796374,0.2077774442686232,0.20875962113029545,0.19820250999578645,0.19779139795880873,0.19714812453647965,0.19931781471600157,0.19342615552223144,0.184047744691349,0.18290130324101134,0.18287725739579272,0.19666947569911294,0.18652785670309074,0.19204681101795326,0.18026304380180483,0.1872299408079584,0.19037069700867543,0.1852543437978842,0.18432065285658103,0.1911651403494622,0.19584948325140636,0.1935035335328826,0.1992992874589319,0.19307320237840817,0.17849078517717473,0.17747512878805416,0.18263869695612084,0.19150314030203028,0.1904623331047741,0.18150709248970026,0.19019898719501957,0.17560355349646925,0.17015785412304338,0.17165794141444538,0.1629557914858498,0.15662316650402436,0.15906916450835362,0.16089824238760447,0.1570478517204003,0.1500341077911855,0.1523273896904199,0.1584575730684737,0.15919770403172512,0.16587979882863735,0.1542087440227315,0.14829619226965154,0.15337974097310178,0.16229580709783017,0.16464839441376697,0.15824099315915888,0.16735727660637567,0.16715785901770605,0.16897731304741465,0.16203744998938796,0.187947303835264,0.18405643250105588,0.17954801163916856,0.190059638987364,0.1920931596021549,0.18397347006806955,0.19112288831526464,0.18211117647102548,0.1953768979882095,0.2018734894449515,0.19478172156641066,0.19398399537634656,0.18881474222073522,0.20669410949824454,0.2012790898669515,0.20400886985448677,0.20683065152455754,0.211099789379777,0.20602214285733772
196,0.22008436958047856,0.2133273802138063,0.19211032202960743,0.2000484081929029,0.19007456270480827,0.1853428769534357,0.1884555361532668,0.17910120177946368,0.17601610240260465,0.18195093849499355,0.18687138311291973,0.19629114575037168,0.19200184412374097,0.18683984571819137,0.1928474497276844,0.18084878692462608,0.17821350018392826,0.17097121578712798,0.17465587546958525,0.17524413819203058,0.19056011226701075,0.1836754869945091,0.19205521308010326,0.18816116788592877,0.1873312366131062,0.18896653514489073,0.19788418200743071,0.2043086715744051,0.2118417717402703,0.1943332885688262,0.19401204794493013,0.19719796550307941,0.20625386710811358,0.2139274921461686,0.2051480532073974,0.21362014228555845,0.20119474814724794,0.20879226231503253,0.21632255312082646,0.21094061117877716,0.20904717355478417,0.21691290966198706,0.2173459740181113,0.20974040390191945,0.20631409538575982,0.21108924181083852,0.20564582645198803,0.21144469817740716,0.21562787352447804,0.2075765550002145,0.21070303922096115,0.2133038037033272,0.21105648451931955,0.2326874177238905,0.22148004342966007,0.22560956076101235,0.22695794998109725,0.22692889583737155,0.23949464102049958,0.23438833824481997,0.22559330145981246,0.22023964583420824,0.23003875051188993,0.22936851349969858,0.2180879649668192,0.2236743067618246,0.2282071251689348,0.22728323383780383,0.2331643773375317,0.22120115993869885,0.22259848284173447,0.22788545142250766,0.2366715199981547,0.23101501068280988,0.2354097792068433,0.25026815962921056,0.23614698222388505,0.23947192207839094,0.2343113358355372,0.22655387771538205,0.24580861511722074,0.2580815747437067,0.2542154843233674,0.25144789252828065,0.2567036240919844,0.26971121161576334,0.2651856381683705,0.26952806908423393,0.2737543317760755,0.27305868851254317,0.25485138610216224,0.24293411128754455,0.2504346976076435,0.2411592918971316,0.24370121813430032,0.24372714431027315,0.24774174940574095,0.2514988479454624,0.25782201601163424,0.24828306613389042,0.24791197203745124,0.24499639839353568,0.24510287192095434,0.22144414398351822,0.2275991836480973,0.22270296544199353,0.2184274924024816,0.2233176247696537,0.21155042394981288,0.23235520201716828,0.2290846553194111,0.21848438321610267,0.2142893561634876,0.22648064854763553,0.23215684869204506,0.21009707202904254,0.2077877306660236,0.21399025684051953,0.20360482235614805,0.2251138419447083,0.19785632582272542,0.20323794735001477,0.2247380457196111,0.22322421274846252,0.2239984947894036,0.23268816782071067,0.23597880634450874,0.231383827073775,0.23569485370715904,0.24710435526559474,0.2357177027985478,0.24295928453254698,0.24717628465342736,0.2569318831431611,0.2549881511478626,0.26843305867084877,0.2572071279681464,0.2617761040984858,0.2583431793482233,0.27473500626053965,0.2690977087804897,0.26988888555435114,0.2805679119178761,0.2650244854549941,0.24311284184515247,0.2651862487815708,0.27136760392114917,0.28527518783772793,0.2842392182288658,0.28686330652750563,0.272199924244769,0.2851694513044803,0.27453454499833874,0.2743266499731492,0.26934691148845935,0.2784966657306119,0.291963122691636,0.2916312101514665,0.2690983284015758,0.27511609596387576,0.2736453042156063,0.2999328263413081,0.29157279500875405,0.2820323979758107,0.28089952188767014,0.2719462033538878,0.2701543718337505,0.2707310078407645,0.2593223807152909,0.24593276921977936,0.24802753665883837,0.2565080505086805,0.2401775995702879,0.24668043182123958,0.23040738768025035,0.24769514831349712,0.2547809777895699,0.23070180901921797,0.23331126048715106,0.22292773319826703,0.22127258016208223,0.2179046008193018,0.2119576520528653,0.2090532386389757,0.21001808782862652,0.19797757484695525,0.19763532853013238,0.19971719232321158,0.20153469850946387,0.19959701680711595,0.2003236478452607,0.20028200941774835,0.1897377735020146,0.1903103903281141,0.19076508922025914,0.19030999594324172,0.1833442946368498,0.17975318736988063,0.18051579152775019,0.17643392675927796,0.18679717329927992,0.19059276036045397,0.1834619055293459,0.1809310068618343,0.1832863826317485,0.1998476790936232,0.20153699557397745,0.19281388264605118,0.19696371634186208,0.17957120625588072,0.19276154564361334,0.1870830751734455,0.18321342773706725,0.18812373819578423,0.1807922875958779,0.17470739976599936,0.16502012053527765,0.17520314590985106,0.16898019229829592,0.15888262263539737,0.15925687882120854,0.15266272141909643,0.15648834588889166,0.15777238838284632,0.14703340000914197,0.15261703080000522,0.16476740429927805,0.1589964032486044,0.15502901939526784,0.16187821244150366,0.15571806557209608,0.15776112696993488,0.1631597007088653,0.17072632816645014,0.15692169841697706,0.16911970016638037,0.1745666589564446,0.17977392480617166,0.17166837651685665,0.18432035576702915,0.18504817231085377,0.19226569403813468,0.1955210271091575,0.186119852635874,0.1837063210654686,0.19067251718768374,0.20673794737079595,0.1957424590860641,0.20463598204499014,0.19735422122963595,0.19616856266462324,0.20060543260841424,0.20128029950701148,0.19893244481394606,0.20842297948103872,0.20618325902694667
197,0.2054008327447976,0.19508376561800847,0.19301883943072082,0.1961592895893933,0.19545238308197552,0.17970203697852075,0.18127603774588802,0.18191235659866634,0.17764148703853938,0.18503389887440094,0.189668801525587,0.18203311461577856,0.18601814105400571,0.17870125396286343,0.18096821387417794,0.19474754875100675,0.18419197303269794,0.1861095675569073,0.17825614083107907,0.18485738278796732,0.18345637169270795,0.17898762277723376,0.19468634865663115,0.1906870499554166,0.187077862872186,0.19187619605834527,0.19111655131564856,0.20185486917839401,0.2081254548572124,0.19838678982958521,0.19473198910136869,0.19903581432549475,0.20145800550972984,0.19635770161471353,0.2101292933409001,0.2107001767865094,0.2063078247450169,0.21337493410359307,0.21937154806746534,0.20575211112631095,0.20566348939511872,0.21096533520077262,0.224502044293439,0.21679262300800584,0.21118958656787398,0.22027068379721745,0.2216263530366014,0.20383273414547382,0.21063731006799638,0.19952658936075798,0.20166408025899546,0.2184654682688834,0.21083363668487523,0.21610235515795798,0.21790565448400895,0.22755186536374153,0.2251456705024844,0.2260845578805674,0.2409064345227388,0.22720328170652826,0.22288908430025844,0.22386293841912813,0.2220497558546704,0.23813410583247022,0.2345293500485544,0.21334693104657512,0.21691770453513148,0.22941763582740743,0.2351254826227865,0.23007848022716101,0.24208629285988076,0.22686614949028727,0.23924253746597254,0.2392283252795765,0.24005872768432873,0.23700526836312916,0.23945334046843242,0.24035142426642767,0.24716689394874905,0.2390341216196416,0.2487775577303584,0.244589607432774,0.25825634480051635,0.259262676404456,0.2801450802270053,0.27079272961252265,0.2661245867161322,0.2687429004220962,0.27664511127671676,0.2772317714379358,0.2608759238139098,0.25379788580475127,0.2596820912977912,0.24736628113388076,0.25068133565607476,0.25479388452386614,0.2570561507651495,0.27126202532182764,0.24446320431419047,0.24694446707348322,0.2428672749959111,0.24043899277846828,0.2404094306877088,0.23469362879026145,0.2272504751782758,0.22656071155896795,0.230180696577409,0.22201442863274842,0.20531841359528133,0.22385335100398812,0.23513284572953957,0.22383886756951943,0.2166626247080623,0.21436782422347947,0.21910238246654767,0.21004014044037922,0.2300318117587899,0.22950528984514854,0.22005204047651652,0.2149717045146423,0.21387991360563072,0.2121749946998614,0.21452553810134375,0.22013500102614758,0.2199369509454073,0.21318316223871797,0.23853131367779143,0.2256787148390805,0.23712240984421254,0.23178706699069168,0.2355380091911567,0.22941097992824336,0.2389755666152689,0.2458245767015628,0.24723280715676163,0.25340314463069175,0.2583580512051068,0.25140447276487726,0.2637005283827238,0.2698870212344164,0.2761188144349697,0.2686482401776222,0.2687546579438158,0.26361978409062103,0.25722667267354843,0.2585919493373824,0.2662398132614872,0.27412080593220456,0.2784158784042782,0.26954730872162425,0.27908853758921864,0.2819291617032769,0.2806467388311736,0.26643973927161146,0.272122843251636,0.2781736570085767,0.2804206553952406,0.2995442587153255,0.269467876509053,0.27370138811429345,0.2795220031806541,0.29969189648181915,0.2737114718318205,0.26579450613004413,0.2735923816395847,0.28849746406741195,0.28442908225878727,0.26875651444163506,0.27187545430050486,0.2526405161860214,0.23231957257537617,0.24687226407871504,0.2560047361854204,0.24686993346769615,0.22381062499082927,0.22990594416616583,0.23812368790355723,0.24423134434729693,0.22864578514043268,0.22804145325585876,0.2102262773671603,0.21888212682722438,0.21397020363761862,0.21379167998572796,0.21127081127658034,0.20557315443387691,0.20548243332391902,0.2118778708098872,0.1953263794038528,0.20028163126168255,0.19703990979010297,0.1961307865486075,0.19747341195720322,0.19764752028936228,0.19579895969007094,0.19147699361717416,0.18586379482607368,0.18847102826622575,0.1845937106674453,0.1865305195989246,0.18532277728256158,0.1725514845084939,0.18558543961835539,0.18081589275856277,0.18705098521076843,0.19129411080048517,0.20018928571979466,0.1985457979361584,0.19693823891498058,0.18167890346223473,0.18967661912782657,0.19533917087220995,0.19656224331816077,0.18151139727665958,0.1959661452849804,0.18439349668706356,0.16660337693186172,0.1652841466897039,0.17025175600749867,0.1594662567923755,0.15577652085889793,0.16045457332455373,0.15449804916770024,0.16113663868243533,0.15250426868034278,0.1570756986241961,0.1487719309946703,0.15878665501504638,0.15480393645167384,0.15466106627665607,0.15054072387219677,0.1536607681871132,0.17261900144372913,0.16802581089912355,0.17865155471407182,0.17276211016388732,0.17699027335104434,0.16699578129913997,0.1724301873211874,0.1753987524273011,0.19295493920728507,0.1866629392173781,0.19454707248899608,0.18911631635074844,0.18797205960404953,0.19139540188358387,0.20166234824576365,0.18994816395205247,0.19464869661974832,0.19370619040715284,0.20348311623605098,0.19558623199204883,0.203388151858054,0.20334319356599376,0.201873456906792,0.20706729014650987
198,0.2027560631148062,0.2142326697645767,0.19848706046186637,0.1993377798768232,0.19907381076477157,0.19372751157482562,0.19319282807387445,0.19060860372228433,0.17968445222161586,0.17813440192541793,0.17694202776430693,0.18351167531616097,0.1811590772922651,0.18776502525511385,0.18018465393977906,0.1856107817960861,0.18700348494360472,0.1963066220551866,0.1905445800571129,0.1870031835298419,0.18686647790252348,0.17821366432470334,0.1835328463548013,0.18722140496770023,0.18696426217765047,0.18948847473634506,0.1909065371271702,0.20468598159821522,0.19579199878606438,0.20538106426511707,0.1956548284202357,0.20222525419862186,0.19165365233519088,0.19824422734791658,0.20049748532869935,0.21287884243526284,0.2069366908737081,0.21079761845259426,0.21688484180179757,0.21395128538531236,0.20763152798657994,0.19805297936507976,0.20610778687809575,0.22695664350987668,0.22404785995263043,0.20948411674883605,0.2107180797697449,0.2023115558590044,0.2107772335012466,0.20579660216365733,0.21548755821616983,0.2046750004422523,0.2140500827179476,0.2046108219517625,0.21501858523955955,0.2173032391409359,0.23030422218960303,0.22153538280823815,0.21875183258762818,0.2156211212094334,0.21780898941687035,0.21353599844102616,0.20159908655934414,0.20572013469362038,0.2156718680472765,0.2202067868756261,0.22135360532546672,0.22092822330807074,0.2377477962321622,0.22967567425492583,0.22105971206039088,0.2259024806693387,0.2358269314241257,0.24034422978922076,0.2540832290088199,0.25016514488079555,0.25242130053755923,0.24522395923328166,0.2429456906562879,0.23591290582458602,0.24405212866451412,0.25771517986957276,0.2597610313885866,0.27360120135809435,0.2627689223700548,0.26480306036677587,0.28097650104478217,0.27613979620529117,0.2754406280749265,0.2747786591785659,0.2701742782768625,0.24976903734714043,0.26674236659122574,0.26746625693665227,0.25624771416754044,0.26197026535342366,0.2627265724368993,0.26567396662090986,0.25301484322707013,0.25561421395660905,0.2536302209282668,0.25087275551066335,0.23860365937649142,0.2466249442004634,0.2332627009409004,0.22411173614716356,0.22068184184999498,0.21887456703694272,0.21599420528017688,0.20441492411694684,0.21355915805125528,0.22684629997136987,0.2244103070683788,0.2179619075052465,0.21768574976210475,0.20770306245996778,0.2168859404753483,0.2306978780946646,0.22302338337943015,0.2092610981218955,0.21165873685535636,0.21382619114572457,0.22106144269707723,0.2136187158425109,0.2158008246796586,0.22270809342631537,0.2317064908730472,0.243668337385062,0.24959259706800907,0.24215993980856168,0.24377872427619812,0.2518511857983302,0.24580414379539056,0.24635943533486826,0.25026971554612787,0.2479517626676284,0.25342531792826684,0.2593074533487362,0.25070482941175626,0.26028611426524906,0.26670674554404794,0.2719818979148594,0.2858735665853527,0.2769382860113225,0.2610303465767646,0.2754450676890948,0.26812604366620274,0.2568768695339541,0.26975903539737023,0.27716028548471905,0.2713394872628688,0.28760537617188536,0.2811421747786659,0.2909316700728441,0.26783911419210177,0.28825841877143793,0.28890496133338656,0.28875133446642864,0.2771973026947072,0.2615212600045127,0.29469312217805893,0.29130705319816735,0.2888637201253097,0.2763821557780882,0.26978201867233725,0.2707447225741573,0.26434737368030364,0.277686009830086,0.2799741920293335,0.26406509590245886,0.25120252473192267,0.24910348303120236,0.25678402382356713,0.24402060526106772,0.22509844766092935,0.23848688440949337,0.24280286109971672,0.22578126398027465,0.22605051458170528,0.2293476000885888,0.22380531702078288,0.2263203468329414,0.21350787592209478,0.21943171630657168,0.2184899171539076,0.216665368588151,0.20610674280316144,0.20659575801375438,0.20412974356831712,0.20132791226407334,0.19000529330000746,0.20014583640903036,0.1952225539399893,0.20188572416464262,0.18721894775249326,0.18586597747162611,0.19167311460228365,0.1909093064921,0.19073210418320818,0.17808891992204887,0.18851581935166692,0.18545570599747485,0.18732209229870392,0.1799955631606505,0.18233057434092578,0.18713757611005102,0.19296120387082982,0.19855933058772265,0.19031678824132528,0.19123254286910496,0.18808276468988527,0.18595767173365793,0.1911458176873713,0.19204605927241344,0.2011856590338508,0.195802904612762,0.18767969975533277,0.18011923758585693,0.16946362805424348,0.17086869399887145,0.15877627175266013,0.15525943449874496,0.15295123921486903,0.15464539777869687,0.15812844492712028,0.15510507212322303,0.1589898135357024,0.15591288221109725,0.15529590358327022,0.15815684760523296,0.1509308437873972,0.15438389724496573,0.15751648068295415,0.17358732073043848,0.17051755625578394,0.17902908828332748,0.16912176406522678,0.17110503916083525,0.18264496312661282,0.17487756599883286,0.17650617353142228,0.18859726917114975,0.18590702454018634,0.1821873001328453,0.18899891021553722,0.18012143572058809,0.1852751186241288,0.19487893609051912,0.19800101656679645,0.20440042760207922,0.20901622511126805,0.20083221584763777,0.21809524649678239,0.21873098062057833,0.2132126657096192,0.2083440969377414
199,0.2165978792239091,0.20747544273118723,0.20006157799470517,0.18719571357492418,0.18556245088914536,0.19357924870611654,0.20023892727817436,0.1943169566390725,0.1904788235140203,0.18976044931135744,0.19052207376226823,0.18478022857491677,0.18033457472315642,0.18842351447784997,0.18525063272920847,0.1829673929568621,0.17943712408145834,0.1812754951221472,0.18996137303999924,0.18164330697034123,0.18516525602894374,0.178126772933884,0.18510514920183166,0.1836633493493875,0.1913223030196597,0.20194761568758418,0.20132520964200634,0.19979981464793883,0.20085168985658883,0.1998782884777358,0.20550897823654996,0.19580001917578704,0.20109054446779465,0.2021175056813296,0.20083622055965245,0.20246636230449466,0.2151305066392338,0.20131995748024364,0.20345699696419153,0.21174896683528063,0.2190562254070607,0.2130393360853558,0.20312004776834444,0.20054318589262518,0.20958625619556215,0.21845500538456308,0.20655784785870093,0.21433233730984338,0.21248143954071225,0.2121928764192027,0.20182972106569622,0.213484426933362,0.21575710193047087,0.20776758894229602,0.2184284983005736,0.2207163979881666,0.20518551563585868,0.21166858180180584,0.21475975507706882,0.21198698591935822,0.21336451850223223,0.2075070708585192,0.2082652442493845,0.20428806742457278,0.202142652416119,0.21234581199102393,0.2100842526109248,0.20800132428478926,0.2292857160138874,0.23475632380072775,0.23442746969526776,0.22183629333536622,0.24650231371590436,0.24908294964311803,0.24314861493038226,0.253368721513081,0.2454092340715081,0.2490765261374543,0.2497039428739236,0.23937324101455998,0.24128909804331414,0.2726967738286971,0.2613629359351775,0.2756792001165837,0.2769389236860257,0.27478878258495676,0.2705752073923242,0.258860031687413,0.27550913294473595,0.2736824821452038,0.2760711345221518,0.2692656783026053,0.2666981480729527,0.2752060645789021,0.27180534950729845,0.2515469176310739,0.25444504620215846,0.26334980432332183,0.2548989227122445,0.2598453802652734,0.2582593181036806,0.24560516746420694,0.2676036298335,0.24641134541909798,0.24865145220725612,0.22624974583567517,0.2248141279307021,0.2184751770664908,0.21916000415684023,0.21544305560615157,0.20682407944555958,0.20482803563480187,0.21660590900701748,0.20807485468347964,0.2144399513377178,0.2160637453083002,0.20665037608731435,0.2234118989590529,0.23998815116477598,0.21361109191186545,0.20924534249849708,0.2067165746515976,0.2125625248261303,0.211120205526552,0.21995371420353754,0.2267320945221724,0.23606141171413955,0.2484636151932545,0.24933899232868267,0.2430561978988791,0.2428724758214691,0.24017483443940313,0.23829635533233362,0.2397777055025772,0.23162556942946222,0.240382584372964,0.2594394410505901,0.25668825642160675,0.23814649827826337,0.25567778779671724,0.2651526671433595,0.2610880532346505,0.26851898692553633,0.28783261279148253,0.2861659782396144,0.2690475242103855,0.270039938245817,0.2603628399300128,0.2621410290831711,0.280244436756166,0.2773147693261948,0.28735582158740897,0.28370827292828066,0.28875731839909674,0.2811829610250606,0.27233847422465524,0.2928444515676245,0.30035094312257865,0.2748102960619212,0.27967780339839754,0.2472506260931043,0.2764184325842698,0.2911668982358401,0.2727658524044851,0.26637532954009985,0.26726309907217827,0.2584853893347013,0.2606909771872899,0.26973605408039486,0.27461547073471576,0.2587926871097917,0.2582920266978603,0.2575983043865907,0.24660756784007767,0.24544427126233967,0.2265704670974247,0.23329885105757822,0.23071323032867197,0.2295636916028154,0.2217233848748393,0.22969730514781825,0.23622012772587495,0.2314149435733982,0.22643955878742988,0.21581821687214048,0.21001973202242477,0.20300780244483432,0.19204252168584987,0.21395911852124297,0.21410129788425303,0.18552570902046203,0.2020463736106219,0.19368910840340525,0.2022650517816881,0.20687504233784967,0.18606222067122147,0.18826119020007465,0.19286485718167082,0.1893830035354699,0.18627582691823874,0.17423828991847476,0.19008366631018603,0.18256936288574474,0.17610066663225665,0.17026081189082712,0.1917556194835114,0.18564070113058317,0.19208528663044225,0.19739990530608142,0.19559154173709992,0.18011023795548703,0.19358383980729058,0.18797898487821452,0.19065996106582567,0.19386691524994062,0.1917353983094803,0.1869299974284751,0.17620592189200723,0.1885513299257186,0.17242943295599764,0.16620569473064994,0.14836723391770226,0.1520403987715134,0.15016267631037147,0.1584054063848747,0.1577309794020514,0.15551668849425496,0.15314753113062662,0.16398578381151507,0.16544041087677122,0.15553602657854126,0.1582194971815683,0.15814009669078402,0.16672752373302138,0.18208220331624358,0.18713322406870678,0.1702740241516859,0.17970720929335005,0.185070799028637,0.1828005087165425,0.18374456419460306,0.1852309695714184,0.19355718619518747,0.18849971590465994,0.18151168983870164,0.1707343871505662,0.17707110602707002,0.19665591336308447,0.1853013144358419,0.19087910939633923,0.19188852298869308,0.20884255607147245,0.2031800580175696,0.2015124531422813,0.20791513281295915,0.20316193940657457
200,0.21053189520880458,0.20866393832439423,0.21323991463766606,0.20057725339286747,0.19280518102311836,0.19326770964662593,0.19359141759108617,0.20058386713939763,0.21077378766855137,0.19657866437888952,0.19081099666606413,0.18055889988726437,0.19146297376260007,0.18438479296729327,0.1772164775352941,0.1839934657623252,0.17849382653072246,0.17378436446236417,0.18917075623626078,0.195673895012436,0.18887996778575908,0.18298197044805145,0.1816272469121995,0.1789081809322447,0.17686129473611464,0.18806405671252396,0.18820207180155174,0.19699723020800974,0.19402839892443688,0.2022515227052502,0.2084434247198625,0.20377502730348165,0.20805425397082591,0.20050553688472636,0.18987942154537185,0.20198995851892249,0.19512000570331192,0.20772664171925784,0.2071682989086273,0.1998362171402904,0.20255912858763503,0.21661728088616738,0.20037598026882225,0.21566417084079492,0.2133225173452209,0.20927242170315588,0.21123651799415405,0.21578437792429497,0.21244122645432048,0.2008424960022501,0.2017434995218756,0.2120049982414784,0.21767081332367932,0.21036854345479664,0.21230469575644334,0.22076031241632835,0.21208878297158865,0.208325436276017,0.2166070062675784,0.21176510601778098,0.21478344305841235,0.20637980605958348,0.20990428287857155,0.20281025448552575,0.20806920126159137,0.21488118978732954,0.2126769874773016,0.2108474242675246,0.22973448965792623,0.23550595870511584,0.2405293069915648,0.24511579633971664,0.2208360650016496,0.2494051976423144,0.24263262678900027,0.24152767457441973,0.24335266127671532,0.24142575598438915,0.24744632033861094,0.23567021607642644,0.23405229286623705,0.2608585044141206,0.2645781649691401,0.2615899169600078,0.27335750380526813,0.2761302588393217,0.29449505042365326,0.28442056839807045,0.25838779748727553,0.2854427389732131,0.2798820201955192,0.27893499244200987,0.2826962190424361,0.26896204612676305,0.2681130789360004,0.26143215329507435,0.2535262893089162,0.25662265863757355,0.25227952231717116,0.2519648735724966,0.24440973491614731,0.25150405987694996,0.24764023074167063,0.24937924168664743,0.2460476945048492,0.24063899215399553,0.2251702448123757,0.21584783651712064,0.2214432771654405,0.2123484523066654,0.209699937004545,0.2070301515320853,0.20313434589706436,0.2159355265377973,0.21186582084193095,0.20598429053056194,0.2156386975294317,0.22269578646230817,0.21983391789536777,0.22508217336769848,0.22553767546248024,0.2191248844057845,0.21119435218518218,0.21387700801283283,0.21411520055370298,0.21333514138522497,0.22311876635042657,0.23788611841729207,0.248685978834111,0.23559447420893928,0.23804501984330403,0.2515851482760275,0.24598017151790644,0.24726349296057992,0.2296847706169336,0.2375031095102203,0.24093345029584196,0.2391840966294662,0.26508490624288994,0.2629771412675675,0.2463521744682584,0.2655296359278658,0.27896132681882774,0.2736182116181382,0.2987975278829465,0.3005266567366971,0.28860244097569715,0.25639408393249447,0.2670797739592068,0.2605583527766235,0.2835104034421022,0.29467344471133344,0.2790120756776234,0.2749229529353437,0.2832128797523442,0.2896503115729043,0.2805750183542802,0.2854571989757638,0.2833531206403504,0.28522592681177056,0.26713266695196003,0.2743664474683036,0.2849292270872307,0.28247108622883954,0.2521697570354721,0.2667478944214757,0.2787353174907907,0.27281296146601314,0.25506096589997174,0.26299046320438463,0.255873906689561,0.2572112736906476,0.24900398643568455,0.24018987713588563,0.2285088370164251,0.2384900145072002,0.23662471287998282,0.23284220319224028,0.24361762219937244,0.23533742651289088,0.24454945539705314,0.22965785277606965,0.23163602308198375,0.24134638603596467,0.2201775830280914,0.22195288782715827,0.2073915703248641,0.1942068749820545,0.20147804123268928,0.21802962107194251,0.20195224250620183,0.1961001021973821,0.19554003563763775,0.21285609968567845,0.1999258324473009,0.19085287213083058,0.20255888139068204,0.1955993557462035,0.18937284336581725,0.19651952239942494,0.18247156631483227,0.1728316595049909,0.17308191833102352,0.1728670417349219,0.17255895418231745,0.1714205562382853,0.18635682385267968,0.1985931113788268,0.19101870655473813,0.18867949274625392,0.18723933930442208,0.19846034409059982,0.18035450713841056,0.18615782664158212,0.19490267510640125,0.19450519262618007,0.19064262092842355,0.178587188408462,0.17657763671548327,0.18570192256609225,0.1664616901962385,0.15581347017585162,0.16123907573596977,0.1603181527127433,0.15858751720836217,0.15672092994671266,0.16187370237019005,0.1536176085762032,0.15146699172171613,0.16260833389403317,0.16325083075440072,0.17176698792122172,0.15520724855442877,0.16728110938514124,0.18129707610313053,0.18423540780471895,0.18114197559770484,0.1808640285286406,0.18021457002790725,0.18648186332477587,0.1907503748172774,0.19260328939738003,0.17752225257103538,0.18777298057068206,0.183053526534055,0.1901509502182089,0.17767936768449935,0.18389444056858345,0.19247503177629785,0.20013671633952954,0.1967731645052536,0.19506588390619325,0.19479782343535024,0.20271553878038562,0.1938017525235875,0.20008085288765548
201,0.2121504220086047,0.2116816928622261,0.19856841992687824,0.2055720657324937,0.20554792644400327,0.19318575520082476,0.19613032590916654,0.19813315721794203,0.19358722748573684,0.19998745330161918,0.18964229395478244,0.19395661676520165,0.17038207382276788,0.17820381614577693,0.18197171997460315,0.18310196286843178,0.18257600503416352,0.1768070589280377,0.1753653555124798,0.19146689745492834,0.1921764205424443,0.18507612587108344,0.18263142173928532,0.1804648396656675,0.17652808095493935,0.17673623540280994,0.18760719924762048,0.1846019566805122,0.1949627311203666,0.20111570235751242,0.20390162175359702,0.19635331147841673,0.19802050329809362,0.19207993496311207,0.19282214067180495,0.20570109331266434,0.1943932586571943,0.1967260853417448,0.20530205664296589,0.20104719582068267,0.21655249908908727,0.19624857864667053,0.1984682818500222,0.2083608881647526,0.20544449093620135,0.20750109841086942,0.19495254094176356,0.20297544863681763,0.21049127560266787,0.2027179706655145,0.20789517021805454,0.20041552467163323,0.19784526462460536,0.2032671649836445,0.20433412386095914,0.20858289937091087,0.22222013136984067,0.21687520367694768,0.21514432752387458,0.20879312768833722,0.20837585748511064,0.21672983482270033,0.2262428692775241,0.20232698039522024,0.19884917797932852,0.2036236274915946,0.20408253490587885,0.21128107602226756,0.21013209963499405,0.22428235106958183,0.22776390491690038,0.23001459819870607,0.235157752064273,0.22913471929706922,0.2328899780764889,0.24047619967633962,0.2514641044956191,0.24564232538534514,0.24129198712174757,0.23763204201700164,0.23690023961812529,0.24451848708186472,0.24670207367282943,0.2562984619583132,0.26401220238583384,0.26571862716907685,0.26836693119166344,0.28134033483825016,0.29020707770071413,0.29316694405889965,0.2725599243375598,0.265425106324641,0.2715019792849508,0.26803283503330316,0.2739214235498672,0.272671658684257,0.2581582449974538,0.2570531913138815,0.25752773015610736,0.25115926300146635,0.25223537815470104,0.24403628216662598,0.2466554409690774,0.25042379921268004,0.24540731282183895,0.24238324753205642,0.23741371291092614,0.22699657266747794,0.22563013331329837,0.22269604285045483,0.21762545894532626,0.20575457470212807,0.20309009371573838,0.1985238641986097,0.21408019910356402,0.2012880580609255,0.20619322911246482,0.21273556448324227,0.22957801683697462,0.2123442473750242,0.22238367352289082,0.2132754171131744,0.2091116361101513,0.22438064908063218,0.20979609486742742,0.23622839540811608,0.22190393316039406,0.22181719035228556,0.2334798469764416,0.23402039066165403,0.2312723961391699,0.24614113563810952,0.23705111367964452,0.24977455850699826,0.23531055057892086,0.25977658302294243,0.24653580395134342,0.23806787749937752,0.26397633809888255,0.2601309338322952,0.25786832542632876,0.28572484118976865,0.2727966294033811,0.27643625451371906,0.2920982802227376,0.27877639647189206,0.27525803168606156,0.26527297013258205,0.25867830109723855,0.2681124615835324,0.2786647271343207,0.28461776239644027,0.27468377037954966,0.26803838960655085,0.2779553259206421,0.27297319314201407,0.2661956780526782,0.27178344546682986,0.2576617784012015,0.2567036240919844,0.27425338714506936,0.2705596322796394,0.28275936650787237,0.2819057926999937,0.26736773687525633,0.26187859365475563,0.26451115994391583,0.2668289824275831,0.27447197035480836,0.2654636124427444,0.26587224333315657,0.2601009868756902,0.23889040130217737,0.22993034978725319,0.23067004481547443,0.23668519879691174,0.23953859615979672,0.2338467831332639,0.22795777008877524,0.2325240614055223,0.22598431660716028,0.23514876382186137,0.22571166270173795,0.2404920918768369,0.22389639449773738,0.2155172813544149,0.21625457300630657,0.2012088041901885,0.21025827642552994,0.2030552440765964,0.21080504488905297,0.20949718897730618,0.20206705409655298,0.2102819036665174,0.19267439323866611,0.19236599358015172,0.1955561956906885,0.19221027496997675,0.19114414520254877,0.19048838509664684,0.1890710778412733,0.17833701780969027,0.183901427339165,0.1776796949822915,0.17025218722911575,0.17410574425817218,0.18827020695412716,0.19607834834312537,0.21173390145778911,0.18728008594871712,0.19050715877435168,0.19153974283847575,0.1936902233707486,0.187129259921111,0.1967306650082057,0.19918920258541462,0.1982592413529555,0.1888557012440677,0.17786262598399652,0.1741106753154835,0.16778676471147755,0.17317807187541698,0.16159901154820636,0.15527945568085827,0.16281491993822164,0.16700104933358428,0.15371172628195712,0.15275168161200864,0.1637851791188485,0.15836164339994588,0.17363485151627917,0.16659225236817424,0.16624236169857595,0.16796001316242215,0.1877596210210357,0.19740642792047944,0.18502384421897844,0.17946889960969992,0.1886687621218952,0.1825988760517943,0.18712029781000475,0.1926975087477343,0.1888119162888128,0.17989214488894817,0.18667643565453573,0.19215305782742195,0.19079755276786323,0.18669225437703563,0.18391197151369468,0.17852428402331127,0.18418204894607992,0.19404988960234887,0.20177805433934795,0.1974570389129668,0.20638816987339895,0.19811517390264224
202,0.2024109718087397,0.21168144915481113,0.20199356306885655,0.19130538718961032,0.19005578789565566,0.18913782912093638,0.2003468783587922,0.1925957502920646,0.19318032839203955,0.1941726241789724,0.18537778984286662,0.18714684069352486,0.18645884942175522,0.18855480320156093,0.17563481192445618,0.17282183018232078,0.17426565380392967,0.17276421851388749,0.1701394403813398,0.17575018870536638,0.17528659306341896,0.19066421951798848,0.18641982673904609,0.17899438190625877,0.18029542224713183,0.18572326075642126,0.1818172563882457,0.18905079151502546,0.20147578195332858,0.19705879373718463,0.1918316224794379,0.2070247648408542,0.20609103485958563,0.20022404458306264,0.20511465930657743,0.19977166717976125,0.2016303295762168,0.18924647549673732,0.19339124086747725,0.20121999783903696,0.2041766152516513,0.2024423686167729,0.20831526715888662,0.21049122713526613,0.20743149623884952,0.20532990206046295,0.20242000907843247,0.20658239115500834,0.1956544094446254,0.20053469878096888,0.20363771255502497,0.194505730064631,0.19306053262101763,0.19314745942335546,0.20600359529684337,0.20468320090645262,0.21925878339402502,0.2069852508340853,0.20506398842482362,0.21118122268320486,0.20471110379701515,0.2113622385824048,0.22375430508735622,0.21960519014141205,0.20423299210382342,0.2065618906429447,0.20505539497833988,0.20611386160080122,0.19932615577929,0.20863467996759802,0.2172042906261797,0.23272926610606418,0.23594110008435443,0.23126408890817038,0.2354839976924676,0.24222172909078757,0.23385809090110593,0.24836660451535864,0.2437520629745511,0.24230852838297065,0.24693707524568292,0.24665322599297101,0.23301737204245718,0.24879485784303587,0.25947468894677395,0.25857706401662767,0.264170914728682,0.26901221475291504,0.26778176515398994,0.27824348228887885,0.26976151998134656,0.280812218125533,0.2693369885643157,0.27638342856788267,0.27186606421714343,0.27336128040483587,0.2734248609962707,0.261956391917752,0.2615844960187883,0.2590979638213486,0.2520298610548588,0.2648048895678318,0.2524567575405554,0.2504351012610098,0.25474108838057147,0.2571828472210429,0.246762124131244,0.23562512611506536,0.22850667976633693,0.23405552644049699,0.22594956002590313,0.215158347464497,0.22298497461937683,0.2051363859792061,0.21131829598846835,0.20773840843591782,0.21096169198996087,0.21483048059363155,0.2193151332336682,0.2083755216231811,0.223144609469225,0.22416938481992188,0.20752212218903346,0.22629543857895432,0.21460305494569973,0.21431521290393418,0.21851285933648193,0.22301408867436323,0.21198322744350961,0.220291428926557,0.22833248330543182,0.23031869970001062,0.23828883829329187,0.23344463635913593,0.23855141665934837,0.2492324576344134,0.24439431538915352,0.253128473435608,0.24687260514558776,0.2536255489299709,0.2584151670917018,0.2821174826785699,0.26853506288997164,0.27581507540108596,0.28197655479589356,0.28144011527758456,0.2752966965088536,0.2706611981502646,0.2706568356423416,0.26263342660800154,0.2598106802486707,0.25834793824928337,0.27221308659623994,0.2661975168736296,0.27056399322081676,0.2804761904418442,0.27446691444083615,0.27497803236595436,0.26289843450615463,0.257724674622574,0.2699535232743653,0.2702638754242622,0.28403509224450474,0.2783569056357139,0.26776573428604034,0.27206207119640446,0.2595499801496012,0.2634923434377499,0.27335750380526813,0.2692390193155084,0.27217798840661495,0.2523457530470772,0.2576267767767559,0.2404864990314631,0.24339441020313207,0.234067275469675,0.2282496393542191,0.23688654839146772,0.2422776206996573,0.23103112877618118,0.21844112271550561,0.23302928358656355,0.21366845022101907,0.23628861679607682,0.2221363850135067,0.22536729912593495,0.22541862688825737,0.2080800291364514,0.2077787838636299,0.22430538499453895,0.20454190668098748,0.20926721759823103,0.20555109752212566,0.20932678342318728,0.20219036673900126,0.20441059388144744,0.20084160346234423,0.19080308837593377,0.19185918707842872,0.19554648779177947,0.18592731601113413,0.1866351327563033,0.18384985852101204,0.1849369538662724,0.18288917464371363,0.18776290677681903,0.1838728467740334,0.19239297046087214,0.19782751697617418,0.19293001585820843,0.18268693939528594,0.17977086164104925,0.185583132070861,0.18429171009521841,0.18902289048935933,0.20833627748529002,0.18971221731220098,0.19881584804418884,0.18336886633511676,0.17723398400316473,0.17295746050138205,0.16772036543941315,0.16070737227319976,0.16241435061003823,0.16329947932302427,0.16769731145632846,0.1609214732792898,0.16907609158965986,0.1530498823183756,0.1557446008358616,0.16350811055312245,0.17150449221592654,0.16695898659820527,0.16282886663724502,0.1733517778401665,0.18335320255245963,0.18468618061355518,0.19141928954174314,0.17925934284913353,0.18497877540208862,0.18713796392062668,0.19249648337433833,0.1925792096421193,0.1880999586155822,0.19167201124631833,0.19026784529465768,0.18525400254708613,0.18668296931221662,0.1972724689525815,0.1858336683768065,0.19174656825770175,0.19902191466591068,0.19886918778061918,0.2020093447783043,0.21138681732815107,0.21682157758220005
203,0.20238679827996547,0.2046938997071156,0.20245057286074322,0.1975128883517287,0.20439049714144727,0.20413617832710773,0.19880309899011084,0.191317325028945,0.18989170764290603,0.18900987722276127,0.1952643679509653,0.1890418679621819,0.19589441304950944,0.17614057105089884,0.1858348664946056,0.1779441438813159,0.179875369883802,0.17517107694305586,0.17067770714932606,0.16578265860434932,0.17097168819870803,0.17856227068778172,0.18576205208253294,0.1800183181838929,0.180481295627628,0.1931854438224276,0.19127332170052114,0.19033142537218714,0.20828471482641328,0.1924125964143532,0.1928523787197323,0.20169260721743365,0.20694693564809416,0.20640252220737426,0.20002520307592236,0.19967319031063246,0.1951145200665402,0.20260849939859482,0.2033535273337508,0.2033362594199833,0.19949891060669664,0.20204122359158275,0.20778686945973224,0.21345901448073498,0.20343776220587056,0.21525904044503452,0.1965294777158761,0.19022311973519354,0.19845609886770543,0.19181355744695278,0.1950075068811529,0.18898515883591524,0.19462982851690763,0.19632848260653252,0.21628997976245323,0.21613156590341398,0.2043108826454466,0.2042214709646431,0.21012310027276082,0.21060966629330127,0.2040464578368774,0.19942369234960539,0.20398318096577225,0.20706066287079453,0.19793947315867727,0.19888790815440632,0.20283856993645785,0.20556979367861383,0.20295983446444518,0.21568453179117733,0.22411488399096166,0.22514743312740387,0.24505699291655128,0.23354824062958968,0.23932562403630286,0.24497073204806777,0.2377967966715965,0.2508525383699811,0.24842751776197133,0.23734691981159672,0.23837779597493133,0.24740005964729186,0.2563315124341106,0.25450422710188664,0.2678927744112558,0.25655530538994903,0.2515868861706661,0.2669180847846837,0.27121768207002045,0.2609600338319759,0.26463178121001457,0.266962339768435,0.2740778886114625,0.26032807081131976,0.2661864841384508,0.2764636261426937,0.2702028963586547,0.2751059604990365,0.2755643298135627,0.27188359263509604,0.26654650968885485,0.25666461564821,0.2539621528767926,0.2522464134711036,0.2514438396997597,0.25299154077195146,0.2580465160927436,0.2504809489836296,0.24728632475847603,0.23968226493028444,0.23061614066798417,0.2209806262433912,0.21341984492365246,0.21066728583912409,0.22337362902403668,0.21069993420910593,0.21797114221630995,0.2226864028592427,0.21495249973561686,0.2179359620687173,0.21709234007475434,0.2198847448749693,0.2318277392184249,0.21381334111854963,0.2181101116161118,0.2069739556949561,0.2049535758937276,0.2095160510839619,0.2151126745516073,0.21299798747541496,0.22741143569882075,0.23928859515750533,0.2394162367014932,0.2439244868349115,0.22234977791097918,0.24150576373022392,0.24015520292550246,0.23801251861065795,0.24739202757605916,0.2581772675007102,0.2599195820541233,0.2608098563897232,0.26051395968318636,0.2803354369470405,0.30085414546056344,0.2748286471232525,0.2616616044131627,0.27300839387573816,0.26240916542358095,0.25428280880687454,0.24800160986933228,0.2401393329873037,0.2550586167124786,0.24213089091051948,0.26769422364367806,0.26072999721250895,0.26446852921787156,0.26754633121670734,0.2652723593196986,0.2623408975094723,0.2649750605084573,0.2659316327312647,0.28746236879379516,0.2794454225124521,0.2839324304518641,0.27733073330701863,0.26789894294136213,0.2640821213571842,0.2664894374199713,0.2623511667685387,0.2529699879117034,0.2543460515130571,0.25426817153304915,0.25044346279849283,0.24165673306419735,0.2351016623864897,0.2421811850668079,0.22614740049001614,0.22821432417112802,0.23759456396489784,0.21787836119407578,0.22646119776992452,0.21706145008500702,0.21484042359950958,0.22358074554333723,0.2107524344686709,0.22245649999748968,0.21387912564436096,0.21592767076389163,0.21789215792621397,0.21892139153747317,0.21558696567954277,0.21017226277708737,0.21709019062897522,0.2075508899909909,0.21137445459186135,0.20359934664221224,0.19684628366734128,0.19864147894025708,0.19814596824629122,0.19960586868975982,0.19036859296560324,0.18858676034143607,0.18649195427121493,0.18495667098855717,0.17653657640174425,0.17888865550567698,0.1935070089192355,0.18361895016534513,0.19243873792620442,0.1909650539982092,0.19557893189088474,0.1919084951802917,0.1983555332994578,0.192611494053195,0.19843917828418844,0.1974653321153291,0.1884724603745812,0.18532401477893995,0.1866656900043746,0.18020560712813602,0.16715974501479786,0.1658148796355914,0.16003014546297434,0.16116907003952255,0.160361311710528,0.16385994320729988,0.16861297844316725,0.16514795489980127,0.16248403669994937,0.15872626611290327,0.1600308087337981,0.173823944128931,0.17133457041110783,0.17418662321494446,0.1916774839542829,0.18673872962694615,0.20232539176740366,0.20205092360115973,0.18431568727981337,0.19032292342860596,0.19178904649254644,0.21181304322816255,0.19489087254992468,0.18734327155622646,0.191529643367601,0.19370489693901072,0.19707244284865827,0.1958734487373235,0.19141087122609074,0.1857802743991349,0.20912579261099581,0.1925894088025868,0.1974564342139191,0.20142086652623278,0.19684649216489816
204,0.19686826777780192,0.19533462809589822,0.20107531605056012,0.19796791084632342,0.1957729251935933,0.20308102185324753,0.1958951527951368,0.17880579914209557,0.1980329376920156,0.20106058878178282,0.18593767664567468,0.18764932217596714,0.20031812661227275,0.18520320584682662,0.1709792469615148,0.18384926586004627,0.16881763039057268,0.18052348127148868,0.1675361765855083,0.178069401902815,0.17288861690736246,0.16716301669287906,0.17254604138602583,0.17185133095016267,0.17924390629390619,0.18891058808625036,0.19504083609571995,0.19032428196110626,0.1916304855462346,0.1978918597774475,0.20128191237173315,0.18769326970812653,0.20495994695390518,0.20718633114902985,0.20104252492863683,0.1956903139543759,0.19335352765310912,0.18441927059839636,0.205074943230386,0.1910244245190579,0.18816485060731988,0.2028422316655575,0.19767528335335158,0.20667493037786747,0.19737961612609461,0.20905848556011264,0.20187791003509123,0.20633081802621392,0.19755342341612425,0.1958273107984449,0.18883648157266766,0.19063985543208278,0.20260034007019362,0.1938325458765402,0.202496252337939,0.21859166596513233,0.212494013807256,0.209953249155573,0.2003472151195622,0.20811563094439178,0.2083775368028786,0.19261278022011855,0.1991348003558859,0.20230067413924477,0.1949900766502687,0.19374138497545546,0.19542668265940225,0.19224909320032382,0.19740139617037142,0.20818972906290278,0.2250583859924078,0.24397728829635568,0.24352424187478314,0.23521575073106848,0.2335416799924314,0.2422485019051257,0.2553383219915298,0.2542219232855423,0.24752279477875244,0.2428146019427931,0.2674828857765874,0.24741470033449575,0.24767438883819512,0.23755862341574033,0.265445275499385,0.2577050920777782,0.2598364056787737,0.26238016449349777,0.2606465614977326,0.2784517809890246,0.26351904018595396,0.2707528270613637,0.2579710670192244,0.25480209824065897,0.254232460120894,0.25325498345638686,0.26508551662414614,0.27664957030501713,0.28672727019557737,0.2581499230930159,0.25702596596081123,0.24573063334368683,0.25340197766877204,0.24322112895484144,0.2584853893347013,0.2665170515078537,0.25527835933551385,0.25287040259659604,0.23204173282415436,0.23352404247189182,0.23145784218332702,0.2254341987931844,0.21544593286598013,0.22387335102327338,0.20976088177492921,0.2156552324941403,0.20713085601569614,0.21863968853137405,0.23018339964754753,0.21334732404650755,0.20910166935282162,0.22903665903901702,0.22766669342197227,0.20510356069887056,0.2278408541072521,0.21975638382996723,0.2106126729841669,0.19536792324928565,0.2124796782242695,0.2039200880575731,0.20920786141074021,0.2235977350406335,0.2250821215406187,0.23662574809446668,0.22945192204965034,0.23091088192685075,0.24223293984667976,0.2378724249856721,0.25108611673466485,0.24494241757354826,0.24986688347757402,0.2585955219418673,0.26369081347518936,0.28273788176657166,0.27571855896458836,0.27488307471776924,0.2821571110316736,0.28329114517522147,0.2581867792779625,0.25280752680796653,0.24089545156331799,0.22967927044800915,0.25047431640390355,0.24867160647168418,0.24703472207292693,0.2646238599450421,0.2685758754300085,0.26424026729579375,0.26180081849701603,0.2574826676561622,0.2772126216070285,0.269221041488932,0.2684324405816011,0.27924281023790753,0.2822584809950031,0.26540249422383516,0.26401281029709533,0.24487976510331633,0.2552060701549877,0.26102012901880134,0.2551197026198156,0.260861507675927,0.2611872663610976,0.2622937848856398,0.24247820030564612,0.24124921007341407,0.2353983964100338,0.23287619688516387,0.2343889858846271,0.22502180291043156,0.22927462933462747,0.22808089053788855,0.21145083282096383,0.2202605401909257,0.21585931770750616,0.2123088510189413,0.22945070688794494,0.22489494819086195,0.22408051812290886,0.20995595641026907,0.22391944034408573,0.20550722739694205,0.2145810667623413,0.2127702481054386,0.2260316732472285,0.20322813420008584,0.20886246535951855,0.2064831419373811,0.20365687243089692,0.2053599263931992,0.20141887688260246,0.20574315722418385,0.19614880201211066,0.18880761225838164,0.18959976730736772,0.19205189643271153,0.19238207294034224,0.1954068077634774,0.19542855461248337,0.1948181432920514,0.18648001695537444,0.17759490410183978,0.20083334418797744,0.2029072990956197,0.1946476657735474,0.19421666842400834,0.1933737859035405,0.18217467356739145,0.17827432469049595,0.1768594214504039,0.18462992786017102,0.18342764911574283,0.16695460407080506,0.16623225642406583,0.1623380033016906,0.1599203751856794,0.16247767655797787,0.16254192543432858,0.15832153795166834,0.16260372859908348,0.16484455253900226,0.16460127692140525,0.1766895643757901,0.1770373906866616,0.18433037219314122,0.18150629841393895,0.1972845838159202,0.18745434008971418,0.19778459392886535,0.19885626131034184,0.18771846747733276,0.19067370259854702,0.19649237862384486,0.19644216867761607,0.19800469126925993,0.19419802106235162,0.19050492162687344,0.1860828290114345,0.18675300556886942,0.18863192640371493,0.18685916335425581,0.19688849986139564,0.19552225166733472,0.19537777074170848,0.2018989544869575,0.2014593507494023
205,0.21042924646267258,0.1958683839011771,0.1994190522884231,0.19907165682817995,0.19086232064673966,0.19917005990926132,0.18867319331789897,0.19648865959877235,0.19723478907937264,0.20486940211154228,0.1957164411152896,0.19034518705478165,0.19117464834435763,0.19343809207941154,0.18248551603746646,0.18096167188545528,0.1851589460268388,0.1759495255125146,0.17556926863163363,0.17527630125201565,0.17407632117705207,0.1723006833987206,0.1764009826254468,0.1772340656224494,0.18208534779164803,0.18993377496450464,0.1938625406276213,0.19407089110874112,0.20167971084212213,0.19510248006138717,0.19270877911855055,0.19613503170810767,0.19683840624753177,0.19757446290141178,0.19091330675681117,0.18764634085778006,0.1962778987495815,0.200298247743855,0.19592437949327335,0.18903076852087042,0.19623902615601083,0.19647368015094957,0.20291843304688723,0.19902534251683643,0.20123614540384485,0.1991904537867859,0.19047141142471463,0.20233288777758615,0.19099284590006022,0.20036982090384275,0.19930142183085708,0.20539662350715718,0.1924444983978202,0.19599304036240062,0.18913077405619796,0.19765734159641687,0.20604277957373368,0.21225728263763907,0.2039341466702101,0.20234796449732273,0.20758640126496553,0.19147064487660342,0.18623049601975758,0.19477997241845937,0.20129991430220784,0.20039230465527383,0.20049588798274007,0.18646524665826478,0.19429507847887353,0.2002678474992652,0.2213431570190704,0.2299443802214968,0.23864195599400093,0.24561811836930905,0.2452576146249274,0.24501670773724787,0.2485017205488078,0.24502392924294766,0.26626494908078674,0.2497338428218936,0.26420193862676616,0.26578777405615717,0.2596462173691911,0.257150871197957,0.2624617377798148,0.2533103879251225,0.2681569145948015,0.2633285816918256,0.2703883652010379,0.2600428996113087,0.2713176207649485,0.26092818899290016,0.2560082730459877,0.24452096440275664,0.24626296269668654,0.235735071760632,0.24359260510034866,0.2585568213554539,0.26203602336734133,0.27789133170953234,0.25272720827323814,0.24807282938135383,0.2408690501338578,0.24501811817085442,0.2486509369207755,0.25324973524042044,0.25777690201720993,0.24613790512212416,0.2299027679201076,0.2339608012336269,0.23832198088965426,0.2305694162326534,0.2268763361019486,0.23198360871827747,0.2192019937740655,0.2267216011591879,0.2108589307925081,0.19824374348585225,0.21790655762924158,0.21680625114485044,0.2210122266404272,0.22559865183532074,0.21746186083636454,0.21331652487175923,0.21007283673101013,0.21131211653367177,0.22911229730116384,0.2176405927258633,0.20450738711602234,0.20043193996690337,0.2143384570259242,0.22094506211946488,0.2305836980383024,0.2268129775794656,0.2177282590609439,0.2208549817823307,0.22374250701321324,0.24078681380930722,0.23948521129503117,0.24471917506721802,0.24858853789807414,0.2626400787861891,0.25999380503213376,0.26837496450193354,0.2866355151424941,0.29108310572519863,0.2906102981374903,0.27838574945079847,0.28268320070020053,0.24783783121636563,0.2484004052329065,0.22705114690646838,0.2264288704144666,0.23253573355880833,0.24695714741649893,0.24996960273288385,0.2615068082049195,0.26339164823530387,0.2692898596666819,0.26767696531561924,0.2591791134615945,0.2545944898209074,0.27042011926864123,0.270281300541956,0.2549059659270656,0.28279452687886036,0.2750153913623292,0.25650155364321187,0.24016930427313687,0.25189990284756475,0.254225435515469,0.2452882247127428,0.25602713712762004,0.27242690721345525,0.26233968938777424,0.2511854042257788,0.2334879112239328,0.22807737188811794,0.23196122841013334,0.2211881213599581,0.2297449637642703,0.22194445540806512,0.20923806736635558,0.20324572988448533,0.20403018812262708,0.20548025688782123,0.21876487866959599,0.22823713126858733,0.22433276022339607,0.2107338977631038,0.2149826935877638,0.2096313349664137,0.21291982472947607,0.21502888353682278,0.22185284377364567,0.21719298795149392,0.20073135674073664,0.20568262201547366,0.1941436543257404,0.20669391912602209,0.204633249151021,0.20396856008268188,0.19769716430548376,0.20849224223758692,0.1878057133225825,0.1823100457283765,0.18805223526970627,0.20253303931320804,0.19784606184843637,0.18968054988755678,0.1816258249963153,0.19382286106280283,0.19537674953052808,0.1861033110785798,0.19876691169523633,0.19645458086249648,0.19338718868185736,0.1956331464843631,0.17795668210793927,0.17914475606640318,0.19011089219318006,0.18965063448780087,0.17841353573689864,0.1832239746533176,0.1612481348977428,0.17498889954305366,0.15825374639036463,0.1641287265934938,0.17191188406969984,0.1666390572680778,0.161415746894252,0.17255939124771408,0.16231023255526109,0.1793001281653874,0.19087981262226156,0.17788445600974695,0.177760023904874,0.19020332294302827,0.20114710667205188,0.19787116009701672,0.2006950171635498,0.19834074035039562,0.20527610565576776,0.18731083505297738,0.1887136436526965,0.19407893484076766,0.19482702548450598,0.18763281750192246,0.18317107743596012,0.18886757319480446,0.18519199065290767,0.1938297341065712,0.18795392525119733,0.2008999644970808,0.19270682672364767,0.20724635451297316
206,0.19418071683932653,0.186046498171233,0.20465421797866015,0.19040392643892004,0.19022399574705032,0.20847928072001604,0.1947335584621058,0.19211443593203753,0.19079113869270573,0.1883639113812894,0.18615821242179473,0.17302477772501584,0.2004993643039639,0.1951564187855254,0.18303405443973902,0.18436488209982377,0.17995536550515365,0.17297777240677478,0.1837853966741253,0.16930305701361387,0.17602668084306702,0.17766034453627738,0.1677700755108433,0.1750620460465751,0.17959035130698356,0.18894164840447783,0.18503867076646086,0.18731070566328112,0.18928112127870503,0.19391736445570473,0.19418098511008622,0.19337458737247562,0.2089263417791689,0.20830126145177105,0.20249522189523786,0.20353837364293917,0.19346958496482272,0.18689371635620014,0.18718549834644432,0.1869919023926683,0.184090128130068,0.19273686917093466,0.1877205422299737,0.19729898452745595,0.1971461317045914,0.19576970211581793,0.2069907794812953,0.20272486505507334,0.1927559532164842,0.20109290129458407,0.20503806753038434,0.19795726275794265,0.1880335736253319,0.2021845612826091,0.19292188647813804,0.2129994097735369,0.20674342180800784,0.20633143564968387,0.2090688353777743,0.20963505174306193,0.21312294070625204,0.19917963904335942,0.2067528477004334,0.1936960659045599,0.1908110845377956,0.20576386075303324,0.19818659672872915,0.20022155502087852,0.19404059604413398,0.19755371909066463,0.20989741981165946,0.21746852057337862,0.22542189689906592,0.23760665477812437,0.2330419469768401,0.23078214203702324,0.2291562992427345,0.24662483062550555,0.23967812579994752,0.2395210572575004,0.25518491621881695,0.2619672493266463,0.24865294081864275,0.26604616313682544,0.24417247199057385,0.2558703716853206,0.2700206634457183,0.2612383908659819,0.2657443256811837,0.2683755824588377,0.27023400640752065,0.2629722970942218,0.25101322296220263,0.23887213982636002,0.23228362768510452,0.2546531191182977,0.2413825105776395,0.25419207129020954,0.23913035027559026,0.25659193391058227,0.2434254043060136,0.24643330412306436,0.24207542333026713,0.23605179104885837,0.23532702256142787,0.2342758379910289,0.24650895463822747,0.24124209981870956,0.22845501708086763,0.2337762027142929,0.23093496882858686,0.21647996049499324,0.2222183404943906,0.22069485058461383,0.21834381790490628,0.20944885956532075,0.20427729576248094,0.21302668049832596,0.21021649950393026,0.2236032955201365,0.21377179305989952,0.21281934391336163,0.21771577610649193,0.21950160491941623,0.2179969412540573,0.20373873250158017,0.2268420691142641,0.21126302791562593,0.20999743978477384,0.21005363429857862,0.20362642192071537,0.20475876431908552,0.20003644602887138,0.22804843699131083,0.2277048075466303,0.22210769239392897,0.22409491399376696,0.24025641918452562,0.24147329039946105,0.22767612961233957,0.25061646507305413,0.26195216971359775,0.25853241319522585,0.2609233825623026,0.26552107640168976,0.2752485247746337,0.28548743589365466,0.2681587669635418,0.26500495844866084,0.2606189555589498,0.2552636647548427,0.23108385290277492,0.23707425801670337,0.2295639558979346,0.23977527623717376,0.2431408888419433,0.24580470978099947,0.2610333518169884,0.2653694962367063,0.2586759185930104,0.2579496838934927,0.2631721933405758,0.2664035452200559,0.26878931468443734,0.2738615110011896,0.2591212320753428,0.26267878571048575,0.24544732312544187,0.24758982906842786,0.23342233009011773,0.24177333435822848,0.24807699924063106,0.23919070562159686,0.25359868660983415,0.26019862665646587,0.24592574743403223,0.24442341071209986,0.22723681840982335,0.22133770370869352,0.2228383838245492,0.22183384152359328,0.2108182966314759,0.22710902875077907,0.2250521156651337,0.20493267076890095,0.21997220084861255,0.20382592410369668,0.2081323558342259,0.21989011175582354,0.21862458595837797,0.21788217402178317,0.2115204199260168,0.21161819219976302,0.2161338551576179,0.22262416317555198,0.20382101031411268,0.20993768311849864,0.1991019781861075,0.19674948307523168,0.19660195856713764,0.20479323200415644,0.20243977222927725,0.20675427590344136,0.193950766372288,0.19281574733062964,0.1910983776141503,0.18345586478472026,0.19357385541567104,0.20112650181339992,0.19198115493116868,0.18594504075344598,0.18638759303781097,0.1973871152440183,0.20052760183659515,0.20727508408657305,0.1982449348841933,0.20368621595016542,0.18839002337186364,0.19288839526839124,0.1891980256199281,0.18261615734189438,0.18994405270152404,0.18061661551939953,0.18482916435663857,0.17639009738359449,0.17425987573417057,0.16911561138455247,0.1680652786939142,0.17519140677672337,0.1728788241522133,0.17957133029931838,0.17229449441290878,0.17119887244989282,0.18155311302424376,0.18486512977763456,0.1910487497723021,0.17940940256657212,0.1910449226284075,0.19170326074444444,0.1885683061692305,0.19193602663033799,0.2047622532599497,0.20857723214537993,0.2025532612394692,0.18735267574162345,0.19764651907138364,0.19225834522377377,0.18957907503765414,0.17907740812490175,0.17847323675742793,0.1850171982212718,0.18677708794393902,0.20283262443804695,0.19353989451022804,0.20586788367957795,0.21142366646494165
207,0.19593262185843338,0.19738791062172176,0.20028378030443544,0.18931272201820212,0.19328684625390827,0.1967925893017397,0.19495626680432812,0.19802462977057192,0.1958736201232061,0.18986827292777506,0.18177895397535362,0.18287094114817018,0.18093371484085435,0.18498039394077848,0.18926782875087855,0.18907521373283945,0.18998805644967462,0.191955119778193,0.1780792836577963,0.1856651958326248,0.18705753197764854,0.1797236375525203,0.17928836221808883,0.1787186601964065,0.1796534244952576,0.17056063333684124,0.1807353481432472,0.18917951163231084,0.1990392378327732,0.1963350737962556,0.19950874999602536,0.20282171936174484,0.18637943892360814,0.1964058051290103,0.19647401944926784,0.18862780020875736,0.1890487455900846,0.19177884555899388,0.19619051626063985,0.18162607592183894,0.17848490811376927,0.1862862927612284,0.19993226634989603,0.19239345776279365,0.18754811347921307,0.18341759727623558,0.1921159399613684,0.18393272285956278,0.20037949603618357,0.19608331927890765,0.19343769121292637,0.19574428448493225,0.19521685415343829,0.19243466138894555,0.1967030617893407,0.20306906538343225,0.2004013256258332,0.19777613248323125,0.20864135762200492,0.20447659285849162,0.20599268574715224,0.20002999771966481,0.20506427173138903,0.1917746946850726,0.1981083861044799,0.20160520015354902,0.1951255723670774,0.20622656118370003,0.19213744002068964,0.1878983645249313,0.20494083436748836,0.21274247136388996,0.22193474574656583,0.2332128090167388,0.2320357487879642,0.23293282831253426,0.2347590806036141,0.23696254196319264,0.2323572885952724,0.23775294217244825,0.24882092485405657,0.254789191090292,0.2562146744963941,0.25163902859251797,0.2762873494209984,0.2586318462226501,0.25130318913900973,0.26452090507468773,0.2589333558820542,0.2529169873366357,0.2587253600524191,0.2632194637421731,0.2577163666945684,0.24678218208123606,0.23704756580885056,0.24598062463054468,0.24411029750268098,0.23258232092324738,0.23994411353249784,0.25319551004346996,0.22966938105251866,0.24599195271777033,0.24505434088738118,0.24225380104208186,0.23892412269571672,0.24610305225144619,0.2324840699840599,0.23876815303661594,0.2491933221635188,0.24247060718156088,0.230181014584013,0.23096214272021617,0.22631320757610843,0.22820050438928913,0.21100585194501667,0.22138194565400712,0.2065466711610924,0.19963334143987077,0.20465638566539715,0.2137990149872303,0.20936447864839722,0.21931568872530377,0.2130655325959115,0.21343119696642093,0.2154682081258781,0.2047073329138586,0.2067833657847527,0.2061245402582862,0.20692487427547746,0.20639577363463768,0.20480737910806923,0.20932842220488776,0.21156674285975963,0.21153020973225303,0.23218143979570915,0.2256307567532575,0.23309722321946563,0.21862161590844822,0.23435536494972717,0.23811677942309298,0.244985454611905,0.25213492090251505,0.2524898939955365,0.2643717220944527,0.26562564379980985,0.2712614007186509,0.26512702584693937,0.2575710212987934,0.27269489011262427,0.2408266807793296,0.25141662954280836,0.2478905665211954,0.2375516766307113,0.24286313678417124,0.25012142828711426,0.24972182491251574,0.2430285523868604,0.23653602816149188,0.24564690688815852,0.2472634360260632,0.24492014055664024,0.258745615908649,0.2820382426687289,0.277341589338901,0.2647189307759017,0.2667958070825151,0.2504637623130491,0.25976581640768703,0.23376242290668406,0.2313188901896855,0.2435285595747855,0.23666176548115997,0.22876321951969425,0.23762662511556665,0.2488198935797594,0.24035037275247528,0.21732295418765993,0.219635936399496,0.209694577416404,0.20883798778275156,0.22488785389811258,0.21380511947564534,0.20912352943255874,0.21791885081157397,0.21337336190476933,0.20087120275570705,0.20589718071419036,0.21165069553095026,0.216224250308927,0.22164987973929198,0.21799864791286255,0.20443643545072332,0.20124548702577008,0.20387369775619757,0.21123982547243805,0.21346083306639718,0.21271224929417193,0.2174603085961434,0.20537189006691198,0.20174241716621016,0.19639454012679936,0.21078349438368463,0.20922448137302382,0.18966578812249582,0.19165735928132036,0.19126865327264153,0.189599592679609,0.1863763490366938,0.19036039618623732,0.1850786401939804,0.1886911363812514,0.1844865035311546,0.18035824471153408,0.1924211917060267,0.19410945936775867,0.20232572253639006,0.20027841235237,0.19398216405990115,0.19156258989460814,0.1823924260333588,0.17596095079632773,0.18929650691083322,0.19081666447561899,0.1753868386506311,0.18564865193614685,0.17796483652678952,0.16746814122780485,0.17882296850553545,0.17416484595833676,0.1790337877636994,0.16943498946970745,0.17859479599615405,0.1679321313626598,0.1739960142681549,0.19163569231386224,0.18277441392820198,0.19187920039849302,0.19330309160505998,0.1941522822405387,0.2034565659657636,0.2014827964722311,0.20866946376199905,0.21299308307197118,0.19820610628819446,0.19399422426664795,0.19678452372307964,0.1793710704795213,0.19294974102385584,0.18486278862015285,0.17633872648462717,0.19638366013190012,0.19392214218475012,0.18372641463752137,0.20988644903696888,0.20100824880844229,0.21065690539674414
208,0.19270123588403204,0.20119187590597729,0.1942336627828956,0.20564213305244264,0.19509823928128986,0.19903913700574669,0.19762307381678074,0.19958432152114552,0.18772806340052653,0.17323282990067357,0.17307386809417286,0.18221717110677577,0.1751082468584738,0.18324819267041234,0.19337432021579481,0.17805874170320754,0.1797769466283117,0.18595917038146675,0.17905402991800035,0.18580979321146107,0.18414426597172548,0.18847979467581574,0.18233242160959834,0.17800999992213626,0.1802501770601035,0.18341244486617703,0.18047460501763654,0.18158605768249478,0.19409886685770775,0.19479777858149894,0.19204101823129302,0.19875898029846018,0.19612186749685936,0.19487736555818147,0.1937130147096534,0.20904717355478417,0.1914894271772499,0.19850434621567706,0.1857691098099805,0.19291948771012765,0.18480741824871366,0.18409695277584284,0.18479312083230107,0.18414748845951917,0.18586088467187434,0.1910120211519728,0.18931494516537878,0.19130706108527792,0.19990274879706257,0.19836032446020369,0.19788796845499942,0.20739395802229998,0.20010675068984152,0.202904210852282,0.2027655873454983,0.20726124376162755,0.20200077236169756,0.2065514271287075,0.19548415439299777,0.20639021335670563,0.21263801038324945,0.19663985712866863,0.21033638231969004,0.21430322169935737,0.1923202876988944,0.1957113262619532,0.1871339134942522,0.193838972932493,0.19498091315840752,0.17918543279376456,0.18584316795152886,0.20099967259219634,0.21134257764348566,0.21589217418479076,0.2244836938487991,0.22346911033293904,0.24485941072975864,0.23609272235613002,0.22249276848517655,0.2500261307143126,0.237682715175634,0.24096574006005197,0.2347091928853889,0.24676303323818033,0.26758268052916706,0.26681300859837187,0.25384522590880865,0.2582391003171911,0.2725505106138491,0.26596347580867363,0.264537350797002,0.2763446111159345,0.26192321928975587,0.252257449270302,0.2542178257452885,0.251927745392311,0.24201461870862284,0.24279542552606712,0.23999887171112222,0.252540479075639,0.24902915789874558,0.2593337260885783,0.24037422664779348,0.2561391712439782,0.2573854543889777,0.24042919370519636,0.24406533486545393,0.2414913058861463,0.24663601801001236,0.25083099446769463,0.23916201290542863,0.2304320057087125,0.22531821394163698,0.22280293113509317,0.2098774601952544,0.20787793786477107,0.21022264691931508,0.20309195957687662,0.1959991148287228,0.19735879734130954,0.22331993871689393,0.21102902868870657,0.20503433783528427,0.22097996476967666,0.20803403851027957,0.20687751935909962,0.20226541971069226,0.21459934891423604,0.20880721454706178,0.2044113469592928,0.21485244486288735,0.1918444766313385,0.20449104768935264,0.20852474558634554,0.2192815033613613,0.2195169197136921,0.21553087894784573,0.21543566420101978,0.22183562930033532,0.22410796911352088,0.22700341986465575,0.23036351681005277,0.2419688720480866,0.24389550706115853,0.25254513108602544,0.2702881464312824,0.26565867363820306,0.26720894970798925,0.2485355396545721,0.22462309141250694,0.24372759327267807,0.24994088312642285,0.2482009274558726,0.25177406973854355,0.22811770832287462,0.24075820681097984,0.24326632816794774,0.25501927103824656,0.2402418701797224,0.25781845409345483,0.25190918335389645,0.2619919817712826,0.2631703754177469,0.28076243479882296,0.26631584105304124,0.2563858188969735,0.265439163466409,0.26811554836008766,0.258011462204263,0.23777292480503706,0.2330940028845625,0.23336810518435688,0.2509405236953235,0.23875446380770374,0.2497205599030666,0.23595495398979976,0.23567580544518857,0.22538452817360033,0.21309477445289868,0.20915049655555812,0.22154553411180355,0.2269800043502591,0.22338849385180254,0.21340343221517535,0.21089597927101286,0.20494121188280415,0.1889541348732542,0.1887731835467689,0.2010385670227926,0.20727537044788213,0.22086942471640286,0.2171665339903687,0.2114063363482594,0.21406284839351394,0.20422495075041816,0.2138113226020887,0.20829742443607568,0.2066193067192232,0.20751084553408616,0.20347902594749195,0.20384691816069975,0.21133012017336827,0.20567064024047327,0.20015636717298302,0.19458909578650893,0.1895581667891939,0.19165065152655206,0.19684743493921664,0.18437426413835947,0.19487821813130854,0.20300678342221942,0.20296297028833118,0.1875983870311664,0.1928025173395044,0.19219730779834532,0.19725925565107447,0.18553198880110025,0.18463519949931192,0.1889558317044725,0.1940736170028039,0.18809502115615334,0.18041298826702815,0.19470266680105272,0.17752805705924138,0.18290315629198137,0.19177204523805522,0.17428258786180933,0.17216822418699096,0.16110940732133588,0.1751607919140887,0.17258176252773264,0.1686582928079108,0.1818178843638865,0.1696222032380983,0.17496947954745423,0.17704974272034488,0.17870261183500583,0.19105024545856789,0.19543109707747433,0.20927299994502502,0.19567680111888588,0.20343240340569202,0.20187937893820462,0.1997259943491528,0.19629560229483273,0.19269378168352513,0.18994947607201662,0.1905178623532601,0.19245907759255065,0.1942083506745835,0.19106841458263626,0.18914745404723016,0.19234916263187135,0.2093581635018315,0.20494678031448954,0.21260746047018203
209,0.21372730030266826,0.20042333296042444,0.19512073353894407,0.20342170028067608,0.19802411908644257,0.19691403886534312,0.1938212097834038,0.18870882043996207,0.1888659206441316,0.19042220948247396,0.17791304797529056,0.18128776716375875,0.18801387482693369,0.18210060975029488,0.19236816399383494,0.18533609147049399,0.17259376394765588,0.18695397348391565,0.178945919652005,0.18680448542096476,0.18146751831026803,0.18851907493264353,0.1868309835067181,0.1744159508836183,0.17939102031734988,0.1844115422929799,0.1780953580572275,0.18053092192994244,0.19496223731088577,0.18751395761150408,0.18682332620621223,0.18869283085071112,0.19207445076450813,0.18777194290171104,0.1890038714018863,0.18438746772525036,0.19200958103984228,0.19461871467103725,0.18610841052109095,0.18326182198641938,0.18643807065105364,0.18860022217084002,0.18930273997325464,0.1845874626451087,0.19118243997048254,0.1902117757460334,0.18341062888729304,0.18735051877664846,0.18710478747816311,0.1905511174713896,0.19074145888057392,0.19594146462804463,0.186139610152874,0.1956328311612405,0.19307475837084986,0.20151172002429327,0.20167895389648852,0.1995157732108765,0.19709041320027354,0.220198217984135,0.20311320541512426,0.19644106953140467,0.19397081921650228,0.19554812675388494,0.19743996710664105,0.20158637254825088,0.19521665187700482,0.1993275937231843,0.19468935216842348,0.18507246098702487,0.19665108186531768,0.19365628664052897,0.20194238913757817,0.19907605594416986,0.21840516265771628,0.22068306138629107,0.20716376724314192,0.23937059537834957,0.2358048318884965,0.2308149846168484,0.23247191866579578,0.23017550253173366,0.23749375819817833,0.23819015114373568,0.2538440569110341,0.26257961063508584,0.26305042027200665,0.2709511508536965,0.26048096971638646,0.255829133577558,0.2508686541875321,0.25580144886320716,0.2638827491840136,0.25970302004504064,0.24683321503738723,0.24495674361176548,0.25007950439752835,0.24081592325545337,0.23914235404882078,0.2469372458238304,0.250419013294925,0.23930055177325685,0.2418556848533771,0.24648312983413992,0.2520008467150378,0.23744022765731745,0.2277445536900107,0.24125587612752633,0.24211890437715283,0.22456486068977044,0.24155626176045744,0.23756464048033635,0.2204478157046014,0.2264948335460897,0.21474694784134998,0.19118785467734603,0.21126473050133224,0.19574242753610985,0.20727594317168715,0.20114259556051023,0.21436155559314896,0.21237446606020174,0.20207044599133672,0.2094755310057058,0.20009607049267195,0.19382576199311022,0.19509022068526843,0.1915453881895925,0.20029035209111934,0.1987095546460205,0.2050740460475848,0.18865056055560012,0.19797642608255236,0.2195448226794876,0.21826263803184845,0.20483610073466257,0.20610133268139377,0.21761037632376157,0.21940281732634803,0.21049810961804044,0.22499765926160462,0.22960883762182258,0.23869768113097775,0.23546328572516825,0.24324453964249576,0.24548400496744263,0.2542055335207872,0.24987016293573341,0.2532864750362517,0.2376145879989074,0.22874130790313074,0.24434164872175396,0.2429985040510134,0.2347945435428972,0.25532362395923,0.2465417077865699,0.25236550943776453,0.2552560239071821,0.24994663829419755,0.25335063666426133,0.25208383661252465,0.2569809912601451,0.26512580489467574,0.2709867148080933,0.28534022541939397,0.2664869829728502,0.2710353888365835,0.2643534605736015,0.2676264294694699,0.2680538195806634,0.24477502297323186,0.23534712644444405,0.24214694821995242,0.24596646525510216,0.2396433599270132,0.2395329703342548,0.23530133977557383,0.21735558301643096,0.21102543296835286,0.21582835468234182,0.19949991904931708,0.2156424711634733,0.23144137457161684,0.2097880276974103,0.20583612623185665,0.21286997051329015,0.20341537235218535,0.19788650581143002,0.20294267007529898,0.20493856929019683,0.20876111126466781,0.2167973153833301,0.21189938682934464,0.2130999756061929,0.20667868991631003,0.20974745501930048,0.21615645040194212,0.2172598623282636,0.2117259060294204,0.20811716440267944,0.20437840239795776,0.20108818303840087,0.2121345953804413,0.21236815792128072,0.1907131765980405,0.20740288825437456,0.18889336355646916,0.19223475123067776,0.19725167055301165,0.19080594410955978,0.19891786991426794,0.19930913439604764,0.1968258655742657,0.19086170538030334,0.1923733908048301,0.19744793225043644,0.1885910159126684,0.20259337061249932,0.1956657175956557,0.19026000332478107,0.1848137588260953,0.1794020081320142,0.18726266513431195,0.18218537043496236,0.18268555124822283,0.18628582092778115,0.17968068723851652,0.17319573772243008,0.17527839992529154,0.17684891512870127,0.17055046192351142,0.17829407043963957,0.17621606541218454,0.1712556466576649,0.16664934076169394,0.1794939025171723,0.18366664800283425,0.18705188968465655,0.2033776383788719,0.2015982231509573,0.20099479916878918,0.19398471004111262,0.20462490933816804,0.2011744117086807,0.19816787392128357,0.1802865798637221,0.18420825987207048,0.18879065794150496,0.18701631700866458,0.18990731781729955,0.184871046653241,0.17844418497032044,0.18632678910213893,0.18701588638817665,0.2034443437925899,0.20379485705497183
210,0.20512887584733233,0.20333666207155618,0.19879760593337445,0.19565920293960293,0.19789577851672588,0.20317621241431877,0.2013848287318337,0.19655781240146059,0.1981397268725982,0.19138112360014173,0.18936769808010095,0.18000890910963763,0.18230866044514069,0.18477422951428427,0.1742243688870572,0.18111620097218326,0.180679217077245,0.17678116841807714,0.18130742920696208,0.1834706501763748,0.18407096960711167,0.17368459488240162,0.1769436574681138,0.18566049328314485,0.183552920952403,0.18108417548026687,0.17948476881991682,0.177841371929157,0.18296023103118006,0.18714817655502186,0.18613841007032628,0.19237511834138443,0.1882266444234351,0.17812603466172028,0.1883607885948475,0.18977451928748248,0.18627938695457802,0.18238797436242457,0.1850817085665042,0.18249799606053463,0.17782724491651233,0.19340798486433247,0.17533798043966622,0.1952323086926634,0.1854228704864961,0.1854757773781026,0.18275438239267425,0.18543828409204538,0.18328195134414654,0.1849108095637507,0.19890720279054527,0.18971728459074721,0.18830332989183377,0.17908400570195993,0.18115156903242685,0.1868642404808931,0.19437374397072393,0.2121149602793336,0.1966903259355365,0.20164218740599582,0.20526773964334577,0.20381640638380247,0.2011116040880084,0.20403940574541984,0.19077044818030808,0.205474153526951,0.18911096031274136,0.19038713564571855,0.19750325612948422,0.20292870784774036,0.1972493632876244,0.1998294048852652,0.19300075147658705,0.20341973771184757,0.214341566303453,0.21648175497113853,0.21334363970056103,0.21340475894411637,0.2166561393114402,0.22911045088164272,0.23300642683604594,0.22761029412880696,0.24322090494000628,0.23809769989921914,0.2515428632064697,0.25694134903791294,0.256681754991862,0.2506476285602146,0.26454283293165,0.25541182484566927,0.24523542187654518,0.2661956780526782,0.2582414787981557,0.25018185020800654,0.26144298897564555,0.2502054699878652,0.239158653714617,0.23944727556662546,0.2411452990003834,0.24663851678451154,0.24876489847639827,0.2431555574221569,0.2404409304956183,0.25616040428454967,0.24595978231304005,0.24066653209005914,0.2183657894134321,0.22995428145825028,0.22270009382234862,0.23533309147721726,0.2275101621660274,0.230482576417449,0.2294621719305407,0.22270342695574727,0.21538849415971872,0.20618833896266095,0.1959363123127391,0.196733922026771,0.21588685517222397,0.20568134329475232,0.19448011381671054,0.19698397184184183,0.19722265456773352,0.20024665491303545,0.19610048600435398,0.19335219201887088,0.18976368269180985,0.18401130273860203,0.19861163655586414,0.19454165223411723,0.18833403017257028,0.1905732761478846,0.1901525702284603,0.19838123975727248,0.1999095258070912,0.20296731191881318,0.21128234090695966,0.21432449051021132,0.2151316459617352,0.22018777351407937,0.21615839151327756,0.22292942712795114,0.23220271854809874,0.2348778160061987,0.24031589671169643,0.2417935435462209,0.2427618285174273,0.2553053995741843,0.2513066610448556,0.2414338723096779,0.23541948212056632,0.2412559316787511,0.24219534960779326,0.23552385437783557,0.253983205450163,0.24852638343557795,0.26188341768115375,0.25566130417193406,0.27078587094305523,0.2665526472197135,0.24902325183726678,0.2622533231049471,0.25712185935827153,0.264111310404887,0.2656537800696606,0.26139302818740084,0.2592376046930982,0.25688515039933246,0.26175199473858,0.25405105339220585,0.243349523391769,0.2450248319461256,0.24362497075920134,0.23550183747010137,0.2230188643584162,0.2272613593208907,0.21687805012520994,0.21244151995292393,0.22284813302028106,0.2092675067117761,0.22381887063085876,0.2013172456939596,0.216484297171141,0.21737119854476952,0.22098551103365968,0.1916574916735796,0.20536323643081134,0.21696765743323762,0.20422292870552142,0.19562351134017195,0.20214155861003177,0.20059317386295916,0.20292545106736964,0.20348105936818214,0.20045825247004387,0.20594943269809263,0.20659875497266159,0.21175647554663177,0.20249639688009471,0.2088820398672072,0.20564961462299367,0.19948305902527588,0.2061512155885192,0.20196570505876113,0.20828337196955968,0.19901948129420025,0.20059261498548694,0.18890223660294223,0.20452796629175868,0.19729016226336016,0.19977296159936847,0.19809178252473095,0.1873043225492329,0.18743927682300415,0.192275699502001,0.1950217234161772,0.1925794757003135,0.20333715368211575,0.1872925057365409,0.1769076852479312,0.19838901903813833,0.18889640818230752,0.17349289741061646,0.17061428874338447,0.17715597315852086,0.177183142494121,0.1738523237749624,0.1805730775949477,0.17654869023392503,0.18758279387814766,0.16810851043367053,0.1747488796186531,0.17999179165874885,0.16986124385521412,0.18108192390096056,0.1843732452513376,0.18986919102448993,0.1954133005171238,0.1907474320728809,0.1898799899238057,0.19165903625669506,0.1953726152543493,0.19858396603865106,0.18517762084575914,0.1870984544623349,0.18487581434545855,0.18590740980065462,0.17037222689481687,0.18011571233144796,0.17415971285794252,0.17575265726926687,0.18200683601241624,0.18215332365873468,0.19828688032048508,0.1949503862585607,0.19056744004849094
211,0.205853189326104,0.2074179320281014,0.188309096653192,0.19471091605383167,0.2000007250098437,0.19472598080859288,0.19621361084253097,0.19660446650090793,0.2024026806201847,0.19918101860136453,0.18803569515748783,0.18469447328483002,0.17707616184323197,0.17310746636403262,0.1799868598139629,0.17839825417205085,0.18366208065229842,0.1822463335928055,0.1789580339853334,0.16876333536441596,0.17884088074950572,0.17682366993085724,0.1665189255601614,0.17601119843707277,0.18119991933274407,0.18237403209615924,0.17957600266453524,0.1789931454611428,0.17992619674641652,0.18441553379489803,0.19230726882503263,0.1908792412510023,0.18702902075913766,0.18527912881775424,0.17795340405490398,0.18835324207467982,0.18723002703055242,0.1889148074655994,0.18510715244835013,0.1884978061531363,0.18524875589519618,0.1915265562993681,0.18342232748503198,0.18461496402718566,0.1868742660598069,0.18989642991322758,0.18362656069169295,0.18830202914300526,0.17964386903482182,0.1824627012320779,0.1824652640790413,0.1828037918730911,0.1862203763418065,0.17085099012924754,0.17050671997946326,0.17653413747565666,0.19065118105231088,0.19881851240221568,0.201384068255914,0.19942171279124904,0.19757016838988253,0.19650834589506122,0.18647194467127956,0.1941247457809673,0.19378265417755197,0.18850600954094388,0.1955608606966612,0.18610982467695447,0.19208033301587993,0.19318864659562288,0.1985112252857545,0.20552539899881705,0.20733451253498403,0.20784256814836852,0.22005178713238835,0.2222685416421937,0.22235269621204923,0.2094626048202436,0.2247485507781456,0.23138031074621754,0.22418337343853342,0.24196775774281684,0.20814750044692623,0.23448042899659768,0.24476944324517028,0.24492307311141265,0.2555647785653858,0.2597209603137453,0.25410780222375184,0.24724333896073675,0.2518917826849899,0.26587224333315657,0.2650434036144906,0.27109905268114615,0.25768195098860525,0.24809590729021794,0.2520913825037588,0.2481279000213357,0.22054143699195827,0.2241483261105039,0.24382952914318765,0.24755163553910006,0.24496260963296285,0.24590270153005198,0.23129044941996196,0.2386501435862677,0.21875702070465064,0.2215725214971947,0.22630830923818895,0.22579514521826435,0.22430455862448392,0.22316058951532375,0.22649363404492306,0.22660297120044,0.2162777784675768,0.21883813250988463,0.20991182284456403,0.2051982251257129,0.20128817393167936,0.2021576963411633,0.20681255499962703,0.20487364771861533,0.19892758486857418,0.1970360397572225,0.189324840666582,0.1895634045472651,0.1832675187501428,0.1925318571388769,0.197539072360843,0.1861635276972237,0.19272058265445444,0.18650668373913387,0.19038691645455447,0.19438036800245395,0.1894448920467737,0.19642684903371366,0.2104563819619032,0.20428392802871387,0.20026704973944887,0.20805851767186503,0.214868721637012,0.23094953916742628,0.2215015144871462,0.22704131839298033,0.244226508069488,0.2510132807601398,0.2315639771291436,0.24193962323532237,0.25518374105155484,0.2491752484708722,0.22814255449443469,0.23876199553532756,0.23382659205061232,0.23778360114636868,0.2412532096837786,0.2541803655822633,0.25349009840931347,0.2613388646277134,0.2506231591249965,0.2581118835174052,0.26407482459932147,0.26441251071254956,0.26979692778959685,0.2690190284978761,0.2639137392403007,0.2650177728842796,0.27262143533441496,0.28176302420737515,0.26960876063139855,0.26701582433024384,0.24518104966139678,0.24964926972896362,0.24072672086654268,0.24125309858259533,0.22553092440755987,0.22728558887544237,0.21130545071023626,0.2210357390460027,0.23060079489456514,0.20873467497642406,0.2161473423430838,0.22130998054503923,0.22385273247517584,0.21567733074756887,0.21813768507721304,0.21470576218032297,0.21025430653490979,0.21209244564674018,0.20995465112239692,0.21323377718788306,0.20238378785950722,0.20830984703039515,0.20081219348535323,0.20636939928725295,0.19908260414670972,0.20639824491735698,0.19993751683668207,0.1949334638455988,0.21159612006999012,0.2127509950576315,0.20441530066349925,0.2059648452978222,0.20342633276763403,0.20945860172308364,0.20481020864612334,0.21220299051782707,0.20430697800425884,0.20105602405673145,0.20240457278957358,0.19141461755121128,0.19362382710743611,0.19820952008805692,0.19691416582055657,0.1922901773559588,0.18594225777145898,0.18429510490524112,0.1920816156359655,0.19006484683776223,0.1879542714754414,0.18056442947661017,0.17968647955288422,0.1836971845048521,0.18990189565049462,0.18935562028916372,0.16819338069571893,0.1834279025305802,0.17546431286751787,0.18627269585817519,0.18441850624606632,0.17951923959430763,0.19468755902148097,0.17641564627053846,0.17614718210700836,0.18140025782950686,0.1882801345530005,0.18498635710025887,0.1810503213533064,0.19370507534789608,0.19415317634689921,0.19081644478994192,0.19579005121992374,0.196378500710768,0.19584680005718821,0.18869456878391247,0.1879148060192015,0.183546496842286,0.17983341851023235,0.17425518119355848,0.17809662930888606,0.18765748863791734,0.18489629127874163,0.1821264825307381,0.1853862416286108,0.19091625206022927,0.18826500492793227,0.1923370275460637
212,0.210743214437492,0.192090682677388,0.20380996762613451,0.19540526447261874,0.1924752976905649,0.18812447458778134,0.19788310213132995,0.20407936298806098,0.20600596701453422,0.2025808644425029,0.18361133995442067,0.2006096175664392,0.1835517375468031,0.1808225543849416,0.17109877493129722,0.18953198016959688,0.18541945490245504,0.1804114512334233,0.18065059653040394,0.17775588994637428,0.1726500863915247,0.16897618470571987,0.17998520208135574,0.17419039340325282,0.17318337542800713,0.18528697880971065,0.18605069641995456,0.18499219266384828,0.1856266384427353,0.17803217598295923,0.17072106054827968,0.18382001618224222,0.1862572128964307,0.18306929117526555,0.17503496014087153,0.1769226354410636,0.1821135247144543,0.18367485260294716,0.18263247305328426,0.18672209007208762,0.18743603988931928,0.18199003143052278,0.183040334174593,0.183206804584015,0.1750975623410235,0.18381878872877616,0.18655431554925372,0.19648502208030014,0.17987826915558436,0.1804335940900483,0.17304350373914992,0.18069286335267146,0.18128634790557957,0.17171668665685552,0.17344217059372316,0.18342334111707354,0.17296670013124052,0.196231087188124,0.1935052266620266,0.19654724920929711,0.1839680902416956,0.19949039920127096,0.19017336888333916,0.19619878337486932,0.17915791517351104,0.19335005502328018,0.19853569933873386,0.19093937646875048,0.18865846650948362,0.20173974614166842,0.2145490026415512,0.20987919994102539,0.2127796548081197,0.20901218241815372,0.21001842633806217,0.2217562148316972,0.22037300818168243,0.21792587579856582,0.2086222860388603,0.22276825349897805,0.23412759284378123,0.22366364591301754,0.2281584196389248,0.24355396265858764,0.23573957704419884,0.24651071422882462,0.25162396411627913,0.26044198695983345,0.26048456841883266,0.26420315532445854,0.2519573314680743,0.26535971984325657,0.25180015899504693,0.24117428518753678,0.2485762889198634,0.26016627567589773,0.2558656584223029,0.23598972815901148,0.22237491751490238,0.22752435925583672,0.22863057047938679,0.2372212554498477,0.22599441158613284,0.24329002330397706,0.23752733713645674,0.23237499851254836,0.22194706175794043,0.22401886885192226,0.22249860887909478,0.21596347154362833,0.20075617847059016,0.2286045657560402,0.21507379581927322,0.21567276193421997,0.19947337876584623,0.21245795652188498,0.2048008241617572,0.1960117427393318,0.19255185195344185,0.19149524741894644,0.19160295380501888,0.2050438274459795,0.20453950472185023,0.1925537584410829,0.1976982021973672,0.19482406470869323,0.179177016161431,0.19168887121842357,0.1886106014630694,0.1955950140910798,0.2015988033981216,0.19225679581081814,0.1856123203870923,0.18869374326364596,0.18983395678263257,0.19229394089100374,0.20183760304221365,0.1986621539947889,0.19295293988939333,0.20012809897002906,0.21617292551610112,0.21889694477361377,0.2251249347748286,0.21716908423190434,0.2337182899278691,0.2366780050671374,0.23056792970148343,0.2400165008671631,0.23324143246473983,0.23398773851689514,0.2302061915010342,0.24441209857926785,0.23226533643892605,0.23437446838850248,0.24261972157178988,0.24061716192905833,0.26486708992255764,0.2526003802607056,0.2508713113751522,0.23001576338366422,0.25548593713610884,0.2582123439157883,0.2756614269946618,0.26530962147950515,0.26865195171585904,0.2564608043312811,0.2571964678456844,0.26439911674107824,0.2672083344373533,0.26868412052859747,0.2524922195241101,0.2560177049130593,0.24178463570696715,0.22963326457862926,0.23077650931325178,0.21639857670215562,0.22200880542571047,0.21760286045742766,0.21618442399833798,0.21655210018500967,0.2030356732939865,0.2101757471705089,0.2199091500500256,0.20799442765234638,0.22246013682486485,0.21434610691674402,0.2100449768490233,0.2111228306029576,0.22062813812291962,0.2101790864350779,0.20852196075831114,0.20785936681668843,0.203386709442107,0.20084823055013917,0.19954917357023602,0.20313325607949584,0.197087454332727,0.20839145167074463,0.20101054912943297,0.20505175939785225,0.21281958893082706,0.20638802730555122,0.20383314716704157,0.21175091712432,0.20171119393771617,0.2054524856945894,0.2089185485795024,0.22033738964270827,0.19539349896777505,0.2022056935723526,0.19336074023742708,0.20004914519983266,0.2139793677674414,0.1957217814351995,0.1883874206854855,0.18610965326355028,0.20167933004703104,0.19501562086626092,0.1863578107909156,0.17997799112217722,0.19114656590900342,0.1839968974452801,0.18506777345040146,0.19280331644072454,0.18104402651779714,0.1702038580056917,0.1782102174001727,0.18004298306945296,0.17375759626924198,0.17893842071376712,0.1859003468189232,0.1822886799548181,0.18349004196749302,0.18913051276255788,0.16971096385677778,0.19197722070026618,0.19190544619359515,0.18628895220846417,0.20234271360866077,0.20017855041542182,0.19119287332308135,0.18714459991500676,0.19049737693104216,0.18621831816952003,0.1871125855676316,0.18108784478060455,0.18031248553669274,0.1859571579143324,0.17987445869375024,0.1752036300147023,0.17088679318392996,0.17920969471090054,0.17491755574874399,0.17956628593529772,0.18521497613432192,0.18528565623342144
213,0.20124888829937357,0.1980497141897161,0.1954935440987491,0.2053146315251679,0.198948340092155,0.20557760396903094,0.2020261976377156,0.1893400554637053,0.20049986752145904,0.2031943463343925,0.18821238584474484,0.19033006678869727,0.1925859498963343,0.18370555966806104,0.17679952749243305,0.18311431639515785,0.18232801338577,0.19616692301932226,0.18739344704996339,0.1838151910675596,0.1767981026623269,0.1741899120980739,0.17010418558591478,0.17351059537289493,0.16750065127605104,0.17221956978409975,0.18522431613383492,0.18261291960343629,0.17522779661512727,0.18799967565452438,0.17870952479861102,0.18507974821152373,0.1828595724521868,0.1743239668536225,0.1782077143181926,0.18084578872748894,0.17219891075714638,0.18055025244793443,0.18873910878313316,0.1826020294498978,0.18483839977923125,0.18010899380233716,0.18213520546347678,0.17872631453788,0.17968532107507282,0.18485559506722524,0.18657283038267505,0.19344299162579978,0.17573549944381225,0.17721382519101658,0.17719632071435326,0.18511900188175964,0.18983915844908156,0.18796409585416596,0.19359520659421953,0.18508861259067666,0.1882260376534013,0.1973700176708856,0.19518242522794052,0.20185104400929343,0.2021652559637446,0.2005024713459208,0.19869963072850813,0.18102672726936447,0.18733278946554857,0.1946059883044575,0.19512711794192422,0.19313580762714883,0.1881279400005854,0.19485362962498548,0.19891864397856823,0.2028310411807368,0.20553637845357875,0.21715868343481595,0.2199230247388455,0.21514606138928613,0.22707734092707338,0.22056769261219278,0.22361802116159119,0.2250944567221676,0.22745547759767362,0.2347514589334309,0.24744227503159757,0.2306074322144929,0.25085502210233307,0.2467805910228388,0.2526666952251765,0.2598399954761771,0.2583943421289558,0.2599967983386633,0.25609553107646565,0.24720468659204964,0.24790221089278983,0.24972636749926774,0.23996820338151933,0.25201709433379943,0.24726935728601987,0.2479859066342377,0.23732145374294047,0.24500096784909153,0.23326071365265943,0.23153502640917456,0.22332868051173854,0.24908478496087724,0.23530318190739954,0.24152133468416703,0.2260878896102859,0.23752706367316134,0.21684614208010836,0.2193923095499226,0.2108294617496671,0.2127669166646295,0.22089755046369233,0.20183345753034296,0.19961022537573345,0.19936556231564376,0.20851787961200288,0.2075727791293755,0.20657411460131173,0.19204013385175772,0.19783357996962608,0.19990652968025377,0.19938556531457938,0.19995622083092054,0.19311655257340102,0.18635836862788271,0.18892624811264044,0.18387915528710283,0.19171818108682434,0.190956743597923,0.18699104126511717,0.18420278835134,0.17968900340540517,0.18585827413114317,0.20255934313617846,0.21030151435595437,0.18922503751030645,0.20253709659499394,0.19335112351812314,0.2046698164102501,0.20880110852232092,0.2200733224245929,0.2172840261971,0.2222578966187138,0.2215094710369775,0.2319196783375992,0.2240439392285416,0.2359934232156643,0.2414076342154409,0.2295179731266172,0.22608273586164468,0.23963982843797374,0.24154563850057503,0.24587937470646798,0.2433278394713933,0.2344847483255033,0.2606945787911165,0.2471398051877404,0.2503366867672988,0.26053795501059834,0.2485596908003762,0.2458273502740379,0.26259109851242257,0.25297406533902544,0.2510590609058781,0.2567698338060864,0.25195153000291126,0.2609179754337096,0.25977658302294243,0.25554830222634217,0.25047091367029706,0.2533016390453642,0.2601495026769352,0.2358190035883628,0.23351629959096043,0.22716357771997106,0.23101267019509866,0.2267367932003268,0.21671621148927858,0.21375983226034362,0.20958804178686846,0.22446581007007907,0.2121634652100006,0.2164411336683236,0.20751624487291814,0.2124910781142438,0.21099798117716143,0.20463687731129582,0.20649555142488632,0.20902339627118086,0.20510710274246535,0.20868118778373934,0.20698906367842712,0.1991926952364593,0.1988733777307866,0.19072007111574446,0.18916827343650283,0.1987734016713677,0.19863290308335332,0.193467045744447,0.20102189838209578,0.21736974705413964,0.19979407093040502,0.19177045558741432,0.21068140212119302,0.1984686428725353,0.20060399607010312,0.2105366944627801,0.19428112069456568,0.1947711820665844,0.19606326925443432,0.19230496625879506,0.19204623615345215,0.20843157007652974,0.18995621176385227,0.188143231896884,0.18796383617235024,0.20574140438948138,0.19338091018832265,0.19524073323535218,0.18333893320907746,0.18167919629426507,0.1794041562044999,0.17191346744395786,0.17244952401854893,0.17879579473369184,0.1757128811913718,0.1674748124075442,0.17322353616835154,0.17348786400842536,0.17965119070574043,0.18286209876799175,0.18708165362233622,0.17261931941997358,0.176648884783679,0.1778191377465287,0.19854268464243843,0.18916849122465149,0.18298521472980409,0.18516355060176443,0.1831805674391162,0.19144229855487516,0.19274033078774638,0.18347745185667264,0.18488760639806098,0.1856453604323236,0.18569888667010992,0.18742537998290307,0.18685391426667047,0.17339904449772411,0.17269191282457158,0.17309774092725216,0.17485650760091465,0.17923635359748888,0.17365788204309587,0.1812073878720283
214,0.2019023296131042,0.20343954694250943,0.1897958447181705,0.19000717457375133,0.19077642228043373,0.1976027844489222,0.19939536096038635,0.20754639774590475,0.2054660159944594,0.1994931171100471,0.2009378263697013,0.20169809202596364,0.19575228939800496,0.1817566460158209,0.1868597657180003,0.182148122881238,0.1795345345038531,0.18149597574517048,0.18510941145447438,0.18731829667665453,0.1711239908364977,0.18296735082706778,0.17928089021034005,0.17030417703722134,0.17779956741487826,0.17993303275001937,0.17762160906728697,0.18033411796446103,0.18482065285505267,0.1981631421634466,0.18342980315301996,0.1905110190121674,0.18517160888341985,0.17515397589428883,0.17890331997281927,0.18142364995127475,0.1833094692629489,0.18340534998101332,0.17862671027318017,0.18963626803875863,0.18289098545959312,0.17988779566332702,0.18232263969515966,0.18694166223472503,0.17140311092559202,0.1841466404309482,0.17309714306986784,0.1805467603302198,0.17637344588804704,0.1691624630644514,0.17326075398425062,0.1855818501124285,0.18825165371859767,0.19348433092078499,0.1844811087024493,0.18356124727177173,0.19382161144466556,0.19891320727113718,0.1900274322595071,0.19168255958923133,0.1815420352626931,0.19234716959078155,0.19304257410882067,0.18803175518824966,0.18205897780654057,0.18813534753451008,0.19301701722588258,0.1955616216975751,0.19048518322883068,0.19449005538644518,0.19323108835357972,0.19981446291024432,0.2159960454646535,0.21324575765399648,0.21337763634738766,0.22074724899416004,0.21626871509409434,0.2192737278186813,0.22106714371375358,0.23837324027164059,0.22655966821073614,0.24389550706115853,0.24752142692101814,0.2531797694191807,0.23646311152664887,0.23968336871044651,0.25458686900376604,0.24186682297573187,0.2597909392041166,0.2727325669065196,0.27002812449544944,0.24431076297661516,0.25085149867536793,0.24764559079909287,0.2348907421070403,0.22899869108581053,0.231535506225862,0.24104481832009794,0.24389460851855965,0.25183900800824927,0.2280226034888113,0.22798700845719624,0.23536582297113615,0.2392579624996221,0.24291861705364184,0.2403276833089006,0.23297541820972648,0.23375564095589982,0.2252200756430939,0.22355562404660828,0.21449535906630415,0.21994961189843143,0.20981894548171787,0.2089298055167776,0.21205435691675437,0.1995376987349715,0.20496726211908076,0.20393695944820678,0.21200597456282355,0.19453735197404498,0.20003558010098088,0.19234867544214238,0.1921004578697495,0.19347943032735032,0.20364351284603466,0.20013594675187046,0.18919628304973923,0.1872017050442327,0.19256745910516346,0.1818502489779957,0.18154930888652512,0.18017760093935256,0.18892524757213597,0.19240905207598819,0.1979567750381602,0.19674593586330688,0.19448875668406465,0.1969683015402316,0.20483402547394616,0.21103981621738274,0.21703676124769694,0.2142209791354074,0.22892103459032634,0.22690580149189798,0.21428348455215393,0.2229669021976567,0.22717691622998576,0.2309222604150148,0.22608674432265718,0.22836408336570987,0.24089040400749098,0.22452820273134297,0.2432568619621187,0.23524445750958495,0.2433137207480096,0.2517468238455361,0.23933824381738233,0.2544257128514708,0.25350760948977236,0.2527458305881768,0.24675990819711838,0.24535674415843828,0.25627485708465997,0.25379788580475127,0.25526072594021365,0.2545516989575162,0.2478608872636407,0.24468846696756755,0.26238318527416404,0.25329114078851805,0.25086420634950163,0.26527297013258205,0.26165136214575996,0.2572758371344885,0.24405139812957605,0.24483607012362998,0.2336132116405303,0.21981043210557458,0.23078729663113098,0.21712628414468038,0.2120842901764515,0.2145134363416978,0.2262357324647143,0.2158262674471956,0.20519420903083302,0.19954174379605139,0.2024194963808568,0.20860499341521707,0.2071103487648177,0.20809876364893656,0.22745422063572582,0.20346498465465826,0.20954480579772372,0.20628345656445213,0.19870957752330473,0.1951313952942746,0.19834252604148336,0.19572604478252503,0.18996338510089367,0.20117032613917019,0.19955222595820968,0.20367364231838817,0.20608069010046873,0.20267155050214702,0.19831588392125543,0.21045604274656712,0.19600144357449967,0.1959752467797103,0.19328257373078586,0.20010579691307478,0.20129530242872892,0.19296631349878324,0.19557520763825362,0.19970883535633493,0.2014226057413091,0.19599770225028976,0.20389688924010455,0.2036363668360986,0.20578480328361182,0.20101552013431975,0.1924148116589862,0.1909286492085476,0.17955876099988452,0.17501605891893338,0.17572829689365954,0.1734242000837156,0.1852188997297161,0.1649463842800553,0.17118925424077758,0.1659134140411824,0.1720060410115318,0.1783688449516902,0.17530390888614766,0.18190511031482093,0.18241687016273597,0.18066444864170134,0.1782148543498444,0.17934030334063558,0.20440951133690544,0.1797029886732733,0.17681361357363398,0.18651402743612527,0.185934337204548,0.1919718720437491,0.18502069160056037,0.18952251023297237,0.18338394029499294,0.18363248020804238,0.18220185742552045,0.17744329768439046,0.17538978673018532,0.17608651571258185,0.18160278314669961,0.17366404002785304,0.16993036881492743,0.1751682938756219
215,0.20705413115911714,0.20559691796124294,0.19856566290529593,0.19977241098701798,0.1939234371035515,0.19420696441764615,0.1994066112123798,0.21456110640766718,0.18975092426753687,0.20449876990698065,0.18812096592235383,0.20056447913394837,0.19528022643916923,0.1886138586808892,0.19116492026258766,0.18648469732267686,0.18221159090401437,0.1857284353162067,0.18811624448820702,0.17373487254948125,0.18152063410584593,0.17684797854892723,0.18166083245600187,0.17297235566544208,0.16984282310362184,0.1735595438324568,0.18177635891251745,0.18950514263886015,0.1804634268499891,0.18662215496064366,0.18128638964830857,0.18200964391179916,0.1765446250969036,0.16923138158953752,0.18208375458398976,0.17686410470188416,0.1865907025910575,0.18153969438827405,0.17649166491647247,0.18394504772617531,0.1823411963913793,0.17942014362890088,0.16637711909679903,0.16905265662622118,0.17432802099801517,0.1844514187286109,0.17259463825589202,0.17799241680250028,0.17186945507174514,0.17396560830148214,0.1787612159052107,0.17889578162749006,0.18872920044005384,0.18854924599092338,0.18586263931821667,0.18051408735861482,0.18443366649229098,0.19815722420297788,0.20120647380270648,0.18881265537461586,0.17709561177212632,0.1850064628831018,0.19500491155485647,0.19470069420542946,0.18006130774349724,0.18138162983300943,0.20026533433604077,0.18361484906804723,0.18652583808158107,0.2022765324134521,0.20447998282482502,0.20844745641212126,0.20760910681089775,0.2122502937641961,0.21819028019371375,0.23529586764549526,0.22704309585858587,0.21602066565679096,0.22457556449466207,0.23223474728127208,0.2187674980539697,0.23312583248100713,0.2447615529377504,0.24943506181805436,0.24898827706268548,0.23975446285834226,0.2588075848431666,0.25970302004504064,0.24900771325721102,0.2476745028964925,0.2566019781281202,0.25293562363552774,0.25339614293978396,0.2532940569273295,0.24612305662907236,0.23748123567278331,0.2299057853528207,0.2308960481977995,0.22753525651610668,0.22861804151872034,0.23650640136538356,0.23068672313296518,0.22829846949242882,0.2400134612651169,0.22947295064969214,0.2475743229251414,0.23654703023286977,0.2366478155856666,0.22059903078009704,0.21927640378601948,0.20802829039678214,0.22212830365123687,0.2066151200865266,0.19990193822257551,0.2159386589830414,0.20449796941965484,0.20201087975836568,0.20701627989469168,0.20503901176775408,0.20276035363198414,0.1962586422511736,0.19786591603574513,0.18859983132999086,0.19684476526788094,0.20199217705365752,0.20232341182350974,0.19735078580738508,0.19155182762134143,0.19680937854671932,0.19547471112657513,0.17752838407830876,0.1786071333137134,0.1872791803714049,0.18610031147178493,0.1947622575743671,0.19497628892375957,0.19629072993191132,0.19845454063321585,0.2033044243776399,0.20495102752510833,0.2189414550450791,0.2249482402148217,0.23669364625871855,0.22533533546602078,0.2183301433911393,0.21294929175579858,0.2251566093682763,0.22678180102833656,0.22415395189558018,0.22546892801538362,0.2257801202459116,0.22332636647391954,0.24310349356519648,0.2500549752707439,0.2341170806550335,0.23321667539361862,0.23253926744553088,0.25051278781118347,0.25847765205064915,0.2403753889630367,0.23756289004582587,0.2540042597687181,0.25206410227254616,0.2538089894809788,0.23755796701791324,0.26368595615563695,0.25599471534583157,0.26372420996934187,0.26194070978822026,0.26411921632717383,0.2609654418321653,0.262873011202817,0.2520356643236817,0.2596862769123096,0.247404616966781,0.23611104318169165,0.2407197368664923,0.24228810878561338,0.21937493240866887,0.21700053271492667,0.20832169475067255,0.22554697147649325,0.21483369594319707,0.20355378391257395,0.21288305795318427,0.20160305085822075,0.2059409918246059,0.2093382069626094,0.2044901530610373,0.20601113745374722,0.21989178260395986,0.21317432671913394,0.21104793152356335,0.21735002776247264,0.20576523474513614,0.20327249134799122,0.20086882540136486,0.19282005393297894,0.1901301977942788,0.19338945967652665,0.20397019448851142,0.20487218533291235,0.20220840801417772,0.2152360929687382,0.20127997044711826,0.19293734592079714,0.19778917546545602,0.19073390481699712,0.19908424432525582,0.19630461512905034,0.19447330726925685,0.19310352426113997,0.19176233091214834,0.18412870554140726,0.19005640056411685,0.18647709715270414,0.19816584796677753,0.21180992185880437,0.21002684089080614,0.19950581908974138,0.20538825258303914,0.19125486886282678,0.1879966887700225,0.18481486525786298,0.17672976501274032,0.17444824312112842,0.1830094011883,0.1770543087067217,0.17907827404303323,0.17369991263013215,0.17548350493882414,0.1777576499367554,0.1760638117419676,0.1818444287842894,0.16850962029682592,0.16931759847219574,0.1811578258940148,0.19592155091256835,0.19111479107526644,0.1996251194426012,0.1849248180218923,0.17947460244560315,0.17788314531346638,0.18754435646107867,0.1843737122405237,0.18625103722643624,0.18547069526998455,0.1735092370003169,0.18056725670049664,0.186170772147624,0.16878758524357332,0.18169534461971532,0.17795352698080308,0.17041275594829164,0.182525102080491,0.17518285505127118
216,0.19883948058949538,0.20102116704878414,0.19858790762862463,0.19886093635545196,0.198418992448657,0.20764443679789665,0.19219031562517425,0.20630468949611616,0.18877774759828464,0.19814236392024695,0.21786877925056977,0.20454953662064465,0.19638087013887381,0.1911834524649872,0.17817833650861326,0.18251942839435595,0.1827781174777637,0.18634335052299447,0.18237109259775525,0.18959452854457018,0.1747004807101584,0.17589143820558215,0.18311975558414723,0.1741641642097284,0.176836943569454,0.17743537144255822,0.17824025712639627,0.17992056241748977,0.18505541596839736,0.18702673832681843,0.18171488350213744,0.18177188042347053,0.17831168335836517,0.17338091876625167,0.16677521146698474,0.18268075591225272,0.18392946177872974,0.180161172667731,0.17670819875662025,0.17693502020897525,0.18059919077317024,0.17799573655921183,0.17339784670369615,0.16415215932835545,0.17627174344746765,0.17807403518853082,0.18028350796347814,0.1800033136378907,0.16756677064639205,0.1690675269406532,0.17024148541543005,0.17957178512598948,0.1858578461771445,0.1742163457431056,0.19487785915269515,0.1952606047279019,0.18768086655985286,0.19741245982608532,0.19113195411057246,0.18808692227091056,0.1806000224650942,0.18334066404657529,0.18240733572260742,0.19221200104173092,0.18573878486829717,0.20056580455248596,0.18229224773890748,0.1912715159743378,0.18609919734443214,0.1891046464790105,0.19774475816183892,0.20883442939550986,0.2188270975221804,0.20533084764178353,0.21820208695278248,0.2109274488834909,0.22821968415965968,0.2174171507407782,0.21757470331973736,0.22376955592156286,0.2221686110903645,0.2286528400327145,0.2373835935649042,0.22746448602824254,0.2376008007781473,0.24947291405532301,0.24538866618001617,0.25398554473270674,0.2513078183574634,0.2530270778751994,0.2536237969527975,0.24228755089726822,0.25386159244292467,0.2388827555144044,0.2346321390934024,0.2250578159554366,0.22072900216157537,0.22528610162125487,0.22474824027676246,0.2257790804924274,0.22834625850121518,0.23286161223243199,0.22802486117821302,0.23609815865454808,0.2463371996067145,0.23284086284863287,0.23274228832858956,0.23607331579185767,0.22495435225493743,0.220842319564344,0.2193492228263389,0.22331556794779053,0.21706070038261288,0.20950128929081868,0.2032165012942389,0.2136193060936512,0.20359707763952442,0.19724655645391417,0.2095835537079262,0.2026166170668123,0.2013182376935939,0.1947277294716929,0.1928109080675043,0.19693917759401763,0.2025518014248745,0.19016487400000753,0.1975056982490291,0.19877707240048675,0.20492526246667833,0.18793895166291066,0.18759657280269132,0.1790056339493274,0.1829144855800258,0.18153589053172015,0.1883142998977031,0.1869022372564057,0.20041490168297216,0.19874705405062185,0.19713145164581675,0.20288861617502502,0.2099718622366179,0.21425171156432046,0.2243087421541943,0.2233991415855836,0.2264722005515634,0.22250009461779735,0.23400859010338804,0.22350739662648197,0.2351793035870091,0.23750174233635665,0.23215022023152554,0.2264364304309247,0.2279972978953257,0.24181158292588537,0.24197299502220376,0.24144543576491911,0.23682164856262602,0.22563896554004675,0.2342715764533762,0.2429299160002954,0.2340972435538976,0.23193858323178362,0.2454487925545435,0.2621186967595373,0.25393233138498583,0.2547193864728296,0.2643023350256814,0.24942501097509362,0.2559434383654877,0.25009194262055856,0.25880877669888463,0.2633491979386863,0.24475439552175263,0.2511499522932921,0.25274815847402443,0.2438639477362493,0.25285992221263476,0.2457910132950998,0.235590785398813,0.2224797050011312,0.2202770745090335,0.2257534001010723,0.22579467729746724,0.22534680242641322,0.22086693273430122,0.20750453851972456,0.20554234167909635,0.2006194520995123,0.19554037782609127,0.20839399483322826,0.20824241899419857,0.19585272117169422,0.21644277830919403,0.2108836452408721,0.20593293063919746,0.19839160915412596,0.2003377537413358,0.19460150738756934,0.1884519779206112,0.20269061480658865,0.19935608899850582,0.20680688825554028,0.20375447697068233,0.1928382581601139,0.1849095322495415,0.19551272552728394,0.1948411122160076,0.19150261116002995,0.1941163425744288,0.19790308307160154,0.1972611360737943,0.20468979921962496,0.2003550576537413,0.19800439947897863,0.18895139387039755,0.18981634211370166,0.20125759100225732,0.19827564439171186,0.19750498425564744,0.1910113174389771,0.19386901331811807,0.1916210872475697,0.19924293656186803,0.18227100995948897,0.18908466131924548,0.18245618924189905,0.17416207887760987,0.17630624668238562,0.16782984752005284,0.17306163404521063,0.17213377769375837,0.17467996651583803,0.17376971946916894,0.17695135802162112,0.17747553744011058,0.16776138387630835,0.17695958861332636,0.182739360181771,0.18566348580085096,0.18917458939461324,0.18072357124089042,0.1810358977493966,0.18095892182067444,0.19408389530836967,0.19767986690958922,0.18402876007597155,0.1834450088415269,0.17348303048186908,0.1778455488261045,0.1827925115306778,0.18308977880695798,0.18931695037934312,0.17715650345102835,0.17910709913588435,0.1859849490142664,0.1727067055851665
217,0.21268075825355878,0.19479768887382742,0.19667831549469258,0.20193355917936215,0.19862680187244167,0.19641066225825704,0.19683994272756852,0.19831472406108422,0.1923264431876027,0.19568255939217205,0.190003193295504,0.19659890291489523,0.20975325063572817,0.20170983308274518,0.19042510336251325,0.1873768354460082,0.18616507087012904,0.18178648823866067,0.1855347656426264,0.18188710057061838,0.18183597099311283,0.1856095423848283,0.19100049817802253,0.18792380618321236,0.1822895194271452,0.18802032541497532,0.1852310975244834,0.1900334706052352,0.18875032148292997,0.19122743511857024,0.2051621303416628,0.1925875019619691,0.18603960125399174,0.1870008583542867,0.17774213806345504,0.1866540853969566,0.18166940759364464,0.17967261968323345,0.18109480831635966,0.18665026033261048,0.18814284200306702,0.1765140582649166,0.1716402743349983,0.17173637832153224,0.1703625766730033,0.1753122646851435,0.17101669138570402,0.16906460727310935,0.16739038182065236,0.17337888273417976,0.16868163426218827,0.16839275410859803,0.18598083789646158,0.1833384266255839,0.190179630818641,0.18457190726334163,0.18320840761820537,0.1796279443968349,0.19326557358476373,0.1885319241743842,0.1857576464855768,0.16840388257542419,0.1930411072744472,0.19528820787802817,0.19396764813877396,0.18947726181535207,0.18600439240669808,0.1926413885663864,0.1777740227753373,0.19095340195161267,0.192125981870703,0.20677427178148372,0.21046379637654147,0.22678932060827958,0.22734222179493574,0.21501447596053738,0.21940049344783513,0.21701367422847884,0.22502024852025332,0.22636157132590579,0.2272945382410187,0.23008865213736035,0.21767021187782631,0.21934841471542646,0.2289479715042861,0.2418498932324592,0.24060901765698714,0.24208250240438925,0.24812292945136974,0.2443204389649393,0.2367189359466017,0.24422954479087794,0.2510918982727215,0.24042974731451103,0.2385935505344189,0.228314082622871,0.21572163339136166,0.2229486772331216,0.21716168361362415,0.23912484415918375,0.22763959276107426,0.23464888776559678,0.21476662877335534,0.22174135650415813,0.23757262700145695,0.2330182305117622,0.23341475181877347,0.2373537513034022,0.2206486628860594,0.22635151206557422,0.21782167833688929,0.21369600342554765,0.2215489009785189,0.21805748561477772,0.226383359235805,0.2005486348261039,0.20462669977781148,0.1874590017470232,0.20838751702767913,0.20457450075771946,0.20313532814108434,0.1935574090362615,0.1934729706438321,0.20197073688910186,0.21242699225877443,0.20475810425587967,0.1979943785674747,0.1852007751197745,0.19610265339899924,0.1919277623613314,0.18703815076696098,0.18522009388394248,0.18580855247130962,0.16837457014800167,0.18785601267048171,0.19247192947032696,0.20769651048384796,0.2010644823056343,0.207724728494994,0.2085604234838064,0.20504902095121624,0.20927685493165102,0.21491716346591697,0.22289852776823083,0.2353906455824497,0.2459359970433927,0.2344362144433577,0.22547894805290353,0.23220170268393617,0.23728080113376876,0.22691003353768355,0.2365696351040052,0.23051054630717827,0.23687291249806766,0.24048539155275772,0.23488138548596296,0.2422242946906308,0.23506295964929122,0.24233726379098036,0.24908662029215958,0.2349581965241308,0.23822909449643148,0.23881807864180488,0.24543472030636143,0.2538282759679707,0.2394060383079429,0.26196363014034785,0.25216046692942795,0.24899452629308377,0.2539411020484621,0.248409785604369,0.2537277685448364,0.25587744174263966,0.2321501667769681,0.23364796348877553,0.25528776431107514,0.24499780871023186,0.23661681270808757,0.23646289373617496,0.2388487099774518,0.22481640561834268,0.22279816007499365,0.2393865798757997,0.22432294607795608,0.2268224306133277,0.21719558851481177,0.2030167868930958,0.20824467263707477,0.2043093301888088,0.20928557710097892,0.20636887658650224,0.19636618376265177,0.21060268317690836,0.20087401491545714,0.20740002289737533,0.19659401849683494,0.18734055392084445,0.1816954701304563,0.19396492373311497,0.18860599802447994,0.20804251726760106,0.19481993764172503,0.19279483725777227,0.18556219452532252,0.18486798177317051,0.187789281373313,0.18861155690779985,0.19803365359398326,0.20461152865372564,0.20105813974298256,0.2022645301619685,0.19946900761349542,0.19759125970528313,0.19393214454073518,0.18895822469747242,0.18423574717919441,0.19486807724000046,0.20101674207613163,0.19188149786681707,0.1930368846316601,0.19833899577769767,0.18836889927257378,0.19092381334571393,0.1910006301165381,0.19508953339237317,0.19031919846988454,0.1773037822158596,0.17097782966803407,0.16432396290281953,0.1762655335823154,0.1666397479306056,0.17093244312058334,0.17729655621339943,0.17136353007046762,0.18190184329859535,0.16340765588589526,0.17175543947276786,0.1723809619867596,0.1773585379389193,0.19690876122818232,0.19102565610300642,0.18740237909253238,0.17765412665856226,0.17593984296270698,0.18558514049020974,0.19304475215617967,0.1927340732950501,0.176299426684022,0.16718326403089206,0.17858690056015553,0.179900802231957,0.17171589587411054,0.17480079359568026,0.1684350229250737,0.17343598054115966,0.17207861424298482
218,0.20247641840253647,0.20189001021066202,0.20955802657081848,0.20404125683710714,0.20628188911920767,0.20662905999939274,0.20270940551829084,0.20189704844891077,0.2047261408843415,0.20218606500551756,0.19556757922126394,0.19634722603472038,0.1962247208830411,0.1960293365171669,0.18943817448591677,0.19204437891067053,0.1824250189338374,0.17947493305034298,0.17769814737041012,0.1770400403902589,0.18096821387417794,0.18152335090976687,0.18944375789640924,0.181660665140269,0.1913235365241081,0.18315762356301957,0.18365848605813814,0.18717463719599675,0.1985806829642642,0.19215128804050607,0.20022391088356617,0.20090240235729032,0.2025103107112086,0.19820522546435007,0.18336320864199712,0.18251594021561363,0.1915818664608855,0.18454233015386895,0.18556753551147184,0.18165606401800397,0.1788267566925938,0.18704060560923985,0.16651121891618853,0.17479403183227868,0.1669476845249159,0.1744540676062599,0.17138693020920975,0.17172518780136348,0.15609644054787022,0.1614021070533992,0.1641890915729665,0.17348251118537444,0.1815441253546453,0.17298378678153767,0.18542987263047883,0.19439845096796418,0.1886066060193632,0.1835527518939931,0.1718985843016705,0.18146413380216977,0.18376512739738016,0.17953246754803734,0.19081679628714668,0.19392459807258688,0.18844047921348145,0.19222399545558586,0.17537359309647918,0.18012110392494746,0.19183802736155586,0.1764913398071106,0.1893756776930876,0.1931008564557903,0.2098005874977836,0.21269158124244378,0.21347017199359158,0.22462112600873446,0.2281390348933619,0.22524911846528747,0.22637402874971604,0.22556857710077405,0.22584417829353298,0.23188929488623344,0.2237724413314506,0.22772536141428812,0.23234856789333455,0.24809042323622765,0.2433074460228006,0.24530065056168113,0.23552564401989814,0.2559139734843637,0.24060940547321577,0.23745843434206226,0.26022379131138135,0.243022844595885,0.2309898516825475,0.23179293786893868,0.23505613996713828,0.2169045688331349,0.23185005326168168,0.23366033768574598,0.22955893434270094,0.22197006028924424,0.23321270161829602,0.22808026032796894,0.21956919012632095,0.23291904458555995,0.23301967918588606,0.22688678438391657,0.23354980015241883,0.21844202808007293,0.22975607318676605,0.21673372736097313,0.2097758550699843,0.21703221361028086,0.22270214497545945,0.19316267007761503,0.20155415709851665,0.19888250434309537,0.20389902073556262,0.20183495864196027,0.2045623009214311,0.19542118390092375,0.1963017810588438,0.1966994837101354,0.20946057914705873,0.20930678168051897,0.20243981884276283,0.19546334200305324,0.19704612105686622,0.18111945387801737,0.17966173940034383,0.17959088888647362,0.18716024283283095,0.18774410092560279,0.18462180812983808,0.191372530702271,0.19371698451255978,0.19411375016923868,0.21840606787324135,0.21051861299546581,0.21620010473251325,0.2281514325353737,0.2126583794306815,0.21979074444378185,0.23751585194911898,0.23103442700648935,0.23544506937499254,0.23422378780896635,0.2318978381609435,0.23648494603973297,0.24025802350134504,0.23497486026123315,0.23487668027401318,0.22902721919605226,0.22460990284826343,0.24212693250131853,0.24525744520702775,0.2397800795811826,0.23329170653390355,0.22892193067935507,0.24148568980321236,0.2515185380311383,0.24017560867284196,0.24119050120264202,0.2525550168926294,0.2572248958207794,0.25779470922979925,0.2589101044987384,0.24813264215216113,0.2510459387227006,0.25661793151704565,0.24627146846497805,0.25142299761347114,0.2412501544198815,0.24182405538264812,0.23567618531001217,0.2576789843325873,0.2172060911065443,0.22473933941951935,0.2246341083362206,0.2291453243464763,0.21240488467783533,0.23035232497517474,0.2219693958538012,0.2240029305034386,0.21706174996668973,0.20328873808937786,0.19278893312548487,0.20591424886964052,0.20349737900795617,0.19703255996840896,0.18949152895431964,0.19856026327741277,0.20290821950401186,0.2006776007161981,0.19043838946711386,0.19209324806434447,0.19369972315281253,0.19986640045533735,0.2017929270900367,0.1954482157028176,0.1955254571647597,0.19815412156494833,0.1894112630108368,0.18645146496527015,0.18189442990249766,0.18922102905065835,0.19393768178107149,0.2005294533899287,0.19153625868136806,0.19623177850266924,0.19811530163225632,0.19888569165810796,0.19990601000020247,0.200797328288284,0.18520998646459,0.18934188655323406,0.18627230984071574,0.1825666724640107,0.18058592580470553,0.17895160586960343,0.1833294772146614,0.19123399596099394,0.18513468862931273,0.1898699342488917,0.18914366499064222,0.17834518965647062,0.1897298660054192,0.1848574679179577,0.1670138548109344,0.16836809573633643,0.17173538973031602,0.17831529647982222,0.1727943747124941,0.16780778310353414,0.17202315159171128,0.167742727354949,0.16932812524022792,0.17182865870333572,0.18044772040893786,0.17822659088548418,0.1818623924279316,0.18795163153168903,0.17549296033099182,0.1951140663066047,0.20119543378509747,0.18477593135566736,0.17518208864342955,0.17217666839537504,0.16967736062552993,0.18491566343821567,0.16833987486176452,0.17662098399981233,0.18087314911906827,0.16840543363964564,0.1734315478005599
219,0.2137287766836544,0.19904622710340938,0.2111526809895605,0.20014094221192918,0.20422923002772866,0.20671600347338276,0.19866527831074923,0.20299955224812688,0.20911370655894626,0.20152731559658915,0.19159836556606194,0.19110356992394076,0.2000363032426313,0.19880788722837883,0.19524664052211793,0.19136733108477988,0.18164857698634224,0.1808112713994514,0.17752033140899642,0.1831153704889299,0.17892367097204928,0.1812404784556272,0.16982729803438687,0.19134869293891574,0.18589550990139855,0.1883366754874433,0.1782716154651857,0.18284079459863842,0.18635111687755349,0.19162421996257592,0.20494862076161793,0.2031441591958632,0.21415380737997833,0.19628310976263424,0.20112022675880126,0.18888953609646753,0.18497443097352445,0.1856651958326248,0.1812587163281524,0.16888446406184576,0.16953173240747574,0.18679902280889865,0.18100563692816632,0.17293002330314766,0.17088411753147562,0.18475551029355372,0.18067663771417103,0.17347935549394744,0.17622235468793937,0.16115704666988312,0.1628328409153486,0.1592543485939541,0.17080894095757868,0.18396402370569193,0.18517834570546765,0.19445029215644732,0.18992817711190826,0.17929694921929107,0.18846204528929858,0.1894353828423801,0.18657944633717177,0.19090249304737664,0.17203285626508555,0.1890481796998611,0.193410300637579,0.18101272234182367,0.17710980300519663,0.20196636542121565,0.18712891521659303,0.19462628815034788,0.1802688548894327,0.20334187788608254,0.1941035596705895,0.21533022787769174,0.22185979123911795,0.21153551882163035,0.20928046904610623,0.23693520765638135,0.2261761983403502,0.21826344214260435,0.2187102817208479,0.22579348150428027,0.22970714285366942,0.22296993127979692,0.24189194132417913,0.2293781786748451,0.24457924498602615,0.24744575057305843,0.25070736940911603,0.23536750302162193,0.24691831236880732,0.2431317634160386,0.22740211520139075,0.23025199404833566,0.22812290846044736,0.22847968955382475,0.22248626226195067,0.22116016231171645,0.22330682666621338,0.23304055182384215,0.23474756711218023,0.23255484931377535,0.23984148252277748,0.22612855108008853,0.2198446493068999,0.2104073952380836,0.21682736896107915,0.21840254761171865,0.22506647030852286,0.22009293404162214,0.22039721380763883,0.22255635505852409,0.2105996766286565,0.21834356652744083,0.22167504229551083,0.19989062642553962,0.21095207421571144,0.19042830422044624,0.1844308636637951,0.18751218737580172,0.20440800519751454,0.19433489946366278,0.20919764921925127,0.18708975230044908,0.19837389928283714,0.19949442240292967,0.20625690659981988,0.1978483214260074,0.19228282760579202,0.1853165045831952,0.18145393887529415,0.19127310148909824,0.1814458334815165,0.18018162526459694,0.18491962327227943,0.19301195069796492,0.19044496708965553,0.1956679432609188,0.21041083508081665,0.21326849292995118,0.22208391255044624,0.2360895693604024,0.2251415750449228,0.22969656469238467,0.22621583392749445,0.22756113960106486,0.23045736927309088,0.23009930133767098,0.2334948466995465,0.23297874419696235,0.2308031331146395,0.22493063018036014,0.23733861298247688,0.23383246074557343,0.22384319703892244,0.2297878173540736,0.2280096353338321,0.2245460914810496,0.22644002804463337,0.22620348937972037,0.24692035915882143,0.23791378155362314,0.24645288136166493,0.2531442108707373,0.2579639391137004,0.26100570491196456,0.2601812524816625,0.2678779705184931,0.27138447531457605,0.2559835160481197,0.24385816417467784,0.25767661103236433,0.24312532543817503,0.248351735944163,0.23682857399925572,0.2403916066143679,0.24177372405111544,0.22733012984839013,0.22433461979407374,0.2283585096597482,0.2273698105913353,0.22619401005770312,0.22950782644537027,0.2339251410415115,0.2388532197697552,0.2279997128307401,0.20669034967931582,0.1967216416723423,0.19877599222876968,0.1988091735720781,0.214903357174309,0.20612767276942706,0.2008556903320534,0.1973744896203501,0.20755500000251834,0.2072077047256746,0.19612390416610553,0.18388169568906254,0.19400038866186947,0.20078838195829846,0.19779994659325548,0.18755100686631676,0.18925135602813878,0.1965092644258994,0.19564339476252723,0.19156109019732143,0.18511925763328882,0.19151204774515876,0.19104800193356022,0.20203299406852035,0.19293539121021008,0.1951993557696509,0.1898124959518068,0.19370699325379218,0.20424658318109165,0.19589222089289646,0.18697885673532152,0.19138865922810652,0.1919800498019858,0.1821838602508763,0.17501154549620684,0.18538615625511123,0.19747409400738308,0.19361705052888775,0.1947706438946634,0.1918204475764928,0.1838864378666255,0.18562475779928767,0.18431640876556715,0.18658859736217948,0.17036096835584433,0.16665003146684335,0.16103682521487636,0.17129070624503664,0.15743018289748872,0.1580905826239153,0.1611171236430048,0.17307849095669134,0.17015797166396548,0.17196010435531356,0.17596099131283865,0.1759873290188562,0.18244245180560428,0.18050963996860275,0.17677262049739756,0.19686816805052068,0.18819136832918898,0.17732207307490216,0.17557755622243676,0.17308490737567056,0.17096617681149356,0.16967638388693823,0.17603069352127426,0.17507095467843298,0.17074232857043653,0.17710384907354962
220,0.20962974208230864,0.21020202716492267,0.21077616577241626,0.20851351047331035,0.21048671971568253,0.1941448613166601,0.206599468540714,0.20426497254877166,0.20520214680009377,0.19938086783589407,0.19613585817005735,0.19588597383217782,0.19603662634649163,0.19470997454535718,0.19288448685888568,0.19769303555268813,0.1871349907267517,0.17774709025585173,0.17769340111857634,0.18692095878026985,0.18180628809684482,0.1796783289925822,0.1772852891361786,0.18029102175798734,0.17964767461184286,0.18774453322286863,0.1827934795924592,0.19079684984499679,0.2068314135182411,0.19707787462306076,0.196106947620387,0.20618026809529882,0.19137460177569882,0.20643797960165688,0.19284971438406262,0.19158927764786632,0.1845592004243471,0.18688248485401077,0.19265101434508017,0.17658511803859148,0.17091827459399198,0.1749495380192141,0.17918081184863743,0.18513140623792948,0.18242451487557879,0.18365827461361378,0.17529377750952102,0.1717003577319974,0.17080241226714032,0.15445892218349588,0.16738005259933653,0.15954782935424466,0.15975578736196014,0.17014339720879526,0.1913591794264715,0.1829718587700715,0.1788147747667402,0.17632378503250554,0.180459063812569,0.1838126939088209,0.1775655046569982,0.18567960347565493,0.18717593015705064,0.17685490121224182,0.1947865205914554,0.1919903940600395,0.1912567184703325,0.19474423045053765,0.19846218112585798,0.18915254979473456,0.20414583319594046,0.19656078594740548,0.19882960054366622,0.20883399662281868,0.21463226071295372,0.2173662935464333,0.22436866299230795,0.22682577321682076,0.22330389584251617,0.23052811546858057,0.22677349844844966,0.2212701345806631,0.22391423290962803,0.23133971701604797,0.2366739723142722,0.2234180721432358,0.2380944653039252,0.23665664315837392,0.24100669103549768,0.23052891168585887,0.23970235452486258,0.24249355477573037,0.23138872871044144,0.23502778087158394,0.24281627925243468,0.2254021737441706,0.2272078855161989,0.2188072460229761,0.22038899273087795,0.2292007846134424,0.2482814653989672,0.2389789232344634,0.23503649389366704,0.22511814423916626,0.23242139312346352,0.22712110893670745,0.21747823514196174,0.23840716313977373,0.2324073720914767,0.22106118819083245,0.2232136761458783,0.2218667389221546,0.20945209082485144,0.2070087486046084,0.21108467298143332,0.19648344765288778,0.20084765708798222,0.20752498923290832,0.19175813624172353,0.20287004708478165,0.19908171117648035,0.19847322197456319,0.1918921461080483,0.19816059609556919,0.20087876977511868,0.2065658383792085,0.20453733827309697,0.19759390310266847,0.19127961985452913,0.20024896035111922,0.18215852458472628,0.18664196579944997,0.19012525082079865,0.18640660638440898,0.1836641951523157,0.18911575025826158,0.18317162573387083,0.19267900724544246,0.19488297466036375,0.1999632791360445,0.21579804205893185,0.22175718499767302,0.21980744594573542,0.23858849627398798,0.22588536806391135,0.2175836210224656,0.21883924107822023,0.22571316989566864,0.2307085023691975,0.23059787453431704,0.2221629839781755,0.2319624568674596,0.2284526499261061,0.22428121492822342,0.22591584916877555,0.24236873715704205,0.23205519746983536,0.22289462715687317,0.21807044007419218,0.21748729912561474,0.2253109506576595,0.22388427962375462,0.2346303022150089,0.23088275713538536,0.24079185919453167,0.25712304345091885,0.268396593840222,0.2743039111392338,0.26889393087361213,0.262201999977234,0.2523306462624818,0.25336580451466667,0.24614130566644113,0.2464976027427318,0.253894328676895,0.2399614071471035,0.2405295285273455,0.25110380866070936,0.2267197218021725,0.240843871634545,0.2303413988742168,0.23164839740286575,0.22740996952783804,0.2347767573443205,0.23385841398822146,0.2190867434664404,0.22534093915656772,0.2043523328948348,0.21514081029696314,0.19931344513685306,0.20721734263992872,0.2036207018216624,0.2114669005880865,0.2068524647037426,0.20954335831848472,0.21020294678223742,0.1989685248029708,0.19516903284796472,0.18923771700154005,0.17953879250783675,0.18927096657491252,0.19047123599414237,0.19253673373146082,0.18591126244924855,0.1840195651069038,0.1854839346662955,0.17713855597155206,0.18933107466196342,0.17800249921811537,0.18727353139274158,0.19257424328996386,0.1862157454861508,0.20078167362818053,0.19259065047639445,0.18629379936318058,0.1869624540816768,0.18812915291014795,0.19878157623056683,0.18466087963580138,0.18345404837593277,0.18586584908000173,0.17876212145590845,0.18396931869212543,0.18808523324253512,0.19573212900137413,0.19424878006749033,0.18903146493724082,0.17932510756028006,0.18413506523142315,0.19529652241109605,0.17794197231744113,0.17855413000786613,0.17057430090136239,0.16466318063826846,0.15948593910287068,0.1615533990813999,0.16149140017326438,0.15561519454089043,0.15820383246128,0.1697473878957424,0.174482108193964,0.16167050689994242,0.1835468772109649,0.18209914219868542,0.1778310529572634,0.18382441815173095,0.18457675224168404,0.19117852210748384,0.1806451058973538,0.17529591675542097,0.17814153901975135,0.1604633667208429,0.16009353709581195,0.16699235908843593,0.17740836767888177,0.17028531615446968
221,0.1921532348070101,0.2035578522684352,0.20454704037449326,0.20438259076897172,0.20620187024321815,0.19667732824371534,0.19648225326809401,0.20521447930071762,0.205937577636971,0.21560736898637725,0.20659176213617156,0.20869440212239299,0.18942290818800261,0.19348695947204275,0.19697941802801397,0.20616118412456225,0.20138713799948255,0.18621141488275114,0.18125228904238808,0.18363899189643065,0.18747013839763235,0.18439604419496136,0.1849585448633329,0.17589479977923422,0.18398024802603835,0.1916930202347359,0.1876235288604806,0.18809632047501637,0.196838360923819,0.19667360118951127,0.2062443689852221,0.20689933748115205,0.20038964227763595,0.20906098872485093,0.20502777562506272,0.1929357021855697,0.2004845084152111,0.18265282768507693,0.18330516403986258,0.18117192548093175,0.17746213414337583,0.17233079836735293,0.1837811649076986,0.18495926886548983,0.18846195849933928,0.1731071873479874,0.17899788521380383,0.18095367181305347,0.1801663581977379,0.16912355539407656,0.1781364938027545,0.16958607940123993,0.17881580411028988,0.1731863662247713,0.17449862130726554,0.17906858424553587,0.17433721341721342,0.17734440844562635,0.18102560183336505,0.1739070146900237,0.1766137044911073,0.17608104216614148,0.1755806692234632,0.1774040376543787,0.19358927795149133,0.19937413629212755,0.2024635278524872,0.19508313674326325,0.19134393455428395,0.1922505540165311,0.19432304180040721,0.19993237545549608,0.19716552068069118,0.2101518899108046,0.19367751312350145,0.20838934038961926,0.22916120645774696,0.22506429373330986,0.20884241180819535,0.2251903624886067,0.21935700104610498,0.22863515056494935,0.23470427495212562,0.23462592618030406,0.24136027945061386,0.23607516396734457,0.22354095398631474,0.23244301499854733,0.23501820233185078,0.24291330337428807,0.24049563592538706,0.23378427719772546,0.2521616281739662,0.23832922458739159,0.24473360075253006,0.2399123473604524,0.22714192392451935,0.22506123619892107,0.22315252227506815,0.22565839765589954,0.22488635221520842,0.22850531176463815,0.22701089452179019,0.22437470762061273,0.21254255647743242,0.22064947578727193,0.23853274170254843,0.22343787892736716,0.22055702747654632,0.21793631334026867,0.2177375841445219,0.21034369563984637,0.20463829089764768,0.19705214195301812,0.20506054155962777,0.2067730814965201,0.19742537881520186,0.20551659692851493,0.20631371534150142,0.20261831062135743,0.20169129757310372,0.1974752989684578,0.20819629659805322,0.19449695208921733,0.19866516852428956,0.21449145734064246,0.19349377605099968,0.20157889491184441,0.19997990650407488,0.1981348178600747,0.18889332006216983,0.1906395042608148,0.18547137857053625,0.18077742666702687,0.186934689089609,0.18624597676061422,0.19436040707815516,0.19510605604505352,0.2038472795796739,0.20321009084632416,0.19121651555780048,0.21710478728387023,0.2226579468087944,0.2087975026860572,0.20484265681005231,0.22544982368555203,0.2265780840130445,0.2195779367782023,0.24048024184377356,0.2302379448445288,0.23068815731210982,0.2248386142822123,0.22305465956863244,0.23636441855041948,0.2189582936790126,0.2226208312284698,0.23624922907485602,0.23002503211059439,0.22193597220668385,0.23152857563692456,0.22486698658248502,0.22827823183834592,0.21951419026617133,0.21704150888292822,0.23127314167449198,0.23957367781733582,0.2514548403862964,0.2579746310458438,0.24655663830841473,0.26344441742702657,0.2549288577193141,0.2370892702924374,0.23792446421962246,0.24243956717670131,0.24028231084730378,0.25329114078851805,0.24375178234477932,0.24505304309633139,0.23376942036372686,0.23450056854697945,0.24083278061975563,0.23468157813391158,0.22525861005656284,0.22668547846922604,0.23417627851812634,0.23689642126817576,0.2231088511967968,0.21904038795778744,0.2077729471199814,0.2094042539872262,0.20059906757473045,0.20994894662618566,0.20097410810480237,0.20635419398816537,0.2039249807580263,0.20750869539401767,0.19626235240350148,0.18642085693592647,0.17965495507077692,0.1773409783338324,0.18196970875994273,0.1848779002494672,0.19104465869027523,0.19239934978370715,0.18473934521998542,0.17574893420257348,0.1849906166175809,0.1822965711473214,0.17636390244686911,0.1798204582185342,0.17976361787713685,0.18636742298446468,0.17885533538536075,0.19232688603611356,0.1832679407396853,0.18676057398071103,0.19558978081330872,0.17703934738702687,0.18500829466260132,0.1839293770761019,0.18152794867057387,0.17403115399917285,0.19359016946511529,0.19338652074732407,0.18812226542043756,0.18535610722573195,0.1806276784025534,0.18702953754013382,0.18991846872752027,0.1872840532914125,0.18806769422904726,0.1742339570286688,0.18336287087479555,0.167435329061846,0.16187429873604706,0.1595200584139501,0.16266439415836573,0.1606624554040572,0.15539677446211078,0.16483134408060102,0.16729100877805617,0.15703844998473226,0.16949344229456537,0.16268668132728883,0.18047859441982655,0.17914962358585812,0.17480200108095548,0.1794528251997459,0.19088363645855846,0.17231841845463441,0.17639208754554467,0.17223063389046042,0.17083454684476015,0.17397782613429846,0.1654661263672388,0.16971233157106322
222,0.19231829495699454,0.19789596989900365,0.20327131185984804,0.21456733146755416,0.20417264265773982,0.20325182321327662,0.1960803303814327,0.19154071312135781,0.20031969486682094,0.19840943938863217,0.2111603630421458,0.20409695248103768,0.18993775478817806,0.2002437224341461,0.20523026220256266,0.20229949097383254,0.19753634327655506,0.19865956949529467,0.17132995467787804,0.18722597461155793,0.19601664428478113,0.18805071975385537,0.19191600738320314,0.1902332379179312,0.18047215324129304,0.18305221990012197,0.18080186251082278,0.17956144844061725,0.19778742663578475,0.19609475607014,0.21881712116294774,0.22859619644394777,0.20602532125140502,0.20514758083709206,0.20302402803071623,0.2090275835722819,0.20604515174255286,0.18962862675394554,0.17585657073116995,0.1917241848658197,0.18428861238563865,0.19068639134681595,0.19958690977919197,0.19183683471213162,0.182322933564771,0.18218050433105923,0.16587112873683582,0.17491252128924142,0.16857365373711145,0.17940692395119848,0.17821534677636508,0.1701003863385319,0.16189942264354126,0.16281237067076793,0.16999321986415156,0.1764893485253365,0.17328345559147604,0.18200583020824956,0.17480200108095548,0.17145414938598938,0.17543764947385873,0.17747038849296431,0.18708380749186887,0.17533903014242036,0.18503811687981944,0.19397608957303936,0.1907403608876346,0.19384178483648404,0.19002555078519054,0.2027323571931128,0.20292896016863077,0.18463048052495368,0.18513417708397042,0.19814136019555165,0.20657549400390018,0.2011239315644119,0.2133736566911664,0.20741282179846382,0.21826786480471622,0.21869890067879932,0.22799834786410206,0.2220964413979475,0.23579364716353288,0.23991787160999903,0.23697050824278024,0.2350728106505988,0.22986402125132635,0.23008451974460595,0.22924812906418296,0.2383610006807479,0.24351151351637024,0.2289025864780472,0.22617244868384498,0.23835831134813346,0.248886362217671,0.23546458694696762,0.22410317010758332,0.23648244123012555,0.2230144481308942,0.23443902146869225,0.21743056781069167,0.22564390134675616,0.23063063778638238,0.21608812443637732,0.2198424219897288,0.22469711689971322,0.22177204438583947,0.22710735535577908,0.22358218702632096,0.2230364787869888,0.21134515682084806,0.1994646958046151,0.21030262810430708,0.20215961880458513,0.19852563782472288,0.19428009179502176,0.19505838314860763,0.19291580077300577,0.18621583124169047,0.19903705173096864,0.20631590060554741,0.19435194891919463,0.20758415474596226,0.20033123575290063,0.2005681136649369,0.21161370937341292,0.20348653658628485,0.20682612724487875,0.2131105255051138,0.19868433632970067,0.1977009107566744,0.18638068347586478,0.1775405659677273,0.1885228080680261,0.18142110173448006,0.18194922077727532,0.185354058605648,0.19298297626904673,0.19291304672137247,0.2158087255305024,0.19491739564608965,0.2062262762713735,0.2215219674774033,0.21622345371081755,0.2096359206094437,0.2105782925802745,0.21541398751555785,0.22995671712193197,0.24166585877363586,0.23605228022576694,0.23207074690177493,0.2287503672593276,0.22130794221417757,0.229606247036392,0.23035704563542855,0.22326728949630426,0.2251393977433861,0.23784027590634518,0.23052970790588723,0.21576107635976952,0.21429715233304036,0.21319842891608987,0.21782950270342702,0.22931528311292465,0.22593207969433127,0.22998975997800958,0.23596804803637395,0.2509957108001551,0.243389590498323,0.23341082841325303,0.25050932687302596,0.22668333843265326,0.23972581291306336,0.23264830888256535,0.2408800873542622,0.23209495479197828,0.24224604760728558,0.25010783680582077,0.24119027905808324,0.22398982992700278,0.23333951991945132,0.22634671713508114,0.2230318567906392,0.21986879689826574,0.2213687944748327,0.2339400616387674,0.2212701345806631,0.21818344763775774,0.20537014039523066,0.20144338936391645,0.210800190979397,0.2086120543967144,0.20312349943248387,0.19954272608194693,0.2113219453576661,0.20962317759675247,0.20273932209562304,0.1960938755986355,0.18374934514548813,0.18276355622678025,0.18035375963308037,0.1872859076217103,0.18985061135992948,0.18211755034506458,0.17735404578142788,0.18117346899347378,0.17998607238907072,0.1846024242489893,0.1830058193682398,0.17809211845693132,0.18618020321547954,0.19143767008290744,0.18415944607812024,0.1894891728389706,0.18737493707074926,0.1829265316150596,0.1866224987316739,0.18087952131131063,0.19427065301436083,0.18612790967806775,0.19353173943205498,0.18950867712072425,0.19115594093416885,0.19149621747642806,0.19593929901491358,0.18371951912195633,0.1854855149154359,0.17315470627717128,0.1847513412708099,0.1858109483907739,0.17673017194853125,0.19206392508006614,0.183745706534389,0.17069028361086835,0.16460449852472722,0.17080158636625162,0.1550961438145299,0.16692277653421145,0.1651885724328479,0.16268319758526603,0.164628264534967,0.16254866237299986,0.16543450640246754,0.1690622326473549,0.17351554952770903,0.17285370787323504,0.17039203902244743,0.17789084579241607,0.17726132856645616,0.18459664348555574,0.16915050550044428,0.17565365863261662,0.16889200832482432,0.17580879610501132,0.172276682482901,0.16920601599607543
223,0.2055315985326491,0.2051841927602162,0.20314929990717936,0.20060383902152246,0.20791522856143824,0.19886819411139856,0.1963417646678311,0.19574139089758466,0.1932874248320083,0.19043865256765366,0.196340073844971,0.19607257842311424,0.19385611279024206,0.20208535425332663,0.1958705757910392,0.19333701095813421,0.19958318457323201,0.20072623561865421,0.1935291102724543,0.18861003688436725,0.17296411139206863,0.18273397436767844,0.1846424269911534,0.1817198626967389,0.17831061585921817,0.17647561335691653,0.18639802224060578,0.19592761865179809,0.19010095560717366,0.20165294084123067,0.20464413382482924,0.20761441309645146,0.1958453705384716,0.1983938749623312,0.203833841796111,0.20720264738564934,0.21082679177630687,0.19745412000684912,0.19198363044362354,0.18811173974407727,0.18833095124631233,0.2005655413153546,0.19076135560756532,0.1866647014356314,0.1879140704479283,0.18288993265748146,0.17789834179156314,0.17995250642632613,0.17676708492166077,0.17357105371989776,0.182325998233231,0.17563691489036473,0.17230849929459396,0.16336363939143206,0.17148474816814915,0.17026751590693512,0.1771611129835372,0.17865118449008938,0.17136037346666247,0.18169417319031403,0.16796937258497038,0.17724353371454513,0.17856716349720442,0.17459789362185418,0.18412823917278406,0.19329423438132542,0.1989507634320146,0.19318949178073747,0.19481249119860006,0.19195397059983982,0.2028613774198982,0.19448114377556305,0.18614753946415227,0.2008967032692438,0.20358538142557941,0.20509114041599158,0.19970905332373626,0.21154146126318993,0.21878014206191992,0.22481247144509392,0.2180004549779253,0.2191179721292254,0.2268530904008137,0.2196130280056542,0.23458967846323547,0.2363741063844737,0.23077438379283954,0.23149664429565064,0.22916759127114344,0.2400427535776091,0.23288777946600048,0.24037854384702811,0.24144410149181902,0.2373891142479298,0.23537400655591717,0.23369859423904135,0.2320138442576357,0.2411914453192993,0.23246185549976764,0.23304414704276896,0.2265920664150018,0.231413558160787,0.21939968514803507,0.20658377061286357,0.208092151275461,0.22773799876916484,0.22077119071959825,0.22852604313024474,0.21883631850108504,0.22492550281183255,0.22179247128665636,0.20317697030117135,0.20267637591178675,0.21131226250296106,0.19457695379486534,0.19713071177073987,0.18937842485077136,0.17897760819556985,0.18407800547014952,0.1815853886959679,0.20317524400745451,0.19457650576538787,0.20094898180840298,0.19089207554076493,0.20571951889999193,0.19898802428019324,0.1948755258078264,0.19756819403772702,0.20499756384161638,0.205009270379357,0.21225161332407644,0.1950734029191358,0.19453757594357723,0.1838903333182554,0.18306170374532776,0.18183467305007706,0.19239412226740296,0.18216548734714827,0.19207882926530725,0.20744663762031476,0.21102742518422307,0.2052185902989621,0.20631941607888477,0.20282282618857897,0.21585469533663978,0.21083776315556266,0.21017869927124946,0.22058298020597977,0.2386764666752788,0.22911140046696654,0.23285678662933976,0.23011975342288307,0.23370037001175586,0.23151279599296626,0.23164274353630937,0.23123118242545967,0.2299589410113027,0.2281408734841636,0.22956564739390312,0.24077062493540713,0.2227683560875737,0.22459630133631855,0.2230947241484124,0.21516612570542518,0.2227133240919671,0.22285403405648418,0.22624776619902612,0.24161728502924118,0.24829261358866578,0.23618107771731284,0.23227523064763458,0.2303556665561383,0.23302831776300678,0.2392643531620559,0.23588552965229717,0.2332579744452686,0.24246993721143975,0.24352755023546138,0.24935581473657673,0.24268621033453258,0.22527655699973329,0.22744018503249347,0.2420513448797677,0.2312716506062511,0.22024552851086546,0.22059049741807923,0.2298379820780441,0.2101336963362929,0.19887542007729583,0.20937334909961228,0.20277776407239964,0.20370992083427963,0.19645292977956358,0.21450192795464454,0.2156264833246833,0.20078380492034886,0.2016382269804344,0.19358446384886574,0.20018798583693542,0.16628661778678724,0.16988181801143415,0.18001719901713284,0.18421534339998794,0.18985952937200687,0.18295332214501936,0.1768531501600361,0.18259496591377541,0.19087159383109908,0.18972610896783224,0.18613768145255435,0.18361577920579464,0.18907795653187548,0.19065298092213337,0.18678134568683802,0.18756754753310256,0.18696512318187905,0.18989852873773203,0.18930348098033903,0.17913819749934973,0.179654003630407,0.18541663709298578,0.19499931690319874,0.18272497031427634,0.18348623949397486,0.18242359077238857,0.1815740999200358,0.17761322499334598,0.1870515881928746,0.18144696153009568,0.1759844519391915,0.17641235598372007,0.18525536755404998,0.18235236490621393,0.1753743199607036,0.17626050091092585,0.1719886549201033,0.16532015355599256,0.16395437123093548,0.16371994874092355,0.15973136390312445,0.16443016780492098,0.16767653855469217,0.1677746726018365,0.1638203690634615,0.1663019340556079,0.1710905411671083,0.17458334086881686,0.17362569613108472,0.1725584773849655,0.17069669010220398,0.18376385799723566,0.17588937269219168,0.179778188487753,0.18333846884082153,0.16616050368007707,0.1739474233460192
224,0.2058334247049687,0.22044304431760856,0.2069721447173279,0.21068533156386954,0.20618003072162952,0.20729508260220544,0.1961128178963907,0.19957172983968718,0.1870313032193112,0.18789044716063197,0.18493478213035108,0.19054400968932408,0.18567742301871384,0.2016394387788241,0.19280762276542593,0.19646731049927493,0.195172960584978,0.18559381540218445,0.18835588765940067,0.19471665487059678,0.17220125013864204,0.17804590930947897,0.17080815435514748,0.17594899883292198,0.17213770162992056,0.1770391843278371,0.17563618693777763,0.18720136020626596,0.1952633473325248,0.20330904951253026,0.19963242531417,0.21001663708008236,0.2096434992077965,0.19363956573448457,0.19715046693411165,0.1987526830039809,0.1901987682204693,0.20562664990706916,0.19884383931999172,0.19046746427592037,0.19661550812770529,0.19174776034593952,0.19105486456360177,0.18456353510053924,0.18197984886033447,0.18999151244407386,0.18308518364485388,0.18847601899397373,0.1715596296318887,0.17292620075889573,0.17311141249625792,0.1722639494702316,0.16659547457916574,0.1776885322505812,0.15797959640988296,0.1620400244344554,0.16740622376782502,0.16920632768536256,0.18932436113697781,0.17788113832850289,0.16770144317665178,0.16826217561305917,0.17665925718995304,0.1805966957203786,0.17433954170511934,0.18202728856938066,0.18582006172382748,0.19750124151728277,0.1916622137239607,0.1994610941285923,0.20726902286500878,0.2008551399728985,0.19760587845427993,0.20559227865048196,0.19952338356222177,0.19849581741395284,0.20246060952724293,0.21929432856015127,0.2326079211720144,0.22820276384011703,0.2206417533466681,0.22504294368289435,0.22295627506543164,0.2300294282659453,0.22607248077191025,0.23538625536675908,0.2332449233694591,0.22483442086998115,0.229559832928726,0.23013522615619963,0.23006221670093807,0.22550163755552866,0.2384616254753503,0.2301885408685495,0.22534685431443796,0.2224230030033375,0.2185269981530026,0.2195594327119713,0.23488198040453095,0.22255850737970262,0.23789975785874218,0.22502921231785597,0.2215948179038064,0.21225356824268238,0.21252283468039698,0.21638253280532938,0.21154910874919913,0.2066898737577457,0.21946066962594987,0.22245813912359477,0.23518428562707747,0.21101882477720138,0.19963442673019785,0.20778720437286582,0.2040874409025295,0.2028880509021657,0.2070134675454544,0.19820613823524683,0.18753641083155226,0.18139407612980102,0.17804488439778732,0.18685378519260376,0.20146423079768094,0.19561737644655336,0.2052470860331637,0.2127161676346957,0.2070768738484008,0.20053669354314876,0.2088030797391372,0.20928938412861964,0.20861575310145455,0.19704147506531874,0.2088417866684795,0.18358952576446624,0.19317396765449488,0.18900543811936835,0.19391075620206083,0.19289225934200355,0.19670488708772696,0.19374441852017396,0.20410692507640904,0.20560316699426914,0.20719157892122175,0.21669370741872312,0.21192841984209096,0.21539806621388963,0.21372833376828768,0.2243299708962817,0.22672060927437737,0.2283779656398262,0.2285343572519136,0.22899178370444914,0.23213958301706852,0.2342776720943858,0.2332695223023057,0.2390696798719409,0.24090138673678252,0.23838136375516725,0.22693966006837085,0.23584289650486434,0.23888429565341038,0.21267390234645428,0.2096005413519706,0.1998061662830645,0.22193060649370527,0.21785282700198036,0.22814328994032318,0.22707483118942193,0.22793981948359257,0.23403370068116242,0.2113110460952981,0.2287547390537442,0.23436675127520734,0.22903048881828783,0.23439745933696857,0.23717761631634882,0.24575122989804907,0.24069629206249857,0.2418640383970559,0.2488991422749942,0.2340716410849223,0.2359416976870171,0.24171772605702369,0.23078426762889187,0.2305426070534904,0.22569918975894482,0.2301064540623271,0.22044796798461028,0.20168713649010622,0.1969390370186113,0.20541445423983593,0.2121032875359041,0.20431704554421912,0.20980010441463448,0.20863496820725946,0.19961495951302452,0.20484171347692842,0.19077075566618898,0.1874576636668596,0.1825845813300536,0.17908198516816504,0.17610950646570128,0.1796059417655371,0.1838896135003258,0.17977487688163926,0.17370411224860885,0.17997716229480684,0.1788011056462256,0.19487382068885944,0.17909790264379108,0.18350905551712374,0.1898625021357902,0.18686226124562813,0.18278931275429416,0.18240972978626702,0.19300679542010477,0.1843198040305603,0.1842931528818371,0.17499570913899884,0.18544276751424388,0.18964967377944175,0.17427977878102646,0.17916954879413186,0.1798715180664324,0.18599745422285535,0.17480059234894532,0.1767469385176993,0.19000625580982838,0.1781674236400276,0.17597322772597943,0.17436093932400468,0.17461019606637662,0.18045952088773312,0.1724627869906359,0.17652157753989425,0.17162126548186252,0.16303325521239456,0.16302702372563238,0.1636995931343303,0.15930242978663414,0.15966778479449936,0.1604633667208429,0.16032487131415277,0.1722878692706233,0.17796418088130983,0.16564006795395678,0.16110584606674797,0.17196180696066574,0.17911588367016948,0.17411095594896148,0.17755659173958568,0.1825108551588056,0.17583247936077534,0.17508441926291568,0.1735390437360205,0.17071249118839088
225,0.21555246813025952,0.21145721109147578,0.2061313274259259,0.22314640780955114,0.20311466459893532,0.20800984960482297,0.1938933436392562,0.19912512617564831,0.1905170727244348,0.1900263383768236,0.19356298014649445,0.1849716625183542,0.19703314522194187,0.20223914939911541,0.2092472697281979,0.20586153179808184,0.20149694687325984,0.19040603087251434,0.19394272795228987,0.1952786256940855,0.1802197985919732,0.17413938245443972,0.16877748070382234,0.16855649815107307,0.1839812223780244,0.17885747691225254,0.1869137281763803,0.1925888323138973,0.1864811763014676,0.1989064425107366,0.19338327016552845,0.2001467627253408,0.21180753209147957,0.19793662460117303,0.1971467626901853,0.1985645930266334,0.2052978494295241,0.20585603331266,0.19403273261175344,0.195504707902402,0.19623761184852115,0.1840910182869082,0.17118882064571933,0.18123037955369883,0.18774163685019488,0.19232958743411188,0.19153590585886582,0.183586101679305,0.17632894131448804,0.18132158218839786,0.18321148717060975,0.1811579510334508,0.17081016019850584,0.16473318678737356,0.16585428637364288,0.16904611721617047,0.16786977177877022,0.17040910676155877,0.17479254266953367,0.16957178820199129,0.1796145439771854,0.17396164269757938,0.16344675397997452,0.17158657283740417,0.17401773034528636,0.17590362927865386,0.176893998985407,0.2054883003534457,0.19102596400023428,0.19530298451820075,0.2013219229686901,0.19852828915103765,0.19868639503452612,0.20778844834065963,0.1949501618137633,0.20021648378625526,0.2002395128343351,0.20682403182256082,0.2158942123458296,0.22188068603085856,0.22717016841527052,0.22678013004443054,0.2279696854522782,0.2220288962654422,0.22707169405636474,0.2320100512441445,0.22509383476405823,0.23142922446368855,0.21987041695739953,0.23296302664303373,0.22363975097713784,0.22696714775133373,0.2360388010551806,0.23072815856695697,0.24654937162970966,0.23017338254677297,0.22618447905202105,0.2174196538626386,0.24592155710902797,0.2345550565894662,0.21818344763775774,0.22296659415771033,0.21935730409921078,0.218382080929422,0.21982111175493713,0.21408606514464504,0.20373404129790665,0.2138594275560489,0.20779586445704623,0.2178640636844112,0.21722074557124535,0.22437016121833253,0.20794160894694946,0.20235807994731017,0.2047261408843415,0.21058808727169467,0.2112357397714957,0.19773637126918134,0.19687769676711941,0.1929886641573379,0.18066877504427237,0.17948183456333497,0.19915578309864557,0.2058268369196358,0.2019175648722284,0.20460559243309634,0.20134707271603638,0.20930331169322025,0.21002761465970823,0.20537108616185598,0.20854159939097663,0.21095649445144404,0.1950598473456956,0.18970837326013945,0.19026964154554393,0.19301092851985865,0.1875976958944404,0.20213948272198867,0.19828919972191728,0.20191336657652947,0.1985876789959784,0.19680641030336793,0.21591906951644646,0.2094064237684788,0.2080454394052765,0.20690319638411295,0.21074161310476863,0.2165396348028521,0.2270054583831023,0.23324943476987006,0.2389433234621976,0.2160833976557817,0.22201437751204295,0.231380470578129,0.22233610848429092,0.22627459695862173,0.24521526379234415,0.25011434449919934,0.2424793727945286,0.24948733273056847,0.247959584532445,0.22858082718456132,0.21723915257951812,0.21580802984648761,0.21427267923413124,0.2163275341890338,0.2255791209813102,0.2237403947599223,0.2315000557814097,0.22130213307421812,0.24164120902101766,0.21875611403455078,0.2091140436106903,0.231658585378696,0.23517394259656246,0.24670269853138974,0.24227589132483238,0.2425096919757295,0.24610078556900683,0.24207993830638655,0.2401262286372809,0.2339472798865661,0.21635961501612108,0.23254108795358963,0.22782160125832257,0.22712984263147717,0.2190917881832154,0.20831104616171778,0.20548319035057402,0.21158540154389613,0.21678059302036032,0.2085089973932033,0.2029227643797233,0.2103812833362622,0.20869738147069938,0.2138251079718676,0.2060141259319198,0.18647851411005503,0.19923516416748704,0.1872477466161409,0.181372441839715,0.17176675061652213,0.1831694747284008,0.18724278841228154,0.1907083461927218,0.1876020587377179,0.19354216729816048,0.19442311633814796,0.18310676926100639,0.18099671803704806,0.1778763871890483,0.18474334381704519,0.18023295366614256,0.18106962410081673,0.1738299478989502,0.18278194736362294,0.17841419303786585,0.1807577388583797,0.18074421253706496,0.17360754670728654,0.18996544092425402,0.1828046337176017,0.17805833170827526,0.17476992505466948,0.1768318538663241,0.18161955197089016,0.1732894406933601,0.177145612377248,0.17525959348040485,0.17592525937460635,0.17096424786794176,0.16771410927140254,0.1691609050277635,0.1726958494838997,0.17442201526332812,0.168718497811854,0.16702185392562485,0.17069330996024645,0.16489781461765796,0.15911616392815123,0.1615291843181271,0.1568555897680292,0.15381510985751665,0.1688511799974119,0.16972640012919993,0.17512143204844513,0.16091117272525485,0.16551871269899077,0.1655707057569134,0.17752384674255378,0.17999606050745826,0.1706887508050307,0.1789726629298202,0.17704737823796363,0.17247283417241763,0.1691052146417566
226,0.21789526858287306,0.2207021175162769,0.22844060411853634,0.22609179404353183,0.22246674473379627,0.2036574257776373,0.19957553722728882,0.20042423287141337,0.19459680253587966,0.1814861133388342,0.1876645319566675,0.1906481081431035,0.1903715737001522,0.1832535514446357,0.19435736388862285,0.207054560243342,0.1948896609210827,0.19939985584270126,0.1978021692076399,0.19047013955672656,0.19316520530311454,0.1870614084607771,0.18246870927430175,0.17074232857043653,0.18391226794500837,0.17612232095702626,0.18045175076738834,0.1852318652447294,0.18958562298001433,0.19316009040862986,0.1918947088435325,0.2042608336208737,0.20496202349038573,0.193586202261004,0.1919607773719317,0.19434331213142778,0.2039053918801538,0.20753894274523027,0.19106225536394744,0.19946891483605558,0.20385108625220208,0.1759989999088765,0.19284416380297315,0.18274790207181513,0.18575580728669477,0.17900274874264938,0.18384583693053347,0.18536605189077524,0.1938117486699658,0.19064297210543263,0.18734633433541506,0.17864550781843125,0.16821720007582275,0.1695007405581659,0.1701550723449198,0.16844824865097346,0.15896477511738819,0.16768402885825093,0.17402939083332447,0.1670491230174504,0.18612996685111713,0.18627286742174728,0.17131610822425905,0.16329763687977888,0.17862440699010843,0.18033150200512882,0.18792220516097988,0.19779384819558699,0.19956237129896465,0.19686651802465457,0.1977920310096408,0.1956654517790272,0.21286874513876494,0.19412519277022777,0.20486723216857014,0.2116906127466759,0.2044710372018629,0.19521631475008155,0.20526991382847207,0.2079135529694195,0.21803343654666751,0.217620097229204,0.22548320540570485,0.2308991850001183,0.23057233623249707,0.2258690888857435,0.2209547284822325,0.22475698622984683,0.22929970711234188,0.23312379268007777,0.23072900860247228,0.2330867036234941,0.23257455571439523,0.24600832272538906,0.2235139327110038,0.23489231059444873,0.23209810788185606,0.2314723389147459,0.23076476605768603,0.23364435895465085,0.23825657807400843,0.2399848356288428,0.22468501043484287,0.22953932490012535,0.213899465824297,0.22164620512224764,0.2243018212954219,0.20929772127912966,0.22645212478818072,0.2122552788112327,0.21254696109897087,0.22084547233789267,0.2101341318023892,0.19309796637492016,0.1944655606333978,0.2072048420652169,0.2062200557836922,0.1901295848879239,0.20084788369783246,0.18735608379689883,0.17946898225820154,0.19728002305263875,0.18330634585573924,0.19810648392050473,0.1923523515405697,0.1983909467755671,0.2119992868516933,0.20244244786072102,0.197885485156901,0.21589530600114865,0.2079026858861233,0.20081334945658835,0.19770070590635408,0.198842410817959,0.1933914635174996,0.18951452443298825,0.19142709113860826,0.2000694600221599,0.2026175594838481,0.20366859151065184,0.20316962078924874,0.20573657232789963,0.20790397841692942,0.20895347592738814,0.21601255809171732,0.22399003622935507,0.21576599481738581,0.2111377066524737,0.21899409268252065,0.2232986513066418,0.22816157178575439,0.2211441727508382,0.22095798461543428,0.23366652502998456,0.2234567098619306,0.23081296503534118,0.23425609531703293,0.23977301262565406,0.24553064234135497,0.256183998616225,0.24580120069123215,0.22954498028174997,0.23642489236985031,0.21756778984667313,0.21651660066484965,0.22898492925716032,0.2335800784695809,0.22268809495516378,0.21942186395388213,0.20895992321117982,0.23615878186157976,0.2243508400363513,0.2300498211696429,0.22328415234846546,0.2157690254380052,0.22750796195833314,0.22951998137712437,0.23826744072131767,0.25175030188046427,0.2234768802733121,0.2356255601529875,0.24281119144891955,0.22621911550290025,0.24901505239190583,0.2202522734972864,0.22914221137063456,0.22329880555593887,0.2091548790414938,0.2191161053474054,0.21497665447805298,0.21254842932643447,0.21465633004288884,0.21141393026947344,0.20519387829711078,0.2018133214065311,0.20553292364810652,0.20820310404292644,0.2085634969664341,0.19077128278599506,0.18395542497243828,0.1793173449954905,0.17026814319680098,0.18179490186840314,0.17892503053424053,0.1902797183892999,0.18858767224147324,0.18557907256620362,0.19292930507907213,0.18359400676250648,0.1889377329570408,0.1805060239472085,0.17929595839047086,0.18647276047135222,0.18475933907078063,0.1738707790348062,0.1734078285734191,0.17395675591609852,0.17958443803879662,0.1790330457322816,0.17392912014544293,0.18508362632516384,0.18523152403533832,0.1827708787918064,0.17853928861229018,0.17132746933456697,0.17253046785272458,0.17164240851648643,0.17030547110367358,0.1738745423868144,0.16435003465750214,0.17560828436305168,0.1653564347891834,0.16550621240484628,0.16355435022641984,0.1678096377939428,0.1715822663811825,0.1704171115315266,0.1690011656193113,0.1644375509525108,0.16493256002708168,0.16244887197351515,0.16320362467531757,0.15869067228088576,0.16507849469023803,0.15921574011333328,0.17146879663781953,0.16483384905172693,0.16004131088819573,0.1636610375070368,0.1653765775460683,0.16928286478062568,0.17781688582046112,0.16534013960934277,0.17441105134010096,0.17370139248410504,0.1697099869247509
227,0.21211583942409742,0.22110644400687784,0.22841935454815737,0.22062524245606907,0.21559570262564431,0.21041417808045373,0.19766078235509732,0.20379659330586744,0.18847350191476553,0.19187447300213376,0.186609822593784,0.19085678332021352,0.19012516326490517,0.1913667141903848,0.18358453761226987,0.19934020337037336,0.19335459616714262,0.20088598553590237,0.1971701196569652,0.20482949770536257,0.19690026924469306,0.18345273888307953,0.191983409414428,0.17590938084234098,0.1822394936268025,0.18374033336836806,0.1852186011923625,0.18454058797197698,0.18807605212283354,0.18438776492297396,0.19127481914492006,0.19501319606500378,0.1917592400934656,0.1979891266817494,0.191451379501209,0.19380800005465423,0.19474669674954542,0.19578898277172876,0.19732660776119682,0.20267039316759386,0.20599519963563515,0.19925467188288665,0.1824837932730399,0.19071730449589727,0.18815297950490975,0.19256790250863468,0.18482163165778887,0.1882616236879839,0.18431517799745223,0.19292432969843828,0.18457156726963697,0.18110915320996207,0.16748260221383468,0.17297359034890836,0.17313780207627263,0.16089483399027737,0.16159090007043567,0.17354999280398511,0.169216964426395,0.1843175971012005,0.17772163499957472,0.1809144682389067,0.17771508761318353,0.16806949687904685,0.17729133081318973,0.1761187522708312,0.18636373253009456,0.18215848264118079,0.18789537925003139,0.19205733576449285,0.1942720397259099,0.19502809110745578,0.20378057343335573,0.2018502352950969,0.19384843537491045,0.19407165078028737,0.200585040270841,0.2017295779909419,0.20406705641364395,0.21356973068283197,0.21876860626449227,0.20750539855584962,0.21628913311976888,0.21650299073502788,0.22363485900985325,0.22338612775766015,0.22226470323360756,0.22749093726099767,0.22364134732646132,0.21479412575859755,0.22996857811377083,0.225059733358261,0.2210797170112649,0.23296629881088723,0.2391602507010865,0.2472076465008663,0.2426741963104366,0.22345712148478097,0.22975231708381427,0.21653395082679253,0.24011693991089045,0.2397435324174773,0.23625640977216192,0.22580413988427644,0.21875807849118328,0.21680884707756964,0.2257154566918861,0.2296203105657913,0.23104315158463135,0.21642040229752246,0.21986206365539873,0.21555589281997406,0.20782864207663948,0.20207746260185672,0.2036173589201359,0.20138231546259763,0.19823566407682758,0.20481261378420523,0.19707282855869454,0.1871286136006607,0.20049712523225646,0.1793177991788558,0.19477768509483903,0.18623997299644787,0.1746555939578014,0.1874729874145246,0.21117392886813624,0.20537259939751581,0.20411774415456346,0.1963220091705622,0.20835340390784107,0.2007493094314954,0.19610583228781114,0.19619304605095547,0.19296835738784932,0.19214381087070373,0.189928526972862,0.19208931153634004,0.20392937583663842,0.1921189480553545,0.2122509779794063,0.21907322419827213,0.20934548557656854,0.21455690706451833,0.21659668226310155,0.209950010164572,0.2127931286743896,0.21369669230118266,0.22132384169278876,0.2295124769519252,0.2166039140020563,0.22595611549891564,0.21978163506850798,0.22233226890887683,0.22849042212200704,0.22318756807390708,0.23429574417461171,0.23756425757168506,0.22707530176311866,0.24165395090425687,0.25493296672014154,0.24775144718534903,0.24503182800851672,0.22382191128728346,0.22491633598969052,0.22370175949872936,0.22373323385448096,0.226585022933032,0.21771622728514997,0.22167805382728942,0.21774395150092724,0.22003248316769805,0.20653849115295625,0.2213897449781389,0.210949791273088,0.24028009777562712,0.23308273206275848,0.2526678588009875,0.24266017138825424,0.222250271410498,0.23324116393577168,0.23434532817369844,0.24987119856304177,0.23406242488156195,0.22890142693208074,0.22930361421307552,0.20949140043602577,0.21343611145792601,0.21073040411639643,0.19978805044034598,0.20524911821841105,0.20906594700502404,0.21239710844307835,0.19806659700361606,0.2010472976649292,0.19295716069590615,0.19700100875628426,0.20063006783877477,0.19341885142515272,0.19586859587299363,0.17960015204735913,0.18324051344038736,0.1871017286478358,0.18591708438082633,0.1909249123946935,0.1853276419711028,0.19339284395335954,0.1881219622034151,0.1953778112303675,0.1852641976858138,0.17787700155338557,0.18835597440051247,0.1890535339597832,0.1709069799710906,0.17184175522098608,0.18195269812508036,0.17890035402855783,0.17447443474858665,0.1784618538105827,0.17832732705964902,0.1863939878295776,0.1731614444965031,0.18353373381693872,0.1764139401882315,0.1705293748639523,0.18684255609010422,0.1813798339613609,0.17851885801668338,0.16801315995051672,0.1602406876491909,0.15986739562720415,0.16251266041991516,0.15897033886955805,0.15689568513278243,0.1553323812340648,0.16191370102278066,0.1539582620715949,0.15901148739729926,0.16002380768040658,0.16704850758687131,0.1629446103260897,0.16492295209421348,0.16307797123855347,0.1537131420257951,0.15779128030000822,0.1683086358396087,0.16774164588110557,0.1534489778968755,0.15733922259074928,0.16091484083257238,0.17093303350134603,0.16488612054183857,0.17143520062026776,0.1723281001054509,0.17530701703538973,0.17940956780881456
228,0.2139207930780005,0.21490696948751503,0.21086048446425046,0.23065299593479738,0.22786367634870838,0.21251740294359867,0.21014908335241336,0.21501417890726632,0.19975482944921627,0.18810199427255256,0.1799891806652639,0.18122199205055117,0.17426609519213504,0.1878654858518814,0.18793163840746294,0.1835316208189044,0.1901003427950842,0.1923329531633927,0.18958060287064302,0.197248454922829,0.18391311489425174,0.18237201643500542,0.16946031134909886,0.18194205681237907,0.17006819406072218,0.18544695213942786,0.18171530191660104,0.1882058419954943,0.18561514117039526,0.18415605376700253,0.1914949387653237,0.19276869175884176,0.20057502268815647,0.19452937882668087,0.18939063492263725,0.18146317278051288,0.19414137447447657,0.19341288364814244,0.21969465955165604,0.19074901324333135,0.20719844893298708,0.20151447155052213,0.2009538402394989,0.18578960012580245,0.1896307226185637,0.18985231624161614,0.17906623403323846,0.1814259893293518,0.18236832111408374,0.179015485219724,0.18906332873010973,0.18995472464251228,0.17655190175835475,0.17508393548745543,0.17293531925928732,0.1774210315645978,0.1767283000516514,0.16843583738258602,0.17944154504686258,0.1789835426948407,0.17946604825970186,0.17955727258847845,0.18486423587764253,0.1770067792948442,0.16620114063025798,0.17497995479601175,0.18380757272329892,0.18040696483185056,0.18535717422432654,0.18889345054509782,0.17808699262748406,0.17511925460918823,0.19137186972610787,0.19111817955243618,0.1965818555104611,0.20092082372979023,0.20234721436202846,0.20715522890068194,0.20788234155251045,0.19966172687137962,0.22399555488780512,0.2073393821268181,0.20913754227141487,0.21399513493079578,0.21961125814089016,0.21964276386645704,0.22190306454252354,0.22677814576703365,0.22821322065970423,0.22425993916223436,0.21529126025285988,0.22563641974510806,0.22358280480758755,0.23099064949460893,0.23092130332432018,0.24078991864924196,0.2309755447207081,0.23472346087930998,0.2289585151907867,0.23445122162311863,0.2402652707211649,0.23626739883756556,0.22946682151200035,0.23120381716992236,0.2245777363434215,0.23069708129379807,0.2210781898519572,0.22977501334554548,0.2363522276830306,0.2264886274999497,0.22648445546367638,0.21496383430750018,0.2085111098866248,0.20961545493574793,0.20437812003895517,0.20614082034294134,0.20016380125813155,0.18894438926596294,0.2095340464411209,0.2018630728535186,0.1964077271630008,0.18829461504625392,0.1902058631241394,0.19337507716068236,0.17226898702939428,0.1777936721722918,0.18899951947702182,0.19658072389759307,0.2009018472442051,0.1936459418030142,0.20816983596886673,0.20650415767599603,0.20674551641363142,0.2020159266689668,0.19584609657033283,0.19848711073554087,0.1926907645891067,0.1994998081125701,0.19681851467284636,0.2011768390024198,0.2011655365862358,0.20695822931266494,0.22174401152743134,0.21059763995906555,0.21267977882472705,0.22365035918959694,0.20745084110201303,0.21803193043024718,0.22224940143692554,0.22248462292862733,0.2201283610039017,0.23388577031615757,0.22065562344965645,0.22240733182996608,0.23412699983595658,0.24950077559274894,0.24277871029336182,0.2349651756727885,0.22920917606057983,0.23129982277045186,0.2353398650055498,0.2432791557446765,0.23392804967532466,0.22405100689923194,0.22397600810223223,0.22450773065111793,0.2275618207746385,0.2245432995013995,0.22578979018265113,0.2231814012586989,0.21941201204355737,0.20920400769501016,0.21842014948674499,0.21947542566650732,0.21593448239948038,0.21607852171677472,0.23030459339645037,0.23403203015134216,0.23002137753937738,0.22721510531467007,0.22228850243542253,0.22944690294508083,0.24050637914166034,0.23303180547805644,0.2369913527893197,0.23144382598651073,0.22861756774796632,0.22382649811835037,0.21188274953432398,0.20582261895197815,0.2090406754455562,0.20581247722623275,0.20373642910707845,0.196747879346977,0.19931193983190768,0.2055496776303508,0.20123630294744507,0.18715451125387197,0.18125362456352853,0.18935518428223713,0.18757782680244514,0.18678590458986088,0.18519970902148297,0.1862004816292169,0.18597060332082996,0.18330018361381262,0.19026657478597725,0.18496220749157558,0.190397437915088,0.190430189682491,0.19256187230890234,0.19336697355170823,0.1808862685830811,0.17784644973830743,0.17561948529884722,0.17786250312088958,0.18096725547887907,0.1819853381586657,0.1732475493209268,0.17752511391474213,0.17407070970990812,0.1796809768498003,0.1691984966660293,0.17005123877802414,0.17127228822167603,0.17769687896311098,0.17897035518589882,0.18327203408867299,0.1658123215760942,0.1734823514021504,0.1629749663342527,0.15784033718398063,0.1658014025420038,0.15082557858592655,0.15762968221174561,0.15930914250348302,0.15020694041256977,0.16174337461779215,0.15170398880828467,0.1648262203945936,0.16877429401291566,0.16399469520646187,0.15849158186015402,0.15920672181712206,0.16152327066477934,0.15456707909599154,0.16132712710201302,0.1516875720634937,0.14896937647822014,0.1591007767748992,0.1614521378306993,0.16653422488037722,0.17056617092497567,0.16644045716230976,0.17369219359624102,0.1744445476865684
229,0.19886684785779407,0.2130098565990782,0.20754830932767407,0.21352822996239104,0.21471525445326395,0.21016326169478056,0.21231442408691437,0.203216997293528,0.20364085416343888,0.20840176846568967,0.18360220811765182,0.1810065955267317,0.17716666089851793,0.18267373139295598,0.20106559806180216,0.18012375830718613,0.18014636361583872,0.18008112702405665,0.20194879214498165,0.1872448579074941,0.18579037016085287,0.17900311969518853,0.1798389672912671,0.1748495021186649,0.17217183175586356,0.16959416266190977,0.17999295211245545,0.17590978588912537,0.17972098906663556,0.18564266742714752,0.18910752033581152,0.18477984565033378,0.1933797079468569,0.19345074207076968,0.18407961612722712,0.19458739317374307,0.19959951514918345,0.19602226812419404,0.1947542303653837,0.20200772143329324,0.19229650899249048,0.19028988339844385,0.20076801262888308,0.19463274152502846,0.17883486862391126,0.18570414607069263,0.1844779228540769,0.1997295460810619,0.18639630545928237,0.18407970089904263,0.17763048434747897,0.18568434926456884,0.18049629845598744,0.17349653273635257,0.18096871390852262,0.18622024770537213,0.1789841608831642,0.17500985299269264,0.17720256337129672,0.19125751116473916,0.18485921309140024,0.1826919452253251,0.20394582065687986,0.18559291797869357,0.1834890702167649,0.17842384742480635,0.19186974572224508,0.181312898222212,0.17647516637235436,0.18716619007023427,0.18110531667362362,0.1863902968491695,0.1891593443382917,0.20351328289625503,0.2003861309463144,0.20431732781884407,0.1960523534402237,0.21039654314507936,0.20055233372039327,0.20633091304508897,0.20654424565977528,0.21374413165049147,0.21260765628897987,0.21431664399785405,0.20977030033582592,0.22009658290737338,0.2083258200260057,0.21283958330669206,0.21009953925209837,0.22172195537595724,0.2014997909918315,0.216347210529762,0.21503621147175028,0.2165602280006311,0.22993580302413635,0.23656800094450367,0.23950627704143723,0.22935731719394986,0.22636469864818703,0.23644509004339653,0.24601653646140786,0.24571484759290618,0.2463192763480939,0.23402189945173416,0.22249164140926087,0.22049411367232502,0.2264647436316955,0.23445456867911513,0.2292158261048097,0.23836917863368892,0.22382871426142087,0.2256806894966089,0.21668213195565594,0.21458581008995575,0.21328769458644875,0.20640670453220977,0.1933502776258855,0.20525275729808293,0.20274494274100507,0.19705348953372,0.19774550489482592,0.18234518506815056,0.19278129797439453,0.1890481796998611,0.18397317353810977,0.18089543194773527,0.19037223122140928,0.1901295848879239,0.20044675503667733,0.19993543872310177,0.19999848229640765,0.20329369989987978,0.20682103159574688,0.192283093254519,0.20410792612255318,0.1947093020420913,0.1905254078604216,0.19977978619053027,0.20652869459281176,0.19265611575919042,0.19210726983634427,0.20198265659554923,0.2018970205558046,0.22025658431108586,0.21110780977339866,0.2184713538615304,0.21980699043339388,0.21116746189614974,0.22004352827355042,0.2228990923360558,0.2262244286306767,0.2135820250986449,0.22220611175922492,0.2210515680696472,0.22382500352262236,0.23041863524623513,0.23636082653308169,0.24071114571579827,0.22039355995788562,0.20867748791885876,0.22483550804342006,0.22543388734454417,0.22672838785589075,0.22698658971954566,0.2253789233990987,0.23126547342594825,0.21757896172769203,0.2366274371383474,0.21762706247487426,0.22928645514489918,0.21609494113362376,0.22250311735819583,0.22619833299594402,0.21789421496838612,0.21974337981495778,0.21319072180726792,0.21683875246694706,0.22153283230256993,0.22497766240678752,0.23171428045309328,0.22176453797252804,0.2279132635786271,0.2389238476243134,0.22435636758427255,0.2321876414417886,0.2378000272229595,0.22818284991595822,0.2236941362620403,0.22294688048630915,0.22216462094156667,0.20913450848439993,0.20225320389407928,0.1869832482411195,0.20300548394208517,0.2002076739740513,0.19222948392405897,0.19397144450555365,0.19181700248078584,0.17896124812978692,0.17999763544808223,0.2002159305684304,0.18991518898007764,0.1899829819389121,0.19537544040858418,0.18949833567433788,0.1889016711512723,0.18079016453124933,0.18893925562140232,0.18903755868992583,0.1828895115383337,0.19915675435891886,0.1856525847185323,0.1857708208145919,0.18187139585391593,0.16954605927031388,0.18039275862954984,0.1749378561594965,0.18154007059819854,0.17651166029323348,0.18156456772245402,0.18427435510605356,0.17743087733901902,0.18643897216122995,0.1681923737718481,0.17216334814260645,0.1655980810976474,0.16658201075425416,0.17667988178348584,0.1649625646850573,0.16550316369582616,0.15659503925281418,0.1664254347023247,0.16562595674207514,0.15573707009881466,0.15469027089544554,0.16074478791466243,0.1510156652038852,0.15701747891025641,0.15367350612684072,0.14892924916778671,0.15929546059848118,0.1637047194930994,0.1679521238063764,0.15601990172186497,0.15918949315924952,0.15361619371225682,0.1501771990308758,0.154829246416284,0.1539369934208637,0.15403343484165044,0.15605008156481331,0.15774005938843877,0.15811315329014558,0.16787154984658345,0.165244875416015,0.16678838367131157
230,0.19557215893768065,0.202602546648603,0.22974734430958277,0.21400745383555056,0.21813999558012598,0.21056883774100976,0.20093866381580935,0.19980369019789973,0.19864640050587762,0.20055144708783026,0.1986103514902774,0.18400617601966104,0.18072057511963838,0.17278426901473146,0.17821374639514762,0.17872898951945718,0.17248804505145965,0.1783586185797126,0.18006470754875423,0.1889322079636903,0.18465624504242467,0.1727551488136017,0.17097790840625252,0.17403219587829794,0.17074846180094166,0.17531957128987216,0.17651771625057255,0.1727911917517994,0.17154521161920364,0.17183202176216517,0.18826067001590116,0.1824277492736093,0.18581372940746452,0.18847137544300963,0.1846633883174353,0.18476793283745538,0.1859779687326704,0.1919197635949318,0.20110582497530544,0.1899233665891471,0.19210386382285297,0.1911979361255019,0.19554808172727,0.19979246492727257,0.19105332484951526,0.174330670291822,0.18547278788587443,0.18130029051160126,0.186040115301117,0.1801299796688362,0.1904482121337945,0.1730933566877186,0.18737200325590664,0.1747584563861938,0.17651137579028034,0.18796708222083278,0.17672838143806,0.18042648980057324,0.17815638837370545,0.17759335018459868,0.18969767148003286,0.18267373139295598,0.19368224034610929,0.19308716230185982,0.1943080529596431,0.19513938862314964,0.18492601028009772,0.1966799820580445,0.18500935965902005,0.19636220940571233,0.17883293325662145,0.17873326957325625,0.19010909744097565,0.18443965449587174,0.1972717194635389,0.1958887838572208,0.20046605780762983,0.20151925085064396,0.2015557071837731,0.19850922781692593,0.2111039210596488,0.22131787925445423,0.22230124757176828,0.20903581402925978,0.19640446649997806,0.20331309425114472,0.2016701493878939,0.21215432999979203,0.2204268528273886,0.22373884922136741,0.2155608066002567,0.22613886078367273,0.21090496317221263,0.21104841747994388,0.21651415779393504,0.22605655246866446,0.22988847535586635,0.24168995452844136,0.23833454774803964,0.23644786667789197,0.23754697262392135,0.2452132311363292,0.24597547052353633,0.23544973175899508,0.24350624293718806,0.23094863514155328,0.22893236773932807,0.23152692298865757,0.2298860933482133,0.2248421865098766,0.22847022005937498,0.22264810340009492,0.21701437379903812,0.21691695532921604,0.21746376359755734,0.201863295960955,0.19779614816664903,0.20012839388991194,0.20575211112631095,0.20236591732254391,0.196731806544041,0.19517396275479054,0.1877201964362744,0.18090751163766608,0.18273102906773728,0.17399369056802497,0.18968229691802854,0.1827598529722664,0.1964659171654984,0.20422607934232187,0.20994793143547907,0.19611720265564753,0.20084852190653973,0.19774030514196406,0.1926275939341151,0.19352429766605508,0.19152025001462583,0.19503700532636198,0.1930506196713337,0.19151319427783506,0.1982146135137337,0.1864912672107304,0.19621992256958454,0.21233011745897573,0.22107681541759994,0.2231305315343571,0.21721774457647172,0.2457642450944115,0.22664623027953767,0.227216831822207,0.22643773390754948,0.2305090601555555,0.22432201633907387,0.22149228320736805,0.23242604914940468,0.21067635701829923,0.22823250660377975,0.23225223394632527,0.22083474292164573,0.21952298527413447,0.21060025853787165,0.21529889457549115,0.22582556215014118,0.21765542685651842,0.22729066537289946,0.22910860447700188,0.21717878542432217,0.21620279297257258,0.22683193627114762,0.22883797710000947,0.20601061566041654,0.21487510405214968,0.2135869430631361,0.21266738943941074,0.21721224286040042,0.20191220427310502,0.21228489826964334,0.22216385361347524,0.22645561836455058,0.2205859769017189,0.22624833924995905,0.22682363185578774,0.2182658042350825,0.23918079220188015,0.22694222056741908,0.23724381549635054,0.2281763874592,0.22854851300304357,0.22556805771052893,0.22796459378902584,0.21486659420742782,0.21305733970806337,0.19911741064426577,0.21657872864472327,0.20548522487352916,0.19699493499077933,0.19178123014421777,0.18424745598143305,0.1925473739985702,0.1921801375999051,0.1934932859621476,0.19275089354126854,0.1957650411433513,0.19185901036966846,0.19340847473712997,0.1898516605160787,0.1916855608974771,0.19336755236965855,0.1967348642619473,0.1917080722072918,0.19403492183080406,0.19284358655171122,0.1838634479144111,0.1727176021385685,0.1744170352274239,0.17169798562027838,0.16867829402243845,0.18113484341682012,0.18585647673097042,0.18457267225146695,0.17415377789920194,0.17276043941423627,0.18081456046273756,0.1843352957207541,0.17362045898806164,0.17475403008386772,0.1648841842651593,0.16669600816808997,0.17132336662449088,0.16918501725279328,0.1670848988161384,0.16013125228350955,0.16113099911262949,0.16993162091276937,0.16467819570182268,0.1516449666758767,0.15446888083924917,0.15432809664821281,0.15260578597588312,0.151731936289718,0.16011971189376006,0.15913371442648006,0.15495300395827508,0.15761951977816602,0.16582404315766766,0.15566249960349524,0.1520607051128717,0.1536137177317071,0.1544486085383071,0.14950303183823185,0.1595103617640489,0.1613304703615962,0.16150367161327567,0.15731024230413582,0.16620887119387026,0.1692609990748347
231,0.20984175026700208,0.20510450523784823,0.20768039445857842,0.22010246176277065,0.20563346802927027,0.20435906170810073,0.2118623572127698,0.215147795268671,0.2010875301775204,0.19685640965159076,0.1981005767749509,0.1903199434557965,0.1899938748055321,0.17790231520881408,0.17335377363775273,0.17802815867278737,0.17436439209392812,0.190267757673097,0.18204179115999242,0.17961330324815641,0.18947254996873925,0.17112639442143493,0.17569819504799258,0.17021749698067393,0.17076654825046184,0.1746250727289593,0.16680800949708371,0.17469046465549995,0.16575811526727122,0.1765913391627593,0.1726808190856243,0.17415650474702138,0.17769626522089405,0.173246432356299,0.1773353841271733,0.19131089348051122,0.1902830044319968,0.1982141434160964,0.18453391684217174,0.18987959643086255,0.20743135295029771,0.19189095312216994,0.1958766554822363,0.19410485580080966,0.18897388867277085,0.1882943982641919,0.18181805182442368,0.183484760775554,0.1935853553403199,0.18713089727624282,0.17624779811338356,0.18727128909730875,0.19614892395746156,0.1788301743649928,0.18779291357515868,0.19107365007463376,0.1853911933588593,0.17972400999897803,0.1792867934834532,0.1907816497715099,0.19562212849493174,0.1943201334274665,0.1943261739430242,0.18842234305631722,0.18379191378499868,0.19786220290524997,0.18638222844884833,0.1870929401741611,0.19079197338891205,0.18729940597455502,0.1835867780367445,0.1834352517131613,0.18244039337979426,0.18879157082747694,0.18575469522178628,0.20022113087633325,0.20472100269579574,0.21840088807953734,0.21109347049638488,0.20986107829651915,0.2135751893160973,0.21754169096116166,0.2163905546050492,0.21386292383429023,0.19245513356767588,0.21049059706005877,0.2039323810731231,0.20742323342741473,0.2036437848119961,0.2061010004855621,0.20951185399773817,0.2023306701595689,0.2134389619148495,0.2096306591959212,0.20618401863554375,0.2172346007013347,0.21565697047697596,0.23780391489380232,0.2255473350155522,0.2392706889010679,0.2292079621844406,0.24709274837058182,0.24348504963216744,0.26199077525639725,0.23510777962596177,0.24397813096551155,0.23291807921890462,0.23538582176965225,0.23341711664299622,0.2306379132404945,0.22531115817680958,0.21370387642228345,0.21326407335607173,0.22063840026582643,0.2208675430130326,0.22069261465377893,0.21493883964844396,0.2214698441315815,0.2154245527671194,0.2086427508286481,0.1921616857720669,0.1826016089936709,0.1794963823342075,0.18283831067723136,0.18157828086632805,0.1842687119042687,0.18465900877676833,0.19001378105468597,0.19337129246587426,0.19546133469680055,0.1988589536833302,0.20614509229822545,0.2133934083075414,0.19149440964598505,0.18953071457463708,0.19611940636157948,0.1942611252316928,0.18953599521643577,0.1980434393669638,0.18559945644920697,0.186406348854343,0.20345177819680682,0.2025209332405286,0.20820976788412227,0.21214626984684473,0.21631059902506708,0.22375976641527465,0.23113430056283096,0.2321159583847426,0.23191930452754458,0.2307055275230101,0.22879556405829138,0.22738714037066338,0.22400210524766506,0.21923121966119746,0.22119876607953315,0.22049792150364864,0.22758550592377746,0.22106744912951037,0.22884682950899748,0.20888194367349516,0.21943611211433142,0.21696775735055937,0.20934625683526023,0.20967748559087912,0.22116912511896142,0.23020062584019427,0.2202216944992398,0.22004266693802454,0.21631313921514195,0.2043044376753615,0.21610021551408579,0.21856715536752663,0.20843411372860943,0.21444538283509143,0.2005034270133817,0.2030138559185653,0.23072242090913983,0.222287325210698,0.23194205463686898,0.2161233048833537,0.21997908942053382,0.21478072301128787,0.22751037171072705,0.22314065317152212,0.24536482314482214,0.22730029532909768,0.22490478736143657,0.23462311691709006,0.2332727987751566,0.21747583149696184,0.21222038594054488,0.20503174125217194,0.20714692939671198,0.21278744504857744,0.20450244277135232,0.18629238380938504,0.1875776972283176,0.1938364288640299,0.19031564887117697,0.17982439175466808,0.20894803919342375,0.20031879081270026,0.20795046699572092,0.19762271888282334,0.19440059955091912,0.19198411670874946,0.18952888165898824,0.19972566185178126,0.20068201360247265,0.20254932489446675,0.1943659565464416,0.18725783588850523,0.17341126246943572,0.18534082847957734,0.1839448783066034,0.17394121526127193,0.1703675194012547,0.18020788930568254,0.1828659725200148,0.17273967573113597,0.1818961471029548,0.1803901833559354,0.18320473753431582,0.17358656130290329,0.1756135005944504,0.17136289874505484,0.1675990682944183,0.16784518998874068,0.15913983374007398,0.15883876438293398,0.15500938742541454,0.15276434419164175,0.17214634253197428,0.16147916684761476,0.1518867886872352,0.15620718281604612,0.15676026898039547,0.14914441671404097,0.15418282545197276,0.1470604870570774,0.15507471797048517,0.1612110846572827,0.14970420524407357,0.16150471286928308,0.16121984526818323,0.1528213387910806,0.15825848356659022,0.15721211124491472,0.1494352312567441,0.15040282720307455,0.14573907206435774,0.15611081822345946,0.15890303786120635,0.16218332505298713,0.16220315597743928
232,0.20606787850394553,0.20991926640998246,0.2014993641395018,0.21616506110557726,0.21161780238500622,0.2057532481576381,0.2052313963500381,0.20863631333094515,0.19187730058969624,0.2140218432141749,0.204330171726836,0.19012227394303932,0.1957929861012993,0.1845600078563143,0.1909167795820573,0.18335750890380936,0.18987518062153522,0.17577524016804563,0.18419549324317416,0.1785764560925944,0.18053607653236914,0.1851345181140416,0.16745175361972695,0.17532590930966546,0.16458001592077978,0.1651279920774334,0.16509795733025337,0.18060709200108999,0.16701554689940057,0.17613310856176534,0.17979801800550108,0.17714324661453656,0.173988762823885,0.17329889757567982,0.17364688618484647,0.17712954212807425,0.19425642860937187,0.19049628034314744,0.1886842283170829,0.18133678013003734,0.1821824339774006,0.19035088485793222,0.20042210539605226,0.2014571427055648,0.19620977511045806,0.182535609372391,0.17999369812236052,0.17474256245844424,0.18791861372829227,0.18790122004965185,0.18426408715346376,0.18801474066481827,0.19071308877139717,0.18681055039786879,0.18065596253757865,0.1883595308204895,0.18786963862994463,0.18498422737837722,0.18380211310414143,0.18705188968465655,0.19468993494473577,0.19443256252635016,0.19135895911620135,0.19418071683932653,0.1931070813922732,0.19477445597780838,0.19579221518349801,0.18858072454285016,0.19369334531345536,0.17840708609961836,0.18012848652244323,0.18272114162227457,0.18732869168832697,0.19784839887166383,0.19988107707176214,0.20461647563581256,0.19679261648964255,0.20357673744115917,0.2105965246483501,0.21064036565523914,0.2038091604492885,0.21142045347086993,0.20605872107309856,0.20635946819937567,0.20779060137944055,0.21396478417563858,0.20345885682657391,0.19713770665161037,0.2007961539152637,0.21154160739090494,0.20884587415435005,0.22513296964265275,0.2112785462756009,0.19913402086521276,0.20190167875794107,0.20950900774572795,0.2160086287678158,0.2150710225731426,0.2322106852158826,0.2146404647398739,0.2190479030377702,0.23405676598914132,0.23883188150425863,0.24569657359961525,0.23866624483871082,0.243739883939718,0.23779674191686684,0.23887676006783926,0.24583023708678822,0.2338252460404235,0.22998245201441633,0.22926618270072185,0.2117503807930435,0.20465214456065667,0.20722268662715512,0.20824870048509025,0.2174609094620114,0.21058774784407486,0.2040330492056236,0.2071740232593535,0.19423478088495497,0.1905270310609028,0.18060650979355156,0.17551692435424887,0.17361602153249384,0.1781320229575167,0.1825342223752094,0.18974166183943902,0.1991038106161799,0.20176951961321013,0.18939329507844085,0.20527879986794287,0.1992384442993091,0.19747446686247722,0.19175129250274847,0.19080010088496274,0.1980384004998901,0.1902243023521533,0.19337917361971574,0.19582374864937496,0.19901668134962913,0.1972949731195391,0.2067284269556979,0.19110004969851274,0.19900605933218335,0.21235119044645126,0.2251368057452014,0.2346281412000158,0.22761317665344588,0.23152463062510764,0.2311945009445234,0.22106917982676882,0.22684682230487996,0.22657975350821477,0.2360998439324747,0.22174094804186079,0.23665419102181384,0.22300654022104716,0.22248918235435336,0.20857204532815773,0.2039578428379316,0.2088866572174833,0.2071475971605926,0.21539062675672044,0.21596372018090654,0.2153331532129818,0.21837735425332824,0.2257018402016153,0.21128093007452117,0.21255704313184307,0.21000358079413878,0.2165031901417434,0.20985281534605646,0.21646336229579585,0.19950526742211291,0.2119258823445367,0.21089374549552783,0.2188228650718053,0.21618083999021634,0.22544120650134628,0.22274455679930308,0.21354460309850787,0.21484220448497504,0.21659448785213398,0.22599690938247963,0.23508915772848146,0.24623903471102213,0.23151039715478616,0.23401052988031606,0.2206793519843164,0.23035678042723148,0.22153048586328916,0.2127714239205311,0.20679603139808655,0.2056163758027138,0.2022546429283046,0.2026815887899767,0.18668602129646206,0.19206427887521665,0.19343332627608142,0.19862128167293666,0.208905512457099,0.20499435410126954,0.2082984316458541,0.2103630214644886,0.20282265806259483,0.20563460440494963,0.20058995456531484,0.20249005577286774,0.20215653263126762,0.1954489672646296,0.20735217728569283,0.19029667497869643,0.19208334055234313,0.1838096888983653,0.18477193205328077,0.18765666765477493,0.17722973985215482,0.17977086164104925,0.18038187627227223,0.18516252735299643,0.1733693017277754,0.17751787889192505,0.17496234867932575,0.17646143230765118,0.16733045809122557,0.1708163351974992,0.17407215264132528,0.16729632464711883,0.16438935823192177,0.17083690702754925,0.15840248847633057,0.15486597104505337,0.15824354372317753,0.15740444775732676,0.16312792050693112,0.1566776323355275,0.14890627514794405,0.14891313269323186,0.15555715797512273,0.15714660393478888,0.14624128685664745,0.15342883944670818,0.15258329881313404,0.1476117741280824,0.1543615034994505,0.14748403129397855,0.15807565863060893,0.15818161307679518,0.15495871274306663,0.14915025492938633,0.15772189993833505,0.1563842458145948,0.16392130391113072,0.15161110044039164,0.15686425816776983
233,0.22093763457014076,0.19968090714730685,0.20904211945237294,0.19988934643218165,0.2146002877694871,0.20146943105526802,0.21840420715651004,0.20630274186548875,0.1977596614822681,0.19794658789495637,0.1958641039235764,0.19402035728690534,0.19045351833860535,0.19066044397829984,0.18242699317542732,0.186865703407389,0.18015055316810216,0.17901305326575606,0.1718908661581501,0.17824407401150263,0.18296200042203825,0.17732954510699356,0.17635699900280788,0.18328380825162452,0.16642991830480208,0.16320580427322495,0.16405021352770804,0.1740951209100656,0.1790789750274445,0.17529010452556734,0.1659883087719215,0.16441419105123067,0.16610706323743699,0.1622979372012733,0.16676495860526394,0.1697989889674443,0.17894385947282915,0.18018038061832273,0.1840749113526731,0.18857342973477054,0.18656574212032992,0.18395745813416667,0.18320106752394638,0.1935351261987551,0.19073759397346038,0.19338411620210585,0.19028896326750586,0.17617326372394057,0.18283182738034393,0.1907484861850582,0.18201928329898087,0.18839444802122968,0.1932732279157096,0.19661183204369415,0.1888833166393725,0.1894785270533801,0.18761929512067033,0.1833024627750419,0.19005898254576037,0.17006952549399457,0.19868479381781845,0.20021180453370238,0.19312669125386345,0.19921257355433342,0.2002374795324974,0.19853448790727427,0.20768508088890142,0.1948137023476779,0.18772598856475897,0.18831811570172,0.18213369569522178,0.1783608362973404,0.17981710442936724,0.19060658482734047,0.19283728130429123,0.19499806419019108,0.20686699222361324,0.20568565308893919,0.20916263289541331,0.2118783586772757,0.21238639824621633,0.2055937461762394,0.21305949828267723,0.2131170519831332,0.21308501036646676,0.21672070260347553,0.19875216586584313,0.20506616045182768,0.20670557974818257,0.20520668280610835,0.20240380846286332,0.19940611762599847,0.19850791598906467,0.21338589068580546,0.20570886122537654,0.19275093792380701,0.2111582723292681,0.20438329668265093,0.20295856332459886,0.21859131363727824,0.21869950496702847,0.2205023386703676,0.22896689776801094,0.238878300168191,0.24502494478425665,0.23889364671053587,0.2276847273707326,0.23970566615814815,0.23882517244358603,0.24133038181361297,0.24955110658537288,0.22750790957269496,0.20634298079788965,0.22922838782588087,0.21112701134758138,0.2086352564473192,0.2027023436282375,0.20595019144524013,0.20652693506570124,0.19595389480802472,0.1987942552432955,0.1970130162208878,0.18640952508335584,0.1902553158211582,0.18046280355247074,0.18028574961525132,0.18262477757479673,0.18865520852132053,0.1883912379711456,0.19224736679548046,0.19549616393413216,0.20586878433535627,0.2013222103766277,0.2001162518447659,0.1915803666126872,0.20229167946089596,0.2014276472309343,0.18318039872365638,0.18856730752436207,0.20225488975397388,0.19573198478066486,0.1978646130151448,0.1937851529195464,0.20972050750643526,0.20229622565952193,0.2032949965439037,0.2207790193629703,0.22130045150953107,0.23587944648988934,0.2192500494552768,0.2198688981516119,0.22352067485671687,0.22608674432265718,0.22271732409565187,0.233044522665857,0.21856594752412703,0.22807001966083074,0.22048705666547525,0.21622768567189216,0.21999033446463995,0.2088487594866605,0.20484468499097921,0.2169517711643599,0.21336874363771885,0.21171986090597486,0.21839973144335298,0.20638807482815616,0.2187059508120332,0.2089832601924433,0.20520195780201908,0.209363080622435,0.20867551788769895,0.2096353413647891,0.21201583566044502,0.2053965762128423,0.21300701187281515,0.21385967377095555,0.21883465567289476,0.21732900916760492,0.20372792413058102,0.2160626010494643,0.2058134250298992,0.21388981261638698,0.217486047171686,0.23443966924854248,0.2226375939909552,0.23097357691795992,0.2354464789232099,0.22535183562044514,0.22770035095783112,0.22873867443666154,0.21849635682162105,0.2124392208913825,0.2106800923232536,0.20201732680199133,0.20561225683591489,0.20049078210095286,0.1859217506193697,0.19242265382993473,0.1939225440551769,0.19339391268466352,0.210593324224308,0.21037547036688944,0.22285321303339384,0.22646443075930595,0.2156862700101384,0.21657837956133813,0.20970708333515597,0.21765161799677157,0.20992574349335183,0.20740498954133346,0.19650879837277008,0.19327945840888142,0.19175791547213764,0.18169095179840258,0.19615953800995142,0.1819731026975767,0.18898285253161748,0.19170957305527422,0.18721437828014081,0.16908893937668168,0.17420014011926596,0.16773677933509407,0.17981217737107902,0.17798762170766966,0.1758985664380821,0.17245011963913248,0.17068977267405974,0.16309122695923356,0.16101557971954442,0.15985889255202937,0.15564386255940688,0.16081149891891253,0.15759992264928402,0.15800142360543898,0.1527720829514877,0.15407564696042342,0.15437074496899741,0.14441057592358994,0.14650518662534945,0.15117953319026747,0.15386930777779073,0.15693868163742172,0.14967249558907983,0.15228565654184748,0.1453409518174403,0.15100732000040565,0.15776875558117492,0.15215141653156786,0.15500938742541454,0.15966274808728517,0.15155455719840435,0.15410757977497974,0.15548482171322844,0.16408942758177084,0.15811315329014558
234,0.21365570806545697,0.2152164681264735,0.20625135006294945,0.1999270187630849,0.20031504087666915,0.21088786980776586,0.21979307245581284,0.20215094691701563,0.2107701477656198,0.20228273641751499,0.20717760105887867,0.1923839777469733,0.21030771268258527,0.19486529531781344,0.20146975114687327,0.18773593069446678,0.19264484846833546,0.19729341491626073,0.17379320807501814,0.17749278341461916,0.18722256892300201,0.18397829933754656,0.17768775488064711,0.16859709994048025,0.1787159442185535,0.16601590606506572,0.16892378348115164,0.17297749359977138,0.16922479630047219,0.17812168712104448,0.16356572387568963,0.17010316722262195,0.1615951418016004,0.1677850261756201,0.16199492159944948,0.16600971347540586,0.17591991236185336,0.18504736274321487,0.1803979508252325,0.1946120377059231,0.1874795921202086,0.18663371460888536,0.1895819124515764,0.18876088289073756,0.1880953243297519,0.18956196414936824,0.18122299352305615,0.1722378913784946,0.17086778908994,0.170883448624908,0.17081208740352802,0.17876837811333715,0.18499777282748095,0.1944265187037655,0.19599076587070693,0.17918827968535436,0.1847973759001423,0.19417830241916767,0.18391120926393903,0.19045307980367804,0.19711935526370894,0.20203037967177456,0.20769894951650233,0.20851504686329356,0.22196842475942363,0.21417077094514056,0.20124728496705235,0.18602679337171546,0.2049745775453398,0.19388512902429647,0.1889195054421444,0.17630665264298842,0.17050872228300148,0.17761064850377928,0.1882742386232936,0.20403354249985037,0.185370960398503,0.20202515563157805,0.21688449222501677,0.21719088751923765,0.20089890054459222,0.20988287278501208,0.21321482585790685,0.21013974455729242,0.20535675826431224,0.21616147741846287,0.21158355021710787,0.21123856084227324,0.21553410478021404,0.23111296007163126,0.2162361498425288,0.2105617590110601,0.2050848597227883,0.20028535751357396,0.20563578813629343,0.20435030958871891,0.206320746273606,0.20604956404919775,0.20507229891339407,0.20686551560944044,0.22292721988878275,0.22214676846113238,0.21158895808554468,0.21818003144001477,0.23068374856760776,0.2253832826561104,0.22903043608207493,0.22811650022707397,0.23279567097846868,0.23845382869260176,0.22811875884616276,0.22583965411753537,0.2196246083299375,0.22487444267144138,0.2201672916229202,0.21861154824279058,0.1988154955458872,0.20201052624677232,0.1996553002956863,0.1980881883066368,0.20491502340704004,0.1966126922049755,0.1992814772894781,0.19080853627401045,0.1894335072299844,0.18707097079597104,0.17958815965340819,0.1822704223881214,0.19732489028293637,0.19705460571865296,0.19400574916476282,0.1976489993706567,0.19783594417745726,0.19181227661681885,0.19013777172872423,0.1920058672812059,0.1897570412132243,0.17740162759218342,0.17933960133328417,0.19049483285679206,0.20438254370814649,0.19891581797140892,0.19810248802516328,0.1922297494990889,0.20168995078461222,0.20094602516354387,0.20695165317986114,0.22126667005325504,0.2222206942193915,0.22999918653485982,0.22152344669456428,0.22140157192848922,0.21703316310912338,0.22127207066372423,0.22411493559532666,0.21574786166533266,0.2248932911097502,0.21515250158315374,0.21323520106049532,0.2220993563740211,0.21288193053905125,0.206130900254939,0.21857007434996598,0.21578924722577417,0.21600445083093225,0.2216726433079469,0.21407729078985563,0.22651637349607337,0.20299186794723734,0.19876142421502896,0.19758703307278747,0.21179056064211343,0.21384396582776777,0.21599689096007485,0.21333209582860274,0.21591026975082372,0.208670520818909,0.21891282225793618,0.2237780576823856,0.22642032007934534,0.22221629379726315,0.2227757425906122,0.20950466607985213,0.220923187175739,0.22353158624095992,0.23348307264201462,0.22750754287356573,0.2347735678645618,0.240371569948342,0.22983226655678854,0.2338883553315062,0.22754453007651007,0.21082849084635108,0.21087898374802927,0.210043767736422,0.20743823091243632,0.2063755767600413,0.19218341221009133,0.19176692307761156,0.1989377125608323,0.20169107465576677,0.20058669375121854,0.2119362765175669,0.22201647347062048,0.21998182464862778,0.2136474432897794,0.22848984339223613,0.20601920170053897,0.219916846849583,0.20916735277331894,0.21289903846515837,0.20376839748335768,0.18955738113796566,0.19177076468511806,0.1873671711904206,0.18876466427916996,0.19278440526683674,0.1939364314226601,0.1951638019799863,0.1750560803384141,0.17751137988554902,0.17308132052828837,0.1698761461796638,0.1638084119320844,0.17410349927021476,0.17437671823728115,0.1705952363922247,0.16347573550365632,0.17583887641122395,0.16906842231546873,0.15843896619668807,0.15865968948958406,0.16104090407745658,0.16725611313650585,0.15774441796756627,0.15564063714368787,0.1542819075968617,0.15412674264036547,0.15934069239284773,0.1478955136326393,0.15611153714200066,0.15901957924150184,0.15617301692159735,0.16662984870790182,0.15759193933237456,0.15025571519078276,0.15347123925921444,0.14923785558880834,0.1573341506552209,0.15776149022877228,0.15456565548713874,0.15530126740638853,0.15224183151374984,0.14610766493578983,0.15587698607611264,0.15661883890579167
235,0.21994753545217288,0.22842229991515095,0.2095446610493499,0.20518348408034476,0.20987475395271957,0.20271103450207328,0.2206063961496291,0.20785242703128776,0.204287408878712,0.20438494382405084,0.19524996738329028,0.19291606729621813,0.2003507488351995,0.2065194691309319,0.19312513484289384,0.19897057270806742,0.1921720840662721,0.19573106086926717,0.1821789522390508,0.17653031655919782,0.17315705864347816,0.1778533295819859,0.18096729714813437,0.17551854093230781,0.17523356642996482,0.16504603671982124,0.16680182576856425,0.17176888637062104,0.16371572662929568,0.1737147117372236,0.1650029086619612,0.16621974051522082,0.16416996288399036,0.16803726334372995,0.15330347524086593,0.1705107638716031,0.16920434067599388,0.1785327522116622,0.18833828004079767,0.18789758575299348,0.19932260800805132,0.18341531668343747,0.18289898695369947,0.18677085203103339,0.197454611034766,0.175000222153317,0.17050471769943826,0.1694076039617189,0.17382718613898687,0.17399084608080134,0.17723471857808015,0.17587928847511589,0.19007084260694873,0.18219871093808332,0.1964448735985979,0.18464042877393635,0.18851660068597387,0.1874762681542772,0.1818739085174624,0.19157180887995853,0.19910269290976634,0.19882726566479697,0.2038986263602737,0.2031550582196339,0.21128200036033606,0.20516246102421343,0.21355994483371868,0.20423294507744458,0.2074158783692835,0.19889194279061834,0.19402723733397662,0.18570491575156484,0.18154015420050987,0.1774019952266732,0.17922364267397894,0.1859083943588118,0.19205233864905447,0.20024012605640207,0.2056570964657355,0.2113665700746914,0.21044959775906255,0.21514848882433754,0.20735938684611635,0.21260604078929152,0.21312298977962835,0.22131130547016672,0.20938260562331268,0.2064570416563578,0.21765913554716024,0.2216459499427706,0.23249954108364193,0.21461377809055082,0.209425325925035,0.1885274094761401,0.1944498891923552,0.18476920917352713,0.20197901968506554,0.19361321651713384,0.19116685703577982,0.2081510950579521,0.20992419670901008,0.21447214731296596,0.22059964031858686,0.2107793204413961,0.22782564054952711,0.22107895343029235,0.22214804724440673,0.21448582712745023,0.2262880395839669,0.22091748987150323,0.22515277292829403,0.22941694909871843,0.2401698572840333,0.22148922319952874,0.2096346655813815,0.20215230609327503,0.20945971100740504,0.20442344365238174,0.2023762247251857,0.19926320713766332,0.201833689899832,0.20649483821575026,0.19950387293957061,0.19452857257154557,0.19021672497085318,0.18466598207495838,0.1863781085493514,0.17888519552578566,0.18992231703673657,0.19432944037410113,0.19220483130674368,0.2050988852949864,0.1853833816377759,0.1883031564581375,0.1923778647134825,0.18516870956709147,0.19127895919926816,0.1868841200498949,0.18661330307470625,0.19069969568167838,0.20869348910481347,0.19530937038731752,0.19384772121219787,0.2016154409552534,0.19983717101256848,0.2046657164052031,0.19106370716189663,0.20385830081920642,0.21718113577841913,0.2172584616066822,0.22801016034602387,0.22667837988896533,0.21652298217197313,0.20886953505607403,0.21621772824825766,0.2127860241658444,0.21431077163882317,0.20822712363706472,0.2014962648475309,0.20444123697645336,0.20817184915939804,0.2136467053789266,0.218338639587544,0.2203089293933917,0.21903958098466259,0.22083591245355294,0.22071212899583414,0.2213423925282099,0.21313535663066388,0.21077043895554112,0.20122044263264932,0.21140312361755248,0.20561793819101568,0.2108641744805199,0.2105996766286565,0.22169081500913693,0.2173343136688291,0.23349355636290395,0.21322901464857733,0.22006455603955496,0.20882284101408471,0.2177191349033743,0.20786927436010577,0.2163554302906273,0.21750377551081537,0.21590176862294516,0.233210875852336,0.2474678014570196,0.251493636121982,0.2482181874693996,0.23433313352965682,0.21896827647461425,0.22289005942244897,0.22972110677249852,0.2097489039083944,0.2116874444386656,0.21329088684526715,0.21701242500094625,0.1948807310001177,0.19554284070012543,0.2062338265810227,0.20687742408850313,0.21009731391237488,0.21123588568802573,0.21237280343175902,0.21777037551270018,0.22134432924351807,0.21982020067455812,0.22595668781114195,0.21337572020734913,0.22048893512725365,0.2115469654768296,0.20139758567980157,0.19254263014017947,0.19010511402710745,0.18907303693652708,0.19579047048599824,0.18767844652892812,0.19586704442500297,0.1988733777307866,0.1899444025917217,0.18008266124343103,0.171193945021159,0.16441373675865986,0.1757471131660659,0.1767805578386069,0.17130309121155557,0.16407639296899676,0.15445821087551032,0.16641907355906052,0.17253567211690662,0.16049196706439364,0.1601655834073566,0.1671519317368038,0.17302732753115646,0.17919888372303008,0.1653955040730259,0.15991628788189388,0.15739212537709044,0.1583189861305413,0.15368376801286296,0.15919543133713482,0.15232318078724721,0.1581899905109833,0.1639987357018593,0.1529287011480002,0.1685350367203734,0.1531690433899272,0.14460822653746194,0.1467097577572304,0.15839957062153584,0.14624061339218394,0.15245441295547071,0.15635364132682228,0.153978470011639,0.15820747528108214
236,0.22395749438239446,0.22588703245494313,0.21277323664819603,0.20478158495543983,0.20977092825492216,0.20414350169601883,0.203854738096107,0.20027119996976203,0.2084248511448604,0.20395142309292313,0.19414593420377707,0.19655100554935015,0.18669285620272835,0.19912529077813076,0.1857068827282871,0.1853411698903148,0.18548431904998242,0.1888172203804592,0.18023581720070556,0.1769118402157122,0.1772094591107417,0.1785702472694975,0.1768073439075761,0.17631018453967515,0.17455234995963673,0.1749163877412302,0.16291763612259133,0.174433020040458,0.1634617333986993,0.16835941188645648,0.17722806670516877,0.16902910814979774,0.1684702421130081,0.17065542550702967,0.16245500654789857,0.15866239293564166,0.16728203381726867,0.17879311875226164,0.19483056950259572,0.18640853787124456,0.19012450659698904,0.1875768334030878,0.1773776921417331,0.1861982521818068,0.19312166631500038,0.1848327393041915,0.1742369659684911,0.1785181592247868,0.16691908677758174,0.17007876749458065,0.17323255068256638,0.16906495763055238,0.18121531570861601,0.18414210354442928,0.1838741169270483,0.18647834235707544,0.19885462667309767,0.18515847704878088,0.18648912016303054,0.1929574272762594,0.19568207727671968,0.21302246213638582,0.2094139940702364,0.21842527944298504,0.20381519558148176,0.20924577612363215,0.20768044227876192,0.2113598538661129,0.2000581092639585,0.204324525953546,0.20232878333984758,0.19018094453752715,0.1876431435546824,0.179726989598426,0.18177640076807572,0.1774091846764885,0.19215960618074418,0.19661785325169004,0.2027455216203102,0.22184712249484861,0.2018551108683053,0.2101788928530745,0.21550824985045428,0.21834603003908132,0.21570668271520677,0.2249619666389127,0.22190531273694158,0.2238364451648407,0.2205244766089453,0.21320427079566434,0.2252830410735705,0.21894710138878848,0.2105237997454752,0.20502735074099313,0.20329075088469925,0.2082355143678566,0.1945750720779926,0.20274044247761674,0.19969008093408616,0.20119784280147393,0.19762077130783853,0.2006482424753115,0.20621544989463345,0.20964644383265263,0.21557366237348013,0.21977723233913227,0.22725785331419304,0.22842082722690676,0.2247293522493972,0.22741174987954688,0.23509890156062604,0.2289099128360889,0.22356190415615493,0.23589264497881493,0.2221335718477119,0.22755836252990488,0.21578094960447522,0.20458726661631804,0.20265221268249525,0.20273311342429895,0.20675175275147517,0.2026421711835786,0.21226373410968644,0.20547358578166794,0.19527590086044205,0.18837202219348054,0.1844170624780864,0.18613043828980988,0.1884135359350425,0.19405181092230778,0.18752030469152126,0.1968353287911373,0.1935871829106356,0.18601891203628093,0.19843976771585484,0.19653786772413895,0.19398479937439359,0.19043422375700667,0.18664544687987883,0.1979618528525215,0.19767771849661037,0.20272277850891376,0.1969131456470479,0.2047030907533357,0.2004547722459883,0.20259802622097314,0.21180762963247524,0.20243621565198217,0.2170832925513838,0.2105648135023297,0.2127514359476311,0.2238900534393786,0.21884553986854502,0.21453092236894755,0.2188434738453384,0.20775084552762627,0.2184539490635153,0.21783542132122835,0.22040792196621625,0.1985596506278089,0.218126534733286,0.21078155300489695,0.2195799591750517,0.22448157459829363,0.2173919709380092,0.21679052644760313,0.21340598740419398,0.2160271817732013,0.21957368980544895,0.21051347484575766,0.19766985331949588,0.20641535460927543,0.19312384525473544,0.2040575321325938,0.2060457685109193,0.21238092109399062,0.21558145562855702,0.22091764247595166,0.21698604299514507,0.21907166045615817,0.2235166604248504,0.22403264173625242,0.2198001072506951,0.21498462415861955,0.21632798249079827,0.2164083929646875,0.2366404595266102,0.23464407915349203,0.24808145478416493,0.24547546987388483,0.24258659573693508,0.23654703023286977,0.23541238106625376,0.22045202882365073,0.22055829710850966,0.21691550687178357,0.21874145672270973,0.2098424750359828,0.2204149256878275,0.19884110136677755,0.20671924017080107,0.20396659223786756,0.20268996141029838,0.21041868394661112,0.204945175835606,0.21605354669324348,0.22250111927095878,0.22402031315960053,0.22206320314827524,0.22846574849008922,0.22888493039162822,0.20849128209753973,0.2062815566323536,0.20838329456654417,0.2071113502345625,0.1857845094188196,0.18834023154303028,0.1931896697149169,0.1869812246913209,0.17978551563307404,0.19510473525953326,0.1869402417581422,0.17641755547744442,0.17855260881085733,0.1801420082440092,0.1760564335818355,0.18021303468473227,0.1650267321956556,0.1742778927093352,0.1641790733057202,0.1645789548376248,0.16898353851636455,0.16190042917210234,0.16790568466862357,0.165935152958233,0.16665298618229882,0.16976075575901353,0.16741304667409362,0.1599535561749772,0.16598934072108387,0.16581312335169046,0.15912378478359349,0.15796286426869396,0.1583787824618282,0.15109635928467044,0.15996707360104986,0.1605339899919575,0.1538763938844403,0.15267186118425136,0.1457625643205952,0.15781671529925945,0.1546411248274786,0.1489988786604099,0.14814193055898403,0.15780000040934725,0.15929681773226828
237,0.22490349270913607,0.2258150067506035,0.21921491527472467,0.22128995475819374,0.20104496914800543,0.20737848623098376,0.20420327359136015,0.2080711176585813,0.20620229756127822,0.2092192784602604,0.1985573189189926,0.19967315996617702,0.1987600924140718,0.19890508683828861,0.2030375386551449,0.18807730800425707,0.1864008978847469,0.19498445997580455,0.19014306928414765,0.1848605326237216,0.18242363277697746,0.17261574222099438,0.16556578782571132,0.17350683989817983,0.1708111041329427,0.17089820452501636,0.17626687294649107,0.16888341411381616,0.1679858882099923,0.169059585562877,0.1722367412643713,0.17062481755324377,0.16519477242933073,0.1766860248792566,0.1708261291250228,0.16610786643823897,0.16830363658392516,0.17500904704439116,0.17483931648716727,0.19273868873099495,0.18588960304007296,0.19119459025844449,0.18107575304933604,0.1860150571568591,0.18505980491061716,0.18266616035725947,0.18672497071576544,0.18402583628022853,0.1760862318948803,0.17553587966818762,0.17077425523273548,0.17757899753919587,0.1763265052569654,0.1849642091911491,0.18393983814571266,0.1872857782492333,0.1964803621736858,0.2031189860894085,0.19242190061320072,0.18977272771082482,0.18955345293066775,0.2069391209836087,0.20700584102795022,0.20522374097620658,0.21904618816459986,0.20709442127795216,0.20385613219773066,0.20097715308857353,0.20727293638936545,0.20630331190181797,0.2118463081773047,0.19946202737989605,0.18613150974582518,0.18609945445015227,0.19415648457623494,0.18907099077084433,0.19196608151750383,0.1839330193243237,0.19807880624513707,0.20000880267074772,0.20959827303575926,0.20093238999503074,0.21450592865438078,0.21854833389964057,0.22799798037448032,0.22530602213401973,0.22307135226907204,0.21210025956513587,0.2118492349624295,0.2180760639550477,0.20886722655741788,0.21632379837712581,0.22293799963616423,0.20610489195604903,0.21294061302324765,0.20420783453780747,0.20806153585013615,0.19904243682585834,0.20342051055888755,0.20579409069878382,0.20005039811784467,0.19183480280796736,0.19838554276277562,0.21350615525884506,0.20868080337913963,0.21753953706632942,0.2198299696776654,0.22168392387970295,0.22605946736836569,0.20695613255197826,0.22674013454181105,0.23009045345999304,0.2378922533303353,0.2437991010893836,0.22639868500282512,0.228808313487878,0.21742085537136782,0.21133644614064462,0.217535780324054,0.2066519939159037,0.2074079027243788,0.20931911987904947,0.2119033877813444,0.21856640046461967,0.20384210243136702,0.19540383817674464,0.1917452437239074,0.18791130126425323,0.18650990462326802,0.1925364677323168,0.19162585252449796,0.19422082743231014,0.18413078301598856,0.2002788550646226,0.19984933477878136,0.19026526047558034,0.19182694042505305,0.19344918304826955,0.18382522236908355,0.18837362704797478,0.18585326713103875,0.1977932788999483,0.20601393618598504,0.20051163578428788,0.2040157329850299,0.1977033780816518,0.2076637537033413,0.19920541102166528,0.20726453672067321,0.20296750820570095,0.2190290906045783,0.21243286191457508,0.20519104345850117,0.2182430890006291,0.20651447614045434,0.22128450275857997,0.21257730652775986,0.2083454401861046,0.20574410470861915,0.20891498881958664,0.2009141664894272,0.20033214447600434,0.20900188352951682,0.217212692995572,0.22334796509270577,0.2128158156931369,0.2142111141218962,0.21731049447044087,0.21370569709407175,0.21603364834257432,0.19811821662690526,0.20381579628871077,0.1981730986067497,0.2068429866424001,0.208286729127927,0.2008762720721586,0.2148067874246244,0.22851604553639412,0.2377267209368709,0.2328181854044719,0.21832546811047604,0.2165867577178755,0.22227575802979016,0.22962554495646276,0.23554788010080574,0.23222501521233227,0.23949635054265064,0.2429359012988215,0.2652375453101032,0.258776002666502,0.24391027732955953,0.23756841489863847,0.24550571144298344,0.2439719514592893,0.24317207463079973,0.2293728971079029,0.22775173809996413,0.22496336522725152,0.21081989854688354,0.23002836894371956,0.20278928781407143,0.2124516948218595,0.21264212320677234,0.21125986600714575,0.21407122782221738,0.20397833853345837,0.21793345300267328,0.22151972316677998,0.22580289204793294,0.219556551071504,0.22938853089883235,0.22719616691143157,0.21476198035034536,0.20252485038053855,0.1950369693992212,0.18677283029809671,0.2007107112825164,0.19197801638091092,0.18734391861808045,0.18611488144340554,0.19335410643081094,0.18681214194924609,0.1791936847779007,0.17582211501355413,0.18318018782955003,0.17709797689867046,0.17027951322617516,0.17529184010180043,0.17544593085169688,0.16794643905895337,0.16108166129545118,0.1618337881259375,0.16156348033708504,0.16383013910258548,0.17148443228186028,0.16656620845052603,0.17573400226020705,0.16565879576983902,0.17199891210544013,0.1644258137963556,0.1632360210083797,0.16300116184748878,0.16098918433564627,0.15260578597588312,0.15975644949566237,0.16001489099273425,0.15327559122760595,0.16178371358700658,0.14904829074574566,0.15236843259158125,0.1548388724184026,0.15461335352223346,0.1576507350513925,0.14518742406418372,0.14425338069814397,0.15274746098537886
238,0.2346224686303559,0.2096005413519706,0.2199936270413004,0.21054134838929725,0.20043120154970814,0.2018329927921675,0.21096407221389965,0.20281208041631182,0.21723144945692566,0.21213620729782356,0.2045684714040648,0.20525332443319352,0.20699397281894513,0.20907947456159165,0.19785862196442183,0.19747974147337763,0.20099018965766785,0.18072278059295785,0.16949067137839294,0.18418976763390602,0.1788020525696821,0.192685662257517,0.17414968770752662,0.1622577315444741,0.17402482271399583,0.1727214598423164,0.17315071928861878,0.16904125174782142,0.17650170296271483,0.16832991340252842,0.17261462932976435,0.16415540993964942,0.17146397988323522,0.16273909629891906,0.16349835971822765,0.17114712181688008,0.17208107085956242,0.1776371922267382,0.17220957700862322,0.18391353837033605,0.19874857797103732,0.1826107331112366,0.1835216055391518,0.18637111351191477,0.19072314518486727,0.18867249822144755,0.18820441191303916,0.18309129650051154,0.19476835668058903,0.1829821389807521,0.17643798934734659,0.17867376955709863,0.1809168010513098,0.180153125020725,0.18373161817336128,0.17693188319564712,0.19682367205829726,0.1982553884563439,0.20262190772218824,0.20144272607302852,0.2031970600116956,0.21040841265049998,0.21192578474908366,0.20155727584506095,0.1998280907748457,0.20072020413971914,0.2135731238708866,0.2163300745779826,0.2114643686164734,0.1996430062935118,0.2036502183196221,0.195685830599417,0.20231556211899562,0.1990019078263128,0.18351019639275243,0.18751080574003612,0.19229925424235128,0.1855522820624505,0.19298524251694743,0.20038038190855556,0.20753034115412058,0.20477257898730528,0.20928495063471153,0.20836654951202868,0.22100103113590872,0.22814381526026642,0.22334832508738237,0.2214112072817743,0.2178189198131345,0.21231618403350927,0.21407048844766716,0.21750738145155443,0.2211000801434375,0.20903249292867235,0.20749292838090944,0.20461699389800014,0.19937938313978879,0.21050547703206834,0.20548777988437797,0.20381739192588516,0.21477073331561153,0.19861235454986592,0.19472696723200072,0.2044927427853153,0.21548497810373207,0.21436476392435386,0.214208993203328,0.2203858972197206,0.2189748310828755,0.2158121045990459,0.23234032900323848,0.24649936225229868,0.22877343863545166,0.22825704992997647,0.23540652692301928,0.22310592297145812,0.2063695418422329,0.21369172260530786,0.2201774816325907,0.2095377614928375,0.20796488008691116,0.21807259922558267,0.20580015617575756,0.20887237262062752,0.2103534794193886,0.19556259884510283,0.18947817802135608,0.19795074473302807,0.1914334384350339,0.19196546269296857,0.18941497019929573,0.19554726224468882,0.19521212543475058,0.19167487998503915,0.19377373036201623,0.20065447046207552,0.19424614116677813,0.18317031825694713,0.19674179073500306,0.18308965233306304,0.18874036909213024,0.1913481201641307,0.20514054264838133,0.21204844889332353,0.20878807972795507,0.20085486248145948,0.19975500055161674,0.21183274793391385,0.21777634266881427,0.211881968930865,0.2144785673338531,0.2112711518051692,0.21964003285420486,0.21373064678087741,0.22056718473689654,0.20962901804808032,0.22050802526815047,0.20864496076171574,0.22104907403249435,0.21628614499560794,0.19993981457225576,0.20064344225244674,0.19630072789804628,0.20456394950544052,0.2008433977953024,0.22094455337524424,0.216882444715187,0.21978178688833536,0.22240912422851258,0.2167657686011336,0.20830586596390477,0.2114682152776122,0.21328666325150347,0.20547368040577285,0.20980807542883692,0.20409100769252325,0.22731945178103033,0.2170974888337461,0.22477422037602685,0.22810982955241746,0.21929649982946356,0.21919573519599764,0.2269964158638548,0.23345108676192777,0.22853646214082388,0.239224138905032,0.23098788375791074,0.24333478708047,0.23484261086198657,0.24365846280451867,0.25313255341743557,0.2489095731220305,0.24571162267180174,0.24851299307271113,0.23233160893781837,0.23772343664353499,0.2262249495322734,0.23685311457812003,0.23556257876031325,0.22641255206699953,0.225422156425765,0.21226705767181345,0.21091705562180935,0.21205508932782097,0.2062923389791465,0.21870020997207273,0.21266131743506275,0.21675703414863282,0.21186357679404375,0.21508345293754072,0.2174229580276211,0.22000624059864196,0.2096957845188984,0.20807384855478908,0.20258338334042722,0.19148828078686023,0.21228998189255066,0.19727559412546192,0.19594774955334365,0.18670437724003144,0.1865605012752826,0.18718429152082797,0.19199508010395155,0.17558309497680913,0.1736651596849057,0.17404397756091378,0.16930917752895921,0.16843071800078857,0.17848363409058116,0.1693029400632457,0.16584775612151872,0.16111857049446096,0.16893109611347842,0.16743656277548793,0.16310219284557517,0.16701646986397142,0.16810618794481297,0.16163782576686989,0.16485996374488812,0.16433100073380447,0.17374599399873894,0.17035763408815113,0.15927913921947429,0.15704821333685884,0.1611629098059855,0.15573312557235275,0.1503083128332777,0.15817287187934345,0.14699244032863346,0.14648427299735883,0.15670324864361693,0.16015702759455774,0.15949769089408677,0.15021766258735797,0.14837304171045027,0.14163383022473805
239,0.24295447344411206,0.23225057613259373,0.21607633255545902,0.21445678942738053,0.2144321499731112,0.209625397914449,0.21100794114875507,0.20633571155518052,0.2004641145224906,0.20868801108321738,0.2010965778143156,0.20539756939574208,0.2053971910397854,0.1904936924207435,0.21374127711805535,0.20700307648474092,0.20673118783094,0.19879753269364334,0.18514867141600452,0.19358326034191495,0.17944282590765667,0.18835896699333127,0.16856441589690205,0.17304362327340883,0.16874950205832273,0.17420126323269478,0.16659482246000631,0.16787499007473475,0.1706621057646344,0.17106434546250635,0.1614996554029887,0.17245146972007142,0.1681220976363966,0.16325195845508358,0.16322354277303033,0.16808056528098944,0.17686854372428518,0.18522316460159163,0.1799358915194499,0.17360362923922523,0.17772151223386085,0.1852368555038889,0.1845976211019473,0.1864094392386169,0.19342210260503412,0.19831419436341988,0.18805379409875214,0.19525734512496618,0.18914723628330143,0.19117469236395224,0.18169919365521006,0.17073993037996169,0.1723214339924638,0.1838040176040339,0.18495041068094722,0.18776701405240784,0.18834244327000543,0.18796465849933072,0.19497121586044952,0.19677827086149477,0.19351935150085547,0.20560468193997003,0.2048499206206171,0.18726792570449916,0.19601113343976106,0.20138275134099187,0.20433412386095914,0.22312950398265172,0.2109554258145361,0.20436701422761255,0.19993414601292386,0.1963729796924553,0.20775849949261616,0.19765009617347132,0.20053957028373345,0.19419095610286652,0.19361566849264392,0.1866855484505662,0.18969273576039994,0.20079375433190422,0.21996136191485502,0.2154807606787679,0.21373315667392054,0.20639201924251493,0.2281939888889177,0.2339588079979006,0.21659723086931726,0.21878271125246326,0.20909420663299996,0.21257079657885825,0.2182369583026826,0.21766499941671308,0.21486664368229522,0.2205178756148993,0.21310193833854013,0.21176476469303263,0.20773252499427416,0.20594672968409708,0.2077702201729993,0.205028247719506,0.2078874633501589,0.20676960590364046,0.20831071040425167,0.21763072057087654,0.2064915099390193,0.2136643175467638,0.21373335352952336,0.20293802056553084,0.20991327286907463,0.22742557426122106,0.22719737013318403,0.22032211906967586,0.23330642556597514,0.22564540808820913,0.2321455162775826,0.21466008648569607,0.2214264513690701,0.220015257962435,0.22026951725872265,0.2196144439077352,0.2057993979813594,0.2119458415590987,0.21545878178827974,0.21309433285139032,0.21956049437851935,0.20139154793958397,0.20351123509549107,0.19985071253280715,0.18480026940223906,0.1994207443714588,0.19392513390679358,0.19716292841261257,0.2059515192594745,0.19763186546132588,0.20617509341126822,0.19236191858387702,0.20166929031876618,0.19123544906392428,0.20408457905681757,0.19671464343628636,0.18546198340861056,0.18683692028151808,0.19192877880303336,0.20799500236298257,0.19610638318003148,0.20364515402545721,0.20338230732681795,0.20485501487519261,0.2174994184121822,0.2048336481560748,0.2149556179206895,0.21838303633382775,0.21098141465606784,0.22247053540580589,0.2261325603534077,0.227524149698254,0.2341292640557317,0.20979382443491806,0.21496720014698933,0.21726446476275874,0.21288840099701242,0.19873020475449876,0.20025121509523813,0.1966358319556334,0.21265549043262058,0.21344137008915745,0.21315704942796695,0.21625945291801457,0.2209716201944005,0.21267855454503004,0.21033531682406822,0.20391683414808476,0.22136170947345601,0.1978265102912672,0.19715294554795754,0.20421187834872048,0.20707916255923817,0.2143031230090994,0.21718998734020326,0.2234519248019363,0.22536314774510338,0.22177321888165735,0.22545646848623435,0.23012187291389902,0.23935521819679334,0.24617871475478934,0.24358172402497552,0.2455897856170086,0.23739922672307356,0.23417865105770028,0.2387980631589058,0.2355956676598756,0.2418761237008679,0.22907943325849883,0.23154824838837348,0.2269855966754361,0.23210885008587,0.2427249386559313,0.22813435968635276,0.22413599116770969,0.22025952585598849,0.2271651992225082,0.23012250876501048,0.2221216546495823,0.20053782022314862,0.21936149637679606,0.21479798353090643,0.2194043329125523,0.21668028592604588,0.21583908935337473,0.20680274544005106,0.20818781157346655,0.21403110812061418,0.2059147704188889,0.20700688965744643,0.19378907957920702,0.19874922781452803,0.20633590159748152,0.19440265863186784,0.18585074228471107,0.1825010216492043,0.17802069819439767,0.18479669508270366,0.18927741670990791,0.18286757257197175,0.1744250274508292,0.17462877198776317,0.1784327217050618,0.1669947815449414,0.16948661265337953,0.17046479478917054,0.16859853632052438,0.15821658269756675,0.16473546267617611,0.16625396055485897,0.17118070079567027,0.16565749886710518,0.1659477620709976,0.16803134357051214,0.17554570167005476,0.1625146436879321,0.1704466618057501,0.1638619429172534,0.16225750737728858,0.16577120713952206,0.16034868400938856,0.15284421297168316,0.15332712768317316,0.14489753589852392,0.15321066584539672,0.15536958295486447,0.1568815964044176,0.1527080740933451,0.16362870753140615,0.1571375581094603,0.1441929410287796
240,0.23703146460105898,0.22548419187697094,0.21284477823135733,0.20921576174991666,0.20838051162757465,0.20653811069534597,0.2030368327144453,0.20442593839018655,0.2083770569964211,0.19672213993812485,0.1989412626428461,0.20785850531349073,0.2062662628163673,0.19909098487667148,0.21004855586311572,0.19972314813437708,0.19600304573155558,0.203996060234628,0.18993241921943874,0.19318219662047972,0.19889268011663738,0.1938166130526815,0.1843703584353527,0.17109641113069432,0.17309558865033228,0.16046539887676972,0.1654746990856146,0.1682484221269905,0.1627294662639958,0.16978870659366033,0.16974277583630035,0.18212363089334177,0.16610308553832837,0.17764590466757924,0.16571724321824324,0.1728852729773841,0.1804889423427653,0.1776104031257698,0.1782612715290731,0.18390138499430136,0.17787462602304166,0.1771184487965313,0.17975455323520173,0.1869468707412076,0.18432875934200196,0.19058139432771024,0.19730613075970324,0.1980103311127655,0.19489917465388026,0.19700428385915933,0.1861965372404252,0.1773154587518399,0.184405852428965,0.17141064929309607,0.17873005952329815,0.18340758821872233,0.18675571468104507,0.18508217735011928,0.18842164888403062,0.18909384813473637,0.20197153213438906,0.20370143572596458,0.205804705400806,0.19741865101657163,0.20122012293714106,0.19665655183605502,0.20174023853657744,0.20034435959070931,0.20138169874265158,0.19370400489704845,0.19383067135869553,0.20033215831445908,0.20129545074864358,0.18978103028166235,0.20099329967766677,0.20380029110031672,0.19056507055539004,0.19063006677528693,0.19390155860225658,0.20201273570438025,0.20597466253953936,0.22440896359044815,0.2162630382294402,0.21956802730288869,0.21099589207203742,0.2253451939035712,0.22060700570847028,0.22058770382961804,0.2150694873986971,0.20703677783124116,0.227093654897955,0.2143631350732797,0.21567057688378774,0.22101960580575966,0.2302944119397781,0.21620020429636383,0.21604563687939102,0.20653173813455541,0.2098436829898468,0.21655514184716115,0.20584067625202546,0.20786659401190904,0.21294786979233835,0.22383288891610423,0.2139125180481239,0.20267841997875044,0.21930765948301958,0.20053058464663828,0.21494146271378037,0.22219618600039734,0.2179851957882163,0.21958182990872127,0.22308727570125633,0.2260015407862552,0.22377429625745415,0.22086784815303057,0.2152206803786602,0.20741449335504986,0.20926230272907537,0.21179407186489094,0.20907620090890708,0.19652167180006233,0.21640161620793652,0.21660954993843848,0.2162497927914011,0.2113405337894397,0.21198493583336173,0.20496277859977652,0.20267645524733457,0.20147659380644545,0.21625457300630657,0.1987200144150542,0.18419481464314913,0.1978173000454813,0.19548877716875743,0.19077062388646507,0.2045728049840428,0.19761162524278325,0.19687066124770758,0.1939441123230969,0.20224639539847605,0.1977699255280489,0.18756767710021902,0.1913898931603706,0.1929489857438986,0.20317937965161148,0.22077302076721297,0.22041923968508242,0.21496274537071336,0.22194348442279957,0.2071835164896191,0.21453482481250127,0.22058948156363634,0.21734272106805586,0.2360399967569434,0.24073686465604607,0.22598285963712467,0.2291045951924467,0.22859356464812638,0.20822928122126153,0.21337626065536136,0.19967607719286914,0.21008879978669717,0.19573448161669912,0.21066849854099443,0.21553643733523412,0.2031387753874433,0.2159278199214939,0.20875914044405727,0.2295570314662591,0.2231145536406452,0.21616152719148818,0.22141569372690667,0.21416194380605352,0.19064705458563425,0.19077624656893624,0.20516283894778103,0.1983931714626588,0.20369728945554147,0.2325998873177779,0.2129137455176846,0.226713196377935,0.2243018212954219,0.22081287890021084,0.22455808704785232,0.2527784229412207,0.2520025874812294,0.25145657738079685,0.24295313083178466,0.24341682868915168,0.2259841084680086,0.23999959011536906,0.22110654583018174,0.2290469431096334,0.24258050733189715,0.23717543183983383,0.23602765957993221,0.2446075174790829,0.22948156342154424,0.22946740271630725,0.21823168202021287,0.21405545505233808,0.21743492353006208,0.21167082378431637,0.2100409142582787,0.21725045765660092,0.22258756575295222,0.22558036758104572,0.22052798029374834,0.21534629292093874,0.20803815808932064,0.2015557582346879,0.21084868655605674,0.22036828915549644,0.204283410610129,0.20343554653098808,0.1955097408255897,0.19302621731394087,0.2064452049115163,0.1952492435613724,0.18744575085807597,0.18236164453091866,0.18558672160158343,0.1927599477907345,0.18421207730836392,0.1742644098977295,0.1731586534862706,0.16519214786253908,0.1707431148697281,0.1658968729774403,0.16716813603530248,0.1706992842100321,0.1633746235941714,0.16430141360363978,0.1783810845130211,0.17015276076107644,0.18048133718498685,0.1710624154113566,0.1649389403075548,0.16793348474119138,0.1675770728042483,0.16846399676397494,0.15595884132638335,0.16442085415315344,0.16331162492825532,0.16425310949888347,0.16610801942930825,0.15997591395249258,0.1604578985017856,0.15145060062371743,0.1512491699713961,0.1487585717533226,0.1461053099774499,0.15497048777595143,0.1457229652769576,0.14353043464389648
241,0.2335909968362908,0.21851220524967258,0.22305964156690913,0.2112709085704068,0.20906050734468895,0.21115447992618122,0.20215953036155682,0.2128318891701146,0.20943540455788687,0.20706523995942067,0.19411889031670929,0.1971424683964729,0.20023716139870368,0.2078333318522573,0.19103559703557502,0.19444532232433986,0.18844217143200914,0.1856707962969402,0.18327967243795398,0.20051590189242696,0.2033405903072229,0.19165546166898728,0.19110629814324903,0.1862008674978247,0.17726438978758416,0.17264523645316035,0.17072676059008582,0.17623270204937122,0.17625315509208794,0.17151053434877017,0.1669606781307782,0.1671223369661272,0.1746200466876736,0.16760416239856793,0.16837329075350407,0.16520454835660536,0.17654722677381418,0.1762494214230696,0.1712990679713705,0.1743927395107882,0.17204565142626813,0.17479890188551905,0.18011210420132623,0.18795600260622813,0.19355589372201715,0.19067589782330985,0.1965176988211071,0.19742035112782044,0.1892368019582654,0.1957068018687477,0.1946993492653265,0.18616207026789194,0.18975695382689753,0.1755178538848135,0.17671645872864913,0.1866905778728358,0.18875227725460694,0.18991317742966854,0.19237764323040826,0.19819437750409172,0.19895800614163722,0.20426454924547757,0.20542987410545233,0.19694688218667733,0.20501923090353577,0.20106857498511155,0.1960462728097814,0.19429038103567,0.19303177313502698,0.1857643618547254,0.1927623889601949,0.1917407403774447,0.18936529990147372,0.2030859692414192,0.19681836058783816,0.20167511348603417,0.20005478339268304,0.19482280863557833,0.19922782374925166,0.20175880177225186,0.2163729668242523,0.21525289444478035,0.22757575908162242,0.21679771473911122,0.219957867232321,0.2167994120093879,0.23468925157446752,0.2208278275552201,0.2240147938911721,0.22229264836344073,0.22791751441470207,0.20848000078318552,0.21181392112158237,0.20812521524406538,0.20539118473232662,0.22336560551424264,0.22444368991038993,0.22101202308073756,0.21945223082953158,0.20988891378662558,0.2186853046350643,0.2081482672920695,0.20484893008582755,0.2145375417454976,0.2144443952798818,0.2095673877685491,0.20908746634079609,0.2025751317341677,0.20233753740014804,0.20771846280888417,0.20902113420088633,0.211988401466498,0.22622619970099928,0.21541785642078534,0.22415013253986307,0.22193862956019092,0.22345516628299478,0.22157247047824208,0.20110287065331311,0.2081288094702361,0.20744448814554164,0.21196746209552983,0.21240400433508158,0.22038087344989243,0.2121539391974339,0.216963810651338,0.21650184414997825,0.20644857997842922,0.20678646069383408,0.21621563724755336,0.20179794996916894,0.2041168558593788,0.19832829119636883,0.1942127331003101,0.19346272469164824,0.19269036527132657,0.19893890812976453,0.20192795637819277,0.19392937597985382,0.1935993522943695,0.20357459056483448,0.19677820289669953,0.19989492258686545,0.1936590958944012,0.20475395533587906,0.2033495473428936,0.2099929429390598,0.21190065541570227,0.22198421834791926,0.21591096576442156,0.20584854423255938,0.2107820868822811,0.21062484567131343,0.22644346929383974,0.2399218491484359,0.23934794331535372,0.22425601472686674,0.2281312604446275,0.22313870073876566,0.2115753655980521,0.20465963723855274,0.20618705709791738,0.2218073841122995,0.21584475508944947,0.20694707860202222,0.21645189881719074,0.21738496316179917,0.2128523258006618,0.2146936996889681,0.2205602269630914,0.2271223117609559,0.2169072158877888,0.21018382924985587,0.20532177024086018,0.20383006829912492,0.20322882676737294,0.1984524386354002,0.1880951943981498,0.19416091053876916,0.21384440898276202,0.22182326839573158,0.2207287480380667,0.2134806419082615,0.22353539505709663,0.23472994661781732,0.2413106558470841,0.2501470007030134,0.2473398539449544,0.2432806682109631,0.23432816952001867,0.22451476125609204,0.23319261897885848,0.22804381614992933,0.22633139488595885,0.22859667017041338,0.23151119676475115,0.25684670578170454,0.22124578214046492,0.24221933083724712,0.23970290646056633,0.23108959954876537,0.21864754228163366,0.222397857963324,0.21511019798967487,0.21456278616793997,0.20496037169829193,0.2105874084170021,0.20419871274678075,0.21478858651440072,0.2168491878723333,0.21721449354558667,0.2058683577084438,0.21787269224465466,0.20752384241060523,0.2154465281659146,0.20411544117502833,0.20197492242574255,0.187468109578664,0.19965873399867629,0.19860899326273473,0.18417840176656464,0.18723610582350603,0.18292948006615495,0.19626542993995325,0.190595920150198,0.19334947625770565,0.18172643209499903,0.16689122406174248,0.16942835724533725,0.1786342784123861,0.16458736789911607,0.1633027506510276,0.16736394336976562,0.17022368974960594,0.16173283525208806,0.16634398446515827,0.16135892801980037,0.17696309284281495,0.17283416666867316,0.16389507373880824,0.17597168799805807,0.17526257977678916,0.17504326281531488,0.1633135803423098,0.1695102638987231,0.1634030655779732,0.16372288920441358,0.16813545364942076,0.16331907066846293,0.15497655405117478,0.15784324473721992,0.15073669886950128,0.15079849249749852,0.14577397621135837,0.14379672665111362,0.1454732026148469
242,0.23426558885423396,0.23203836678480855,0.22514447814639307,0.2117087948771803,0.22171894324776906,0.21537793067661046,0.20839145167074463,0.20997017007015675,0.2113608272164516,0.2027702702563123,0.2041872405572029,0.19890565017402848,0.207402458448301,0.20361207977928725,0.19691339502230637,0.1963478725476447,0.19516356380806324,0.19302612842210323,0.18825811246462068,0.18154007059819854,0.17123388098634248,0.19692304835458113,0.19659961363273382,0.188853874856345,0.18049126966819942,0.17450653690589976,0.172871221216716,0.18434391221052254,0.17718571278211823,0.17666149445546642,0.16570446084643875,0.15961749837802747,0.1688247829341383,0.17255355055613797,0.17340854729021443,0.17028339489279853,0.17438362447042913,0.17314206783920805,0.18053004898765268,0.1710135411708448,0.17546326241473326,0.1742079218395992,0.16934493043727275,0.1817806282291024,0.19879277674636905,0.18629907561299822,0.18590090328653364,0.1863389740458933,0.194601776239673,0.21194213261420317,0.19107312211935717,0.20499119161213983,0.1954731357928773,0.19255938934036934,0.18220475224195432,0.18518005126891554,0.2035513373137552,0.2039202617886884,0.19828642831430968,0.20902411821366215,0.20222444398515593,0.19539443478314467,0.19662022556773232,0.20352654958295444,0.2080486011086619,0.19677287452981587,0.19930701416808816,0.19229110716364817,0.1946748281530811,0.20071031845243284,0.18290985270085217,0.19349685027302282,0.1929752445647292,0.19734220660133245,0.19344339250326917,0.18591344565222523,0.19119542671971965,0.1953677568043875,0.2042432911416583,0.20108271944532427,0.20772224132979492,0.21827203626133115,0.2104167943780881,0.21001876484804338,0.22131991767683984,0.22203472448280068,0.22298826067161182,0.22203610487247769,0.22118705182315485,0.21692819368965746,0.21078077645838847,0.21963598697254516,0.22146928318381404,0.20042429286562294,0.19882343835403893,0.213944289996903,0.21693024163138705,0.21756087659328566,0.2123243973105171,0.2064043282008843,0.20959812825045152,0.20672942657868248,0.2020641414861127,0.20019655507845777,0.2212141483495908,0.20281994471529213,0.21453581278415526,0.2102217756211613,0.19943123744357244,0.21743041761502832,0.21104987535579917,0.2227528657446675,0.21835151019527332,0.22318284016700657,0.21456609632226198,0.20923112972762348,0.21636773560722716,0.20482468706090526,0.20030384683575064,0.20894433459733497,0.20823724050297918,0.2044496163797062,0.20280790088032444,0.2188371247253618,0.2094400341403233,0.212228009103212,0.20540977174903005,0.2050066269091767,0.20135455102564065,0.2013020650009409,0.20267842931243688,0.2074934061515833,0.20922481860331596,0.18732748393951199,0.19950549242551308,0.19607517441462777,0.19147183524942582,0.20500247295347496,0.19909487601704742,0.19970787381943578,0.2006701660309381,0.19913537947357918,0.20622798575123696,0.2004956017544618,0.2007725199624502,0.20073039536489695,0.20589087533687928,0.22459547389449008,0.22236759550391605,0.21037019039224877,0.2168684622379779,0.2108656796372767,0.20379610996967296,0.21842543032587483,0.23208223598296962,0.23378971417368238,0.24659121473691273,0.22272034978718766,0.21613032175369057,0.2158069366332811,0.22008563649159651,0.20490837065171327,0.2162474027235728,0.210504992325853,0.20677927105315363,0.21527614112714694,0.21239691281820214,0.20609981407624844,0.21578373200480225,0.21310031908304863,0.2167372706296697,0.21629321695621898,0.21103602594176799,0.20224234859690282,0.20614513976489254,0.19093476015585512,0.18604881148023858,0.1948961230286183,0.18901953916113673,0.21143827159886058,0.20770095815313586,0.21727061816988502,0.21385233668837594,0.22676399523953514,0.23449549300128172,0.2325551706003949,0.23882330273894634,0.23951184709039608,0.23782461370430852,0.23879047530998657,0.2247881432187992,0.2363186516252869,0.23681766789149836,0.2183618675633208,0.2327360718680968,0.22560867763788134,0.22766024558348621,0.23026053002098273,0.22797708693877874,0.22602750962828608,0.24158863499350627,0.22619395797461359,0.22068509396176111,0.21723174957347133,0.2356104235527212,0.22126412264123893,0.22404332017311532,0.22793929463336637,0.21026800781593893,0.23592969159652386,0.21827625805762949,0.2190113892274317,0.21494769880894216,0.22068392522857838,0.2110743205743275,0.20331366538970097,0.1911310739174225,0.19737466686433713,0.20445262928279534,0.2048944052864271,0.193654413827254,0.18815848171108118,0.18302785920775436,0.1904120812486598,0.18593913231826917,0.19002060653450759,0.18682672463230848,0.17107884123644276,0.17831870437737832,0.16835010825859778,0.1680691098851743,0.16659478410013526,0.16597267743777877,0.16508681924958088,0.17303625214856022,0.16888442517476532,0.16204069603554766,0.1657451389216045,0.17882156854367015,0.16922943325247053,0.17524103115761458,0.17661268782382558,0.1777884730580591,0.18516721728961846,0.1690266172631612,0.16540731044827717,0.16200107633337776,0.15934571894052085,0.15919136256173083,0.15973257763142515,0.15730915564723227,0.156868592547281,0.15031592717510603,0.1490050542751317,0.14960014001599375,0.14139986668552415
243,0.23471859669303313,0.2481885832817275,0.23317103475473416,0.2196162137981736,0.21612614146307876,0.2114547279251234,0.20114126169885968,0.20476432779351128,0.20818622965797678,0.21972612664828498,0.2094455319023852,0.18947006320804452,0.195323127697863,0.20997070189243225,0.2052672197329231,0.19478589267491336,0.194144682502717,0.19388566474944602,0.19166446446181276,0.1842494499458166,0.18013031148082662,0.18397821461242816,0.19169933220837118,0.19776096381171906,0.18656466816467934,0.18414575000515165,0.1795339970930517,0.19183652550793567,0.18397664720477575,0.1812200308495935,0.17982704176436237,0.16464979715241498,0.17055470321132046,0.17959779485842092,0.16660092179185806,0.16922019843991432,0.16813653766224487,0.16897563999173626,0.185549633131863,0.1797925118866733,0.17366284040330715,0.1717803961693115,0.17747766244597216,0.16385756622532635,0.17556150695013523,0.18739271351949102,0.20256201101965648,0.20217227121121817,0.19422494180772337,0.2055098773221452,0.21017405336093598,0.19651606530750332,0.1923392419206729,0.1979368160229525,0.1981230613607752,0.1979306723877399,0.19428715999739762,0.1971389322565506,0.2079041220319595,0.20180415788152464,0.21710643696755233,0.20701947362574757,0.20382328650563936,0.2042164865099362,0.21586831421847089,0.21129927163106652,0.20216128991960364,0.21120033367337998,0.20647567758573038,0.1982347283473418,0.19575923987519533,0.18884943941683796,0.1978532096730441,0.20502144966439845,0.2041694693394376,0.19728433851322014,0.1910136045156922,0.19290842711014686,0.19426327229685925,0.1986253246209199,0.20821024730538198,0.2285389354100663,0.23319310223062265,0.2310750735806746,0.21904724734938452,0.23865355058661789,0.23611637116633483,0.22018828051574799,0.22404837584248682,0.21545267969488835,0.2142301540056939,0.22407148892676532,0.22291125655377708,0.2065618906429447,0.2191853382758339,0.22125943547975724,0.22427160959948617,0.22047182648521688,0.22662337342842295,0.2191348243389641,0.20390713846303257,0.20752766517626184,0.20776361823904835,0.20747076103136583,0.20492889580436752,0.22339548940715154,0.21805738519561774,0.2194421754419464,0.2129197757028803,0.21306047946018578,0.21270078856245855,0.21943707213004057,0.22563117238085392,0.2240719532765496,0.22022833733682703,0.2162818620896354,0.2150389347544568,0.1991848349085076,0.207032582739518,0.20955522794341533,0.2088603012145342,0.20888001980855608,0.20857948941167387,0.2135427346291271,0.2252973585695832,0.20661088596474173,0.2082272674753156,0.19613433621823642,0.2017210824736302,0.21322655977295613,0.204271087027536,0.20729627589205762,0.2114063363482594,0.20868296566422376,0.20228629029835202,0.19255229532097623,0.1934898553749396,0.19805120084109762,0.19673449733328927,0.2115266541780897,0.20049363971678083,0.20561770146475225,0.20062747621613633,0.20332342648927434,0.1979563511331572,0.211938082130109,0.21021993622580679,0.20782835495095794,0.21559902871522213,0.2233416395666331,0.218996160127666,0.20964721620011753,0.2174884008510336,0.2250826398119531,0.21419616949189385,0.24148135271963364,0.2304023476755207,0.24352401758077083,0.23083002574024838,0.21694387841928905,0.21290090130228678,0.21802836599616668,0.21600484872620154,0.2086613438215656,0.20799572075351103,0.20380450516614398,0.21016243903444176,0.21956105049161712,0.2114030262628387,0.21293600412264244,0.21577935967753942,0.22407917661932678,0.20017574338269314,0.20496254262779307,0.20163865876983006,0.1953449641897271,0.19041444883948602,0.1931656500829488,0.20391635052671983,0.19818992348620904,0.20546559020221364,0.22149768932453545,0.2179149369884811,0.22161124827066456,0.226912175714404,0.23677519338936656,0.24818641168496602,0.23328757033072633,0.23437684293602237,0.23142096488610572,0.22410967201129803,0.21650134563663323,0.23272037068568494,0.22590783837762177,0.22554458252011128,0.2244291166039508,0.23912121019180654,0.2430021409889948,0.24854234981119483,0.23559658987610352,0.23142938432938842,0.23411659548848632,0.21837594632703328,0.20436155566020267,0.22900997534783565,0.22074465673382396,0.2207779518043458,0.21730559084189688,0.21870710906994306,0.21702346842153095,0.2223479347931957,0.23416813657646932,0.2093908500592768,0.2132051544552518,0.21706140010476688,0.21894725263214024,0.1975071717212375,0.19351026158095738,0.19908531379495648,0.20867431665831446,0.1981538569304237,0.200615026730935,0.19999202139602767,0.18675683273879595,0.18094417218643477,0.1898954242347065,0.18417687506169983,0.17566530739473482,0.17848725069626797,0.17293894290167366,0.1718159192421339,0.16418595371030723,0.18043334481199808,0.17266328527432362,0.1749384200934252,0.16911689641961766,0.17228096669875687,0.1653592904183041,0.17405507871952564,0.1746843909422261,0.17993663729285805,0.1676447663995473,0.18032477542680786,0.17747275862468262,0.18129231721341882,0.1692590114234536,0.16789366130649197,0.16142845862820587,0.15376411748923,0.16119222868629804,0.15697699096728604,0.1461450129201843,0.1531870313686441,0.14439960325837597,0.1443317907420449,0.13718859236233608
244,0.259262676404456,0.2531931780373811,0.23088504314364003,0.23514454054948875,0.22518662917575666,0.22018412313652688,0.2004640129736663,0.21509692410369557,0.20238783283108058,0.21136618072343927,0.20774400503504564,0.1930165283445845,0.18749094585086437,0.19930603161987887,0.20140132341921863,0.193208487179454,0.20031471339481371,0.1849235831911401,0.1863325811415356,0.1819983706674948,0.16956425261742888,0.1791659183633501,0.18854850793620664,0.1899452335835243,0.19080172642571894,0.19989997048728186,0.17530302085362878,0.1817084818809777,0.1804696183889075,0.1882527373853457,0.17401797075983153,0.18115369634111989,0.1741400641060423,0.17580762214626275,0.17506152202352457,0.1772532880107544,0.1643950361372608,0.1722162387945149,0.18602816407283354,0.17330895356097337,0.1668517630438799,0.1698761461796638,0.1751763205235715,0.1701735269623276,0.1808343793762127,0.1878053673719924,0.19417150643471479,0.20011723792644992,0.19659838232702587,0.18695530796871895,0.2088994035578911,0.19090825149119925,0.19419135853036407,0.20448191324743428,0.19770388793862256,0.19186307471233194,0.20119724054467564,0.20910499155248158,0.20622784329404048,0.2072952735281202,0.20262520628711986,0.20373288727835764,0.2063627943478281,0.21196111723995303,0.208491666153028,0.21291899127888278,0.219867581861749,0.20591178338198535,0.20339197805640533,0.20477144737534128,0.1871802831915839,0.19155504741839652,0.1873060908225576,0.19301888387495614,0.201213956156517,0.19576436048837972,0.1861367813992442,0.19473266168299305,0.18954358912453445,0.20291671829449287,0.20393832593699487,0.20546469131037018,0.2090641658617191,0.22410580180779135,0.22915730178349686,0.23180686845687573,0.24367293817856275,0.23646240370834193,0.22525591295169822,0.2292142427434456,0.22757649270037542,0.223753120099841,0.21741094312291953,0.22355922736657927,0.21905319905437118,0.21656910412320693,0.2240292371242626,0.2326502909533619,0.23556925041024193,0.22474461779232216,0.2197168681760511,0.20444730965578842,0.20908144840636242,0.20978532260805324,0.20873342534385206,0.19644851489719722,0.22977739420222235,0.21873450617585835,0.21665993075050935,0.21227072342568645,0.21719598860423978,0.217976311817771,0.2269610855427111,0.21763332637539218,0.22391675927359664,0.19996842867904624,0.20078782253695227,0.2000698608115132,0.20944133622882213,0.2109058373019477,0.21947502137820496,0.20973779601444456,0.20447475665019346,0.20321323989510304,0.22720600212824024,0.22259612511525864,0.21327502424569933,0.21399528275344912,0.2095822989933691,0.20407654824597915,0.20447654577602162,0.21068591370975834,0.20583555748640742,0.2044782878346332,0.218832690528596,0.19756137494091003,0.2085938500395018,0.19021111877896893,0.21273482972190186,0.209827448671194,0.2151286242935379,0.19945284569963814,0.20275603977165313,0.19996359130949992,0.1927749059874273,0.20200320962598914,0.20293432907082434,0.21542157658749497,0.21846707798787166,0.2270621783512142,0.23846437088207448,0.21914254449662432,0.21325592193783358,0.22038899273087795,0.217535780324054,0.22532610005792156,0.2356461778752703,0.23421968901129325,0.23703626755874865,0.2332709188260902,0.2301640548449087,0.23519360015900403,0.21763342659926585,0.22711206181064397,0.21277955681949,0.19625524397587035,0.21377917660356816,0.2162083686881436,0.21006413012095934,0.2195532650364246,0.205628685850441,0.20942595281149687,0.21440761208805934,0.20539501550655992,0.2067121956589495,0.19674797901332372,0.1966207824323254,0.1976053233497526,0.19637840123158737,0.1923236532654317,0.2069622322784199,0.20435313281208062,0.21730514051421082,0.22755286088523202,0.22788120118443203,0.23658423409641588,0.23111865422442254,0.2232163487979916,0.23575689333305924,0.24622650463192758,0.23034919560203665,0.2349310934242973,0.2211713658775267,0.23668274636447018,0.22714453900761314,0.21811694187550282,0.2237240125944327,0.2306148131385859,0.23563695393440345,0.23788694004825614,0.22538016889249843,0.2347756761598867,0.2403714592531688,0.21901335597646657,0.2208117094902878,0.21864356502669305,0.22539345458370397,0.22167315372865856,0.21302275643799662,0.2119996773691711,0.2147846299988621,0.21427159379851096,0.2175858254547624,0.20742337671035782,0.2205423510616179,0.20715317784290527,0.1967942749588181,0.2004988287711361,0.20116436005973123,0.1964274641484436,0.19301839498893014,0.19294823046689774,0.18754759526534062,0.19025211787094048,0.19553967093744526,0.18936730564879273,0.18161495188994423,0.1760420430053572,0.16679894522795569,0.17974577876608636,0.17204374991796526,0.17091921912589267,0.16831084486035375,0.17520726084372384,0.17742789495132402,0.17901717524109087,0.1761185900595405,0.17547776729964953,0.1679626043553006,0.17634814674645172,0.18556582637917865,0.16823366259405392,0.16943686214476494,0.1775156307810411,0.17201800239550008,0.1674792471538341,0.16895859911247466,0.1759159022089396,0.16363025229169112,0.15864138764071303,0.15711078551811825,0.14948203446228728,0.15453184863027358,0.15090026414787355,0.15017685323549415,0.14544975699444743
245,0.26017346443507056,0.26973791735748187,0.268907552544075,0.244258732983041,0.24421098763872193,0.22704246851619495,0.21500412884675482,0.2097036549975116,0.21084087019855519,0.21547847834203315,0.20457874025341008,0.19957272394533768,0.200775816158644,0.19931417851819808,0.192658866142844,0.20264169058528064,0.19450985047542366,0.1937428571309309,0.18740375992937794,0.1860595216189953,0.18167873612985785,0.18314547796854416,0.19130225968695264,0.19140522983954605,0.18906842221122688,0.18823535612312842,0.18693821867376367,0.1861077677265234,0.18040555246926027,0.18381531804263915,0.1816735907345024,0.19099253805621244,0.18949833567433788,0.18257377694478516,0.1833115797033542,0.17983611006174072,0.17653942185810018,0.1741352124086098,0.1725508488065033,0.1801598037127113,0.1728096935309147,0.18541924143054153,0.17751673439555374,0.1851409551744684,0.1836103675613067,0.1798387188347236,0.19163648657898735,0.1955350199440238,0.19521901178176948,0.19429481005048815,0.19198973094985555,0.19219677673829197,0.2015852399771781,0.20919755288019568,0.1957244043292219,0.1928467836573402,0.19780257456418554,0.20135120823791808,0.19836466355215973,0.20397968651228454,0.20687270824881296,0.2004889724525422,0.21231618403350927,0.20716982538668885,0.20600596701453422,0.21327443494584364,0.20754486849316575,0.21090816833228704,0.2029296984426675,0.2049683004217477,0.19842756820802393,0.20021662670110843,0.20908486657186992,0.2099216832087625,0.20548848961525173,0.1986362876439842,0.19981016755800596,0.1938102759910179,0.18845631723772027,0.1897247110193496,0.19305546495085893,0.20415756630938484,0.21351210389640635,0.21548180262314048,0.23180943049522487,0.2150487388577679,0.23084974544682346,0.244879426789652,0.23262099016771517,0.2326131165454922,0.22387268089060336,0.23283341067888264,0.22720040437285544,0.23673332611299266,0.221491008198964,0.22534841096073696,0.221133887083878,0.21372774321589325,0.2173040397171292,0.23488717248508395,0.23438126829332265,0.2309482628966341,0.21086485422740225,0.20494725222243407,0.20983319818207347,0.20378298524927654,0.2213829651578905,0.2127954805639593,0.229845550070251,0.20270275435932097,0.20818479156341688,0.20117495831044105,0.2110735915507104,0.22910222130703006,0.22039447341464494,0.22542277929106197,0.19758098673418353,0.2066654128647423,0.2042518505545539,0.206086906384279,0.2145294898441893,0.21659089704577889,0.20109348471766159,0.2090546827325762,0.21131926914742558,0.2230501399138833,0.20981773767025405,0.21164830756011296,0.19546693810324348,0.20667930858108752,0.21874649348887207,0.21284820891149966,0.21643988773658993,0.20390763614798957,0.21493245534017388,0.20896497532629674,0.20831464359710244,0.19925139240149078,0.20033336687652897,0.22040274544545121,0.21274673316807305,0.20320210848365483,0.1977010655326128,0.18699698312594115,0.1988560094745967,0.19540309128779032,0.19900269596425496,0.20981546700352424,0.2143704896808955,0.21561342581407758,0.23118800642660456,0.2225311437032938,0.22155757344660004,0.21624536122822102,0.21705245382717406,0.21790515273827485,0.22923071023626768,0.214752238768921,0.2356142211746695,0.2423023911646351,0.21703571178445102,0.2187871444365012,0.21838836656143062,0.21489177838780726,0.21442573134164222,0.20798666921417905,0.20607414185162204,0.2098579373705859,0.23311289615113726,0.2165827182090847,0.21970255119750076,0.21007138560427527,0.21282350924863816,0.20264162526132817,0.20751342573157677,0.20402061858481643,0.19825340269171496,0.1943201334274665,0.20687770990042423,0.19870036276634886,0.20373654638722835,0.21095693162264847,0.21001354218334842,0.21516151817844203,0.2162716033806737,0.22141447014194582,0.23130759867900472,0.2321162790650115,0.23076981399024446,0.23813553147924743,0.22696019712918908,0.22869227773070855,0.23035847776496854,0.24070211148163415,0.23057626501790807,0.2228351512906486,0.22517128176206153,0.21528992179561493,0.21507067591989062,0.22451770797218126,0.23391964705409382,0.22162640406796097,0.23520648948018716,0.23398719974083676,0.21968363195730245,0.21806587077778847,0.214662409581908,0.21488974969030067,0.20032585730360014,0.20808611407448152,0.2015989983615436,0.2138032979568253,0.2090914141998678,0.20897767832681,0.20874212486430713,0.21691640591318925,0.19847304831407594,0.20384313503431245,0.2030847721307705,0.19854909872084864,0.19673912702651394,0.1951407995088986,0.2029020710682775,0.1936640010385414,0.18930260920759961,0.19616232937530542,0.18087835514169964,0.17290063966608893,0.17327391975621462,0.16513437991803465,0.18063961543118406,0.1730653001841181,0.17348742459135544,0.16886813227589612,0.18054954570437404,0.1754048913671303,0.1824140559809918,0.1810803394730456,0.17105414401021543,0.17019210114577754,0.17833960483625436,0.17637746647105892,0.17536991844012517,0.16809860137148072,0.16673017269380855,0.16594634827430035,0.16925289272160965,0.1575469500179321,0.16071499532742592,0.1609781010474279,0.15534096545586515,0.1448911968979705,0.14532388516418226,0.15564601287368715,0.15806182789480536,0.14555797330442896
246,0.2678206131605623,0.24659916402661114,0.2614706821997756,0.24967151697736076,0.2500291244057305,0.23258698017300536,0.2308098294043343,0.21192212495203908,0.2066625576962718,0.20890748465955555,0.20971398846701486,0.2082376720389955,0.2087830318896167,0.19396827341760298,0.19901546698329822,0.1863113016441712,0.1845119080733472,0.19835714099731228,0.18531454174129405,0.18227801899257184,0.18509611355079783,0.17901639205847375,0.17724953315536196,0.17887193288947584,0.18303346440861068,0.18803448285046773,0.17562179027318395,0.19015322699330495,0.1891165340790792,0.19158760128286442,0.18551323552882423,0.19266072932827277,0.18785882429547582,0.19676827122697954,0.18150809553773284,0.17914046615890236,0.1835484832207437,0.18558437130576336,0.19178096518883986,0.17966393195186992,0.17303433969179408,0.18604427056752398,0.18061540945655963,0.18673619275146902,0.1891541612990126,0.18868792127589903,0.18393102878438125,0.18664553283330332,0.19772116012021704,0.19543651061312373,0.191384428663597,0.20170544868411894,0.1998978890816962,0.20010518410238187,0.2153579457855604,0.2038904479399053,0.2124867235776419,0.19017328130528652,0.2001730654456295,0.20473891620558768,0.20404973260845047,0.19600864661448686,0.2058625272292466,0.21630477164290193,0.21152046863039894,0.2111952275143369,0.21569784193912306,0.2219097580974942,0.2080473555834106,0.2190522911567174,0.22115654673661125,0.20121124116501404,0.21147522709312377,0.2123565690381083,0.2065169488444598,0.20348293819199662,0.19197920990806147,0.2035927225378582,0.18975564303682532,0.20349023812597064,0.19926944168801733,0.203562211311376,0.1960950224699896,0.20582441987141495,0.2263033067897412,0.22046228277513275,0.2340196901552805,0.2265323863600417,0.23804518427903507,0.22641442887778032,0.2294152586983954,0.23789647117482943,0.23853427958492468,0.2249628990301725,0.22470229080159781,0.2260965315130759,0.20920598271545382,0.22212896856234896,0.2195182339042321,0.22764279015667965,0.22368682231968545,0.2210740665745197,0.21428634632581514,0.2135627969444471,0.20973359448616213,0.21306646474083696,0.20583560488180147,0.20849737906194638,0.20988234118519375,0.21629804793547858,0.21745775493472655,0.21607374539340782,0.21070274812415593,0.2054582572519917,0.21961697232701363,0.21581135921173067,0.21185221056875816,0.20799849855356659,0.1987216204913419,0.2014392797786037,0.20199379097159506,0.20931955365707547,0.20997718056284934,0.21033657604674671,0.2215876746460013,0.21956504443615754,0.22554572506131093,0.2127095554769308,0.2060829678010156,0.2039979907859239,0.2069458396712594,0.21707864397055013,0.21972612664828498,0.206109353000414,0.19718496604787483,0.2116676557724814,0.21267042550659848,0.19910224729599732,0.2091148621671876,0.2102830173110127,0.20837859238097414,0.2142005590605424,0.20440649906922123,0.20433501780665903,0.19517327966090697,0.18843618365008186,0.20733222100192988,0.20618216709449116,0.2021356661224709,0.2051512653543189,0.2285285162867305,0.22782102422256814,0.22387232005076577,0.22835708996393075,0.21309899424679823,0.2150358153607751,0.21698724210764553,0.22445785069612528,0.21550021113783166,0.2336459729182793,0.22122438681096404,0.23025878038589911,0.22603843929159176,0.22701173086237342,0.21191548868127683,0.21320927824841965,0.20627633190931105,0.2127018170644417,0.21827168444865885,0.2209398221100968,0.22619687464609822,0.21438149738385728,0.21932094071575728,0.21933422275280404,0.20946892311721063,0.20903485138597785,0.2041554650171441,0.207642476519312,0.20203391051097488,0.20554972495991866,0.2135677144661886,0.2237497197357264,0.2206722382371701,0.22314615090290296,0.2283026749443832,0.22410616302395744,0.22368393801380293,0.21754244232484135,0.23189436741763242,0.2317617705434734,0.24253158221234025,0.22864188924843845,0.22258172302399384,0.22292639859606628,0.22609330377579678,0.2324524350582773,0.22025643216328014,0.22370016271818452,0.2125675172064267,0.2175984011661061,0.2210021506608399,0.23232743626155442,0.22002498497142892,0.23439243999382092,0.22324174058917357,0.2104659771364403,0.21275354243468458,0.20187544639247296,0.20863251818282993,0.19817041551962777,0.20666236735310958,0.2088889178324399,0.20982822170550658,0.20776007815797268,0.20801780049906485,0.201333132182296,0.20977571016200736,0.20026133178522945,0.19671011396637852,0.19792796979555194,0.19397921612340202,0.20062273192417648,0.1956876915171971,0.19212580491621573,0.19531773529231547,0.1875212114347758,0.18030654849120745,0.19155085728215698,0.1686181810162193,0.16971373837439915,0.17681345072235263,0.1771345588259866,0.17597760386836603,0.17105284425497064,0.17039455003083087,0.1725303883995262,0.1799009679267955,0.17109093511809156,0.16614015067592175,0.16651558980481065,0.17457353251519583,0.1789245361467939,0.1765994716817182,0.16205972588992984,0.16972835418784252,0.18812932618358097,0.16646372165732806,0.16446602650308018,0.16951244965893308,0.16422720437875005,0.16045243046907254,0.14987458722414626,0.1540089642043581,0.1530491774992435,0.153296768495935,0.15178749719527407
247,0.2770014229302023,0.2715082309210273,0.25819807496860325,0.23370069288097176,0.23275407862353628,0.22432749152351814,0.2419776752401198,0.2301607160434993,0.2231029434131943,0.20757765431729225,0.21104579332878226,0.2046605797331826,0.21711123611862967,0.19771878817880809,0.2044816307454263,0.19740664610224712,0.1766373741595044,0.1925506105297767,0.1875710026868367,0.1914406234759088,0.1808305902983392,0.19037315175498457,0.18971636722856325,0.17945042862442792,0.18319355899618137,0.18120701235153033,0.18045154301475227,0.1947666524993289,0.18553104895645903,0.19586562377846442,0.1937860007143292,0.1960981515665005,0.18963268751268125,0.19932563347730933,0.19008598604856797,0.18068624810874015,0.16794334539971115,0.1818315747718972,0.18225946872585805,0.1829155385234759,0.18797859532477063,0.19005373109455215,0.17795942752381935,0.1748682242932955,0.1825677234052818,0.19813036518067453,0.19047680599368702,0.18118723603836914,0.18583003128080522,0.19085656358834788,0.18528087797194703,0.19065394671294553,0.1949064897736828,0.21075258005134534,0.2022154294152339,0.21542594166501547,0.19696257799560168,0.19044878221482625,0.18731704586350978,0.2058079752184235,0.20724635451297316,0.21569237871932093,0.20773175968077934,0.21284384705628864,0.20845326410589607,0.20830821622287396,0.22509134694880586,0.21480396816095787,0.21834442121200404,0.21647228429273083,0.21772780785735216,0.21947790194860958,0.21555753073428913,0.2172325498862868,0.2112145829415239,0.20692101496820728,0.20308732535185042,0.21161015241572673,0.21203858627882355,0.20672623732224074,0.20620661827140732,0.20874746010869322,0.2069231590189154,0.19767723601724527,0.22061452373933094,0.22722148822611823,0.22104276271724194,0.22998880675219785,0.23597532885792868,0.22441764466669015,0.2351069134584875,0.2269708583209787,0.2285876169011868,0.2311582510914155,0.21757410213944578,0.22025394709733026,0.2275768071091364,0.2229632057463881,0.22263272394517236,0.22081023502573383,0.21451017639255965,0.21760180825685596,0.2324432290865744,0.22735473318717556,0.22729862052479852,0.21957925133403555,0.21171483968466354,0.22125286343141984,0.19984187924190647,0.20553088865288263,0.2140083901013073,0.21174779667047916,0.20792738897668941,0.1980879100767374,0.20303579952089273,0.21303909081489728,0.2146741243011532,0.20927261445026807,0.21380492255394365,0.20968424490336296,0.22133755081407716,0.2190064472180627,0.21161068839182623,0.21657992550631525,0.2160570788420147,0.2256485774737604,0.21222322016135345,0.21784710855577388,0.20840047284014246,0.19642479112711198,0.21567047756383956,0.2153948424175686,0.21755466487181713,0.20945975923729143,0.197985953734965,0.2217833300159598,0.22325032510706055,0.20179224870891374,0.2086160893505918,0.2083230378546031,0.21136399063600966,0.20693249781000125,0.19671931795858702,0.1955929108550434,0.20030906326400585,0.1987649757278757,0.2036747350351492,0.19915366862913417,0.20368137118774007,0.21668038571102813,0.214733844703418,0.22675861722634036,0.23094959234552903,0.22848011042935418,0.2290802772198745,0.21596814597235542,0.21377489411717912,0.22893305301748815,0.22460167978250892,0.21769371962339806,0.21946137708470306,0.23441570258610628,0.22807033475142485,0.2292281239170984,0.21872876458634455,0.21315940533975963,0.20700321947744976,0.2093166618205481,0.20514399085831642,0.2191781717539216,0.21396320763065482,0.2254278660887403,0.20184269209977224,0.22666470530947655,0.22106770364296333,0.20035636784820135,0.20007115532054134,0.20624897552019808,0.22146489764115387,0.21031633253422485,0.21428570489046447,0.22537145058323851,0.22497258576799092,0.2203917838028026,0.2231415780140536,0.2174817905822347,0.2192010852597104,0.22028209591267633,0.2256291462035528,0.22035007364750026,0.22139326241029408,0.24303297321905173,0.22509274634150198,0.22071553401876834,0.22517159284789848,0.21602942017915597,0.21753883580284644,0.2291819973300345,0.20973683013842345,0.21724405470884356,0.21128560045241215,0.21936932554343577,0.22302990530982766,0.22244538499222877,0.22093661711707582,0.2127629973892827,0.21296400227981901,0.20739987963056447,0.207268116083324,0.2153026622630491,0.19434984562464402,0.19905917050574695,0.20656731285427346,0.20037979132653908,0.21342672487749223,0.20290123478328229,0.21787474910305826,0.20728892533573665,0.19711573330195517,0.2026026026297632,0.19774810482253113,0.1950344096074751,0.19814740999506705,0.1883188962166122,0.20085900176855007,0.1946640703217588,0.18567515708078863,0.17783043875162668,0.18422849318591109,0.17962426331777245,0.18023133516673143,0.16912297126301906,0.17082376909113486,0.17580422175826366,0.1666326495911031,0.16364973259354115,0.17110527555134605,0.18023448917901932,0.17682440280515965,0.17223428242545455,0.18411284967087432,0.17400655143574117,0.17295813752646652,0.16065243037062424,0.16667167501172167,0.1695200219747495,0.1704571802711526,0.16538343197367286,0.1668702820479511,0.1664217176192026,0.15611621019321842,0.15880402290459453,0.1608110545809342,0.15127773032247596,0.14912724681690723,0.15121121394956288
248,0.25606663830057447,0.26831626508399037,0.24796706406461358,0.25346908670940205,0.2521924031028892,0.2493269934206439,0.24019087264168365,0.22551373609539208,0.2289622055957757,0.2137106671149426,0.21456085938520683,0.1989786270896253,0.21074559219640737,0.19488135922238287,0.1996193687964381,0.1917600790250393,0.18695926843131527,0.19258488562998535,0.18712869977659172,0.19051566894793734,0.18798084608914453,0.1907798926156708,0.1942393875333252,0.19089378977492721,0.1899156262764642,0.18669457571539763,0.19096843982053124,0.18941034712839477,0.19494275528040933,0.19209930782130027,0.19145592013590554,0.1896031725808104,0.1876988881286394,0.19591306541547007,0.18938849810323344,0.18038877112472324,0.19172003517497807,0.17175745644033494,0.1816573188579732,0.19671370129795496,0.20088214634886054,0.18303279008965018,0.1835424818876376,0.17760463684013666,0.18782141150111265,0.179021008763332,0.18517246163215592,0.19093493601334915,0.18512735661446716,0.18305436952863888,0.1848605751894372,0.19337316254110973,0.2022847718566983,0.21399345961452754,0.2022230051657949,0.20120700659269317,0.19409417415828337,0.18130095844778574,0.19612401706413257,0.20169630398986213,0.20821111026643127,0.20189500296468255,0.21573434973203032,0.21847945309866604,0.22350291926157162,0.210733606623666,0.22146775333348792,0.22618473945667578,0.21353939109314418,0.22365406703301077,0.2133091573072394,0.21778060502328747,0.21375801112734924,0.22963395195482947,0.22294143899858224,0.217833916572644,0.21570494433173934,0.21157088367892188,0.21754980582623692,0.21481870787821702,0.1923513771461917,0.2132228284161404,0.19204362717465093,0.2079144147007711,0.2100849782174804,0.211741165858749,0.21957783565884884,0.21437320453270275,0.21941342664963634,0.21072919105816998,0.21590654114475508,0.2341279163032277,0.23862173549320245,0.2437244505532111,0.22269081259067192,0.23909373698315187,0.22632790322600957,0.22471988295915085,0.2279253340609613,0.22418208293901334,0.23144260027581814,0.2266483699657856,0.23623459635969418,0.22836387303471303,0.22352613048225875,0.23199915335323582,0.2230710954488347,0.22272517046539647,0.22085793131888098,0.2173376665807229,0.22262385560911677,0.21786958191029368,0.21377883203252415,0.21357066503358438,0.21654457100837163,0.21210148051588978,0.21685448066222338,0.22148065540248124,0.22317775263993367,0.2146124438451856,0.2126463340370782,0.2045135088512374,0.21236317022315493,0.20645875304911418,0.20760360945088552,0.21571512649133237,0.21306043040120304,0.21885214119536406,0.20888709009930456,0.21282262717083444,0.20593658184290617,0.21260888016055252,0.21549887138154727,0.2214713739963504,0.21242400857925164,0.21015077696075102,0.20849109007006086,0.20857132494707822,0.21224291415461552,0.20471190511863466,0.21353914524697631,0.21001712066181694,0.20455641322985357,0.20390218046035574,0.19656185408143564,0.20732548977005272,0.2047790858774572,0.20148341350178317,0.20891705732134436,0.21526077523492668,0.2118930440114756,0.21754765185105882,0.2232969031553891,0.21369703673983295,0.21897145291411566,0.22434340130831767,0.2231501072980809,0.21632638853319,0.229233824414397,0.217648260241486,0.2217064356955966,0.21178378219613928,0.23324057317313,0.22615208705127504,0.24075133276751495,0.22645926842728403,0.21866737929156144,0.20124451855374628,0.2173957251967631,0.21405397641474552,0.2105518201001024,0.22586211988377677,0.21459371586898435,0.20057859736979367,0.20712675440308312,0.20886102259370404,0.20385861531817567,0.22286019182607733,0.2261571382316007,0.23058268925719605,0.22568791273318212,0.21901653306990887,0.2134236780134309,0.21982505981354838,0.21815616978576727,0.2225258660778673,0.22670160768746403,0.22508393549551017,0.21145390020948598,0.22782978483181762,0.21883299285733948,0.23292773306551026,0.21893596008253238,0.2290109772484425,0.231932441642369,0.21516800837925326,0.21059560330917076,0.2141960708509352,0.2160373293992863,0.21257466336657188,0.2102061896754027,0.2224544511068422,0.21903529398978663,0.2111888085181171,0.2117933403553452,0.21673737044089442,0.20756130855063581,0.1969069929793265,0.20277001813273623,0.19848886575179506,0.19906217272533155,0.19563873679724247,0.1921355376550451,0.2040566769894921,0.2079896384587988,0.21637904515907563,0.214567282061606,0.21306342301982262,0.20996697916479148,0.20348054866844814,0.20445874937888645,0.1902299527346642,0.20730229017746735,0.19665383947227644,0.19641114616877461,0.18982604527751035,0.18293836782769776,0.1794571639088966,0.1903999368474099,0.18271908005211793,0.17120147418947498,0.1753512233040781,0.17813518124939767,0.174340103710307,0.17226684505710269,0.1633766926191234,0.17385340461469878,0.17028123840041703,0.17428615947275586,0.1736490853007951,0.1662191281401942,0.16436388577694075,0.17334443350290968,0.16128251979066163,0.16750138407820914,0.16859286851363844,0.1662664024718573,0.17052458449879995,0.16178561345407452,0.16230941034447538,0.1611526309044029,0.15798687180667767,0.15978267955475764,0.15877583303821452,0.16730006126487296,0.15887501332984294
249,0.2462971576685869,0.24155526059560675,0.26834839370107666,0.25334538646606863,0.2528040341670372,0.24848186612840054,0.23812061744305058,0.2446383280797604,0.22694300439943374,0.2226901972740675,0.20898605118116975,0.20266611855370636,0.2054474711943778,0.21036815594197578,0.20407824460508978,0.2060638928363589,0.1924356362052165,0.19306137724564368,0.18584509360019197,0.1893478159170273,0.20000749474912768,0.20311677388637034,0.1916225432918363,0.18372286108797767,0.190913438635097,0.19152611529368244,0.18361586376400532,0.18679214100534203,0.1982573925010428,0.19364759158919986,0.19519988164221755,0.19102279708101888,0.18854190898713466,0.17931841852166225,0.1755225824425962,0.1857206093849547,0.19182194930424182,0.17766423082036156,0.1792538532266468,0.185009274459081,0.18994414017401304,0.17595159173229485,0.18647327571534228,0.18070031099256717,0.19288315446465523,0.18463154334649315,0.1785354242962085,0.18210266434241779,0.1917980997235034,0.1911735478577865,0.19380791080279242,0.17905048428370107,0.19668932956639285,0.20039188476321032,0.20002199289357828,0.20541260960950358,0.19197735331347793,0.18293921029195498,0.18823110857738742,0.2027177746199508,0.20121252915982876,0.20998332097976855,0.20481218934602086,0.21510935596511296,0.21078902741132885,0.22013287214224,0.20227036585924071,0.216594238488658,0.2133568053892829,0.21314664446234421,0.2069697618761692,0.22184186109190532,0.2256024439258679,0.2361864616662629,0.22585650323271086,0.21061272147953264,0.21085732858051381,0.20833977941237175,0.21546592592209793,0.2308196616102894,0.21994667449240013,0.20412989867699055,0.20679879317619154,0.20826716245200527,0.21617302506743521,0.21798113019748516,0.21206461090188844,0.2165094715472922,0.21207169132385784,0.22640989327835784,0.21358246771081196,0.21650558303665435,0.22632774688428678,0.2296553673978012,0.23229566218525968,0.22311861222549617,0.22417898577047415,0.22235663853922596,0.2412762642861152,0.2336153095157145,0.22088875124641344,0.23594251260217824,0.22674603421809086,0.22842398299905628,0.23666585252034983,0.2376183084971301,0.23390747456125,0.22865310327917646,0.22837049855417216,0.22867985069942207,0.22310653943675668,0.22033916535942438,0.21252758144694373,0.2084689120861305,0.2241269081291779,0.22279862178602197,0.22513017036582866,0.22690679418690993,0.22821474455783589,0.21356712435760103,0.21904260714921028,0.21301235802769988,0.21680909668812304,0.20823968588556296,0.20141941023502746,0.21825504938249418,0.22048629513147563,0.2149546280157659,0.21236708213334532,0.20705417883509825,0.21236708213334532,0.21612544475583753,0.21265309112508107,0.2145057310872103,0.22638956239747476,0.22135029239443146,0.2141706723158783,0.2081340331895945,0.20983836804485723,0.2143861869357289,0.20951426610598242,0.21705705186792593,0.21220738810237694,0.21059143308750805,0.20262372262609296,0.19764116264134904,0.1943097531282207,0.20312062304162778,0.19747553996155512,0.20028998314299595,0.1981798749323786,0.2079952897188962,0.1993001703913532,0.22399627696532481,0.22582239027872153,0.21781340287042744,0.21673861808508108,0.22569352519170102,0.21745329861702306,0.21513565840641335,0.2189681756360196,0.2264236567570749,0.22393960096001897,0.2223915593456112,0.21426069040936654,0.23134499060205474,0.21769722845987136,0.2087198240578052,0.21916177038491222,0.2092235178608986,0.1960179892975049,0.1964372836304171,0.20605445090768976,0.20541960983297006,0.2175753546002612,0.22753289889151712,0.21400055516152272,0.2068154122404012,0.22254625992506163,0.212773138662522,0.23122665681922103,0.21972056139962348,0.22691855011597423,0.21079087178615247,0.2128792345729434,0.21007477158224963,0.21344584248495815,0.20817520452021554,0.2143111664142172,0.21706929712545361,0.2203107556091647,0.21132977954973367,0.2303843637151446,0.22503138855380003,0.22317379575461072,0.21535735073038778,0.21324443191356018,0.21747873590468056,0.21062761008474468,0.21091074220821568,0.22013936023362599,0.22485751149282063,0.2150711216170315,0.20424879358019954,0.20678622262226024,0.2257574547055102,0.2029507824398677,0.20423393263367534,0.2068223650245133,0.19678197724387303,0.2101037481112392,0.19552087403992463,0.18939421087842864,0.20038941618480396,0.19535911536001527,0.2102406061466703,0.2092048266036631,0.21342122089667784,0.2044330932787929,0.21098860465795075,0.2018370732298972,0.1953304812180793,0.19650400216206623,0.19530080797390365,0.1901727996267176,0.20178279807484842,0.19657114166095518,0.19228163219106223,0.18489429031418206,0.18654619709509224,0.1877065813156745,0.1950751502103574,0.18320874510087484,0.18604979678725336,0.17628720818004903,0.17289415045736856,0.16853600688882375,0.17264110218704448,0.1797995084125279,0.16701589301051692,0.1693934058113136,0.17634485771855116,0.16187951703101647,0.1664745693125755,0.1650849946527085,0.17269254904626216,0.1698244434532028,0.1643162821732088,0.16296479700451022,0.16121290355852147,0.16609876372323182,0.15758831068564824,0.15693976573517265,0.16271163159548385,0.16305056197610523,0.15357976545336316
250,0.2552554361591432,0.24732516073803276,0.25121235798258673,0.24482479526553924,0.2661987427613205,0.2519022229420941,0.2494992244563009,0.2359381664205096,0.2160833479007464,0.2244979088510437,0.21529512695386585,0.2182892757769353,0.2127976854840389,0.20703649179955974,0.20255216987548888,0.19521230073691598,0.19495343873346008,0.18730255429260173,0.19270851288171725,0.19209041729448587,0.19520952289035046,0.20558456247771342,0.19169222573529884,0.18455142376046688,0.1818471085625689,0.1883391473726269,0.1968886948030778,0.1886850103493881,0.1867377406713901,0.19435839319739667,0.20083456502237038,0.1905187397224599,0.18937951500375405,0.18074362988750292,0.190303335344413,0.18813972288161832,0.1805449727246701,0.1834414607348012,0.17275622283220232,0.19108909341187155,0.18466096467529872,0.18191972883682458,0.18909376105382125,0.19316894148555308,0.18933504185680905,0.18308893564930867,0.17947881770165391,0.17643819247920556,0.1784944019277637,0.18003796691143573,0.19420946863093425,0.19389267395652865,0.19239930548212478,0.19982145087637201,0.197087744771747,0.2017022765568203,0.193700124562314,0.19188896482885434,0.19265984209486903,0.1949215247776089,0.1976116843950778,0.20698086614991962,0.19749385629751245,0.22562732785479978,0.2076275598836304,0.21916964288885973,0.20955035456076895,0.23407832440673912,0.23931140691415478,0.23198991191549878,0.21085965907471196,0.22166539546067704,0.22471305289913385,0.23018859387142587,0.23644579780987737,0.23187429152179234,0.2178558367708026,0.22182291085915398,0.2217862919506776,0.23159821082730425,0.22001829760655137,0.22385974256845798,0.22554634826804107,0.2198918332359198,0.22735881655207618,0.22027200250034643,0.22119754369335545,0.23005580696247957,0.20510837789313371,0.21050431373902648,0.20769416712651195,0.205442835255895,0.22908381134190595,0.22384330012254794,0.23621653790131691,0.2202522227823321,0.22095813724785549,0.22782931269458712,0.22973565342393856,0.2395721883972618,0.21493433596941858,0.2236436646280132,0.21904553248134742,0.22647287846554487,0.23674651786731932,0.22009901551814837,0.2251979848611917,0.2383484324275573,0.22140865820572142,0.2344824266763269,0.2244886043841741,0.22815537260505114,0.2173379668440131,0.21541666598100673,0.22259079469528012,0.2131159724015443,0.20845571202529964,0.21817802193691696,0.22927151460215686,0.23512699853768076,0.21865806473536695,0.21755701929375978,0.2183050086513628,0.21377543557623777,0.21568790891513234,0.1984394935613736,0.20293874485401783,0.20581588933985923,0.2200980019270581,0.2060232339423113,0.20942865326693866,0.21318409489826387,0.21016621362015173,0.20736492548662785,0.21395369934002798,0.22761155195325108,0.21507924337113954,0.22120233141113577,0.22015563199142277,0.21440780956485886,0.22228092735925353,0.21134861199456495,0.22076509067044137,0.2103366244785387,0.20598097048282102,0.20152966362125882,0.19833336484015426,0.1955560831195257,0.18802270656044465,0.19141690945684603,0.19599976019542054,0.20030509212458147,0.20051552791178517,0.2036342521528961,0.2259658450039085,0.2192365705910045,0.2219845761444941,0.21262821826646475,0.2177047475856169,0.21986829063223443,0.21410110068976101,0.20889598842437385,0.21569997759902818,0.22341539707581418,0.21161292976113277,0.22389907532438846,0.22725241126168222,0.2200350163998591,0.21086402882075878,0.20376901682047718,0.20304298990902914,0.1959671560399307,0.19597702922405935,0.20633276592189836,0.21404106341388146,0.21504660964582117,0.21463231013386375,0.2104927296299101,0.2106747076839424,0.21003012942832747,0.21778571995877452,0.21717013434006477,0.23257439505763924,0.2260772178367691,0.20713300224071143,0.22413588794929504,0.2273277743492368,0.2286024602398753,0.2037849278610649,0.20702505085633421,0.21203541276280097,0.22195329667986347,0.22075817748515278,0.21925116011026,0.21782739611555724,0.19815269345524086,0.20983831972779307,0.2161154920404628,0.20725928710059763,0.20777969287944603,0.21128705996667502,0.205112864597393,0.213226510675732,0.20826994387718722,0.21231251749456614,0.21710268770458596,0.21712868392631887,0.21182328554446314,0.19652661324814807,0.20443714155037576,0.20274723959443078,0.19070658971203056,0.2013095509095434,0.2043987803358953,0.21524555912580018,0.20201311712898168,0.2048402041529662,0.20351702241168934,0.20055576022266416,0.19994046462766488,0.21251989858921252,0.19193050234691758,0.1996989939621686,0.1890669855744543,0.19893333803077115,0.2111241917665366,0.19703235581060882,0.20002404703588547,0.19830240439025246,0.18837501504126608,0.18807557575621148,0.18970776171358392,0.18230929011803393,0.1853638324343018,0.17481822244178896,0.1797339421892427,0.18102080838802925,0.1975527820313348,0.18038627897896642,0.17660870254451658,0.17533995873086436,0.16564716215240488,0.15730118705929663,0.16005653102270334,0.1674715731888157,0.16764681229863324,0.16296509719703653,0.16145239806100908,0.16311026751401855,0.16156556362702026,0.15844261443070687,0.16326079237994617,0.15883324180839883,0.15750995230643858,0.1685552561854727,0.16484572920589077
251,0.26250888057097094,0.2641222571295295,0.26166582193391996,0.2508783588351491,0.2641605742388927,0.2486044510234571,0.24756503110610373,0.23915733207870668,0.23549907194493575,0.21611668634210762,0.22775750676834708,0.2197218768093131,0.21924378950513998,0.20826064063517644,0.21041630987607185,0.2119634599337417,0.1999879276049543,0.1948080055268618,0.18591036349076875,0.18815969481755404,0.19139941233381338,0.1925636458774565,0.1906031615326114,0.19479611899626234,0.1809389642694638,0.18474776789761926,0.1893229225554528,0.18562621102209684,0.18093517300019119,0.19050343020981633,0.18926647775932898,0.18066769343391675,0.18852610717943002,0.19287795821509862,0.18622788028758716,0.1888977130369751,0.18475925398598025,0.1795357333491299,0.17052344582523954,0.18847541142005259,0.18257966252284924,0.18925754402568912,0.17593040400240012,0.194362510487004,0.19256772514712367,0.19291988750272476,0.18865342751157696,0.18611509571620466,0.18504224976626618,0.1765678789442855,0.1846610497148352,0.18553250144563851,0.200777730103848,0.20198022423000614,0.19935387187488207,0.20331042115677014,0.18643562371683453,0.1973628464024791,0.19488405162645714,0.19410011826338247,0.19069908093948215,0.20086960705756723,0.2047046462019866,0.2031597688370592,0.2169173049583212,0.20246722943096296,0.2107412734296946,0.22038285249706294,0.2138979390124099,0.22917086289734898,0.2146997802863777,0.21404052128202994,0.23538609276775047,0.223661328404428,0.22617239660572006,0.22031613288796104,0.23395993929176945,0.2206793011710236,0.23918536333881177,0.22512586784153615,0.228148333061711,0.23127899953564968,0.22250014585034333,0.2332250527634237,0.2251426118625792,0.228835237138056,0.22138423954434702,0.22216262589404143,0.21758251881469237,0.21027192954835153,0.21292673759249686,0.21838821570414357,0.2169483242973338,0.22365380954189865,0.22368512263493256,0.23533818515234378,0.22796721834351086,0.22056479773866833,0.2277159231834757,0.22485911653456647,0.2295958321205517,0.22592198749967138,0.21937215421429046,0.23536224612940157,0.225310068703404,0.2268716867711699,0.22667644869603557,0.24106185822686688,0.2381501722688683,0.22617765655689043,0.22458626880974672,0.22812900170175954,0.22694692360011648,0.2204087339805048,0.21056015905712622,0.2215356888708916,0.21463616499991145,0.20254918031453095,0.2141882783587452,0.23530003945590916,0.23317742390643767,0.2246879076491135,0.22856166969169653,0.22190720328169602,0.21232434842102355,0.217732470339557,0.21319729983177388,0.2052941622796469,0.22047431400944115,0.22781394253916312,0.20816863765041302,0.20827397221399654,0.20877135021749635,0.20239530319271315,0.21832622218123077,0.2264502998070307,0.2313235241295261,0.21519233598847512,0.22693401662145615,0.23853933269682878,0.22420856547700949,0.21515423551444066,0.2126014880834857,0.21317786088302346,0.22176734646476778,0.205399508480959,0.19551489092762117,0.18763584180999518,0.1912999691540621,0.20068124191797673,0.1843539299167503,0.18972676425972923,0.20247760726494257,0.2053894348962638,0.21062678560676654,0.20906156638250833,0.1976037171954365,0.20625021027901705,0.2037831635558669,0.21493695897979304,0.2038784719816815,0.20177823089165836,0.19886841848788536,0.2230121886994671,0.21567077552382136,0.21525115971839962,0.20120726603876263,0.19722297699457758,0.187200239487261,0.20658890798521642,0.1904206310209888,0.19564703471974734,0.18616399922092092,0.20409731434332076,0.20138649344219361,0.20803269726959064,0.21088801548399574,0.21674889894659474,0.22085396470989505,0.21441906604308852,0.21532284034344565,0.22408387191700088,0.21563527152413994,0.22558608125131288,0.21680719965512496,0.2155481997525824,0.20544993112258444,0.2059136799083307,0.22266820082228309,0.20929468516852906,0.21540079407923257,0.2066278705503329,0.20784352530097064,0.21366412075474542,0.2159356259798051,0.20550372576247508,0.21508840547408356,0.21422448132447028,0.2040492439734881,0.20474792069322156,0.20772941592574062,0.21036491055012427,0.2100038709250079,0.2132944229415778,0.21132973088925927,0.2066197824783065,0.20903793186008493,0.21154618611044257,0.21248187987210423,0.19860416865750408,0.20560132066928835,0.19970825043233256,0.20570024075474322,0.2085563415847141,0.20784520032863082,0.2196216752642977,0.20038735367625743,0.20606308622253627,0.20037275061563414,0.19765157527404217,0.21300220535269732,0.19757742453101373,0.19781157460437943,0.18981472496795523,0.20133186659466776,0.19537233184144984,0.19493669559878113,0.1973706175606611,0.19300572882808392,0.1819992507097665,0.1853194062136538,0.18617034347407288,0.1932617910331357,0.18109172264472362,0.19419963083590974,0.1968890665528671,0.18212786642968412,0.1849794994834361,0.18803192837197602,0.17602287091003285,0.1693944589299611,0.16803443885075547,0.16776590347006937,0.1653839270266664,0.16005958996532732,0.16428457931575285,0.1668095074533902,0.15227373488530488,0.1638380234585715,0.15205545321287695,0.15882687828512237,0.16649289310593549,0.15780254386534534,0.1525390368945149,0.15664156013059083,0.17189620945136905
252,0.2744580668154838,0.2655681572104325,0.24943712947026214,0.2460360805910097,0.23822739401993911,0.24889438549537513,0.25167843225603875,0.24543195116377456,0.2372718410114847,0.22106770364296333,0.2169324394440191,0.20588144133594005,0.20477111732302974,0.21192471120206663,0.21504497561374097,0.20704602640189487,0.21223079455787658,0.20537959825748073,0.19699593744402746,0.19216341140748416,0.18718286920062607,0.19360866929929008,0.18978299673322088,0.19802613447253853,0.1903970433498248,0.18180432057258195,0.186065005448683,0.1812167344106969,0.20241710536294907,0.20187531623860472,0.20286056932884808,0.18367942027109882,0.18476044517675141,0.18415346717176437,0.17985669141029403,0.1833499095284939,0.19949235353420694,0.17809945890160594,0.1779854086305481,0.17751726576795135,0.1854165517054885,0.1797766154672428,0.1864215866621612,0.1961436261793357,0.18953032180550577,0.19378881184988447,0.18348683098468,0.18722347422657296,0.17560921437745522,0.1726947758406378,0.17573218137841798,0.17905324657414762,0.18855502028342544,0.1937815386781357,0.19348366265073497,0.1971702286172301,0.20070222632376095,0.18621900422442134,0.19912226834977959,0.19651850879549196,0.19543217257262036,0.1964860898026207,0.20677403372394287,0.20483223322024746,0.20817304749633878,0.19820337255235718,0.1952283437989123,0.20917833412589948,0.21680849762327778,0.21401760514598714,0.21886710829976747,0.2262240119102629,0.24617542706159784,0.22731432229957077,0.22806161740556805,0.23391038297539749,0.2261534409648312,0.23112456139099594,0.2367007314591601,0.24190174431410974,0.23026901328867225,0.23779843931934752,0.23640926893806605,0.23938597354780028,0.22744825016133244,0.2360438013028495,0.23499368954206212,0.22684144232732992,0.2220108502117906,0.21201627502695267,0.22085543946645475,0.21905506530025465,0.21426078908008364,0.21660097140327786,0.21542331268727896,0.2217455943448922,0.22693605451665297,0.24119899838560246,0.23086526726315756,0.22451879361417382,0.22486450127443755,0.22645947700407434,0.21069323918299504,0.22481505970922044,0.21603832429024555,0.23695473963388777,0.2268505831416569,0.21725380927481128,0.23457336611696925,0.2424290725344655,0.24135238789297114,0.22640984114555934,0.2217726061004546,0.21192168578064094,0.22792785319876988,0.23669495427976026,0.2101037481112392,0.20690919926510964,0.21536389642771867,0.2143719211439271,0.21459425940199306,0.22388860997151314,0.2300093549394365,0.22340798936395934,0.24072378312754597,0.23052976098732025,0.2274457886955855,0.2184744727868657,0.22543310872482614,0.22167759443844148,0.2259151729221811,0.21552785167215344,0.20723361360144163,0.20675237163495647,0.20924095811705293,0.2145412467095801,0.22666501845855583,0.2307221021545558,0.22106917982676882,0.21776666492664223,0.21044126318067294,0.2166933581500143,0.2080002706178111,0.20163780912060933,0.21029129720066927,0.21018658787502545,0.22063022099450535,0.2058302492713281,0.20757851465645757,0.1990338115781221,0.18781358387067,0.1844659445565267,0.1931826859213902,0.19861797511489115,0.20466199348326555,0.20031780835034832,0.20376652071570264,0.20864332733066993,0.2052020995505588,0.20965677448298783,0.20793059676382525,0.20071683953137195,0.21072113652866453,0.21274041397173687,0.22182132748980876,0.20943723708869783,0.20016234944671413,0.19558886658035465,0.19420933447583233,0.19765315906169414,0.20405042327717196,0.18959286963319424,0.18763104614411677,0.20350730824915153,0.19428362586406633,0.21273625026278298,0.20753354281582523,0.22250695988408367,0.2230428983852644,0.21418245883431047,0.21792286506212535,0.20961642025281427,0.22147932946350593,0.21056355291326134,0.2112755300787776,0.20608927906112973,0.21257206918477087,0.2133677119108676,0.21372690660279434,0.21255077851147208,0.214959082623822,0.22236872195145238,0.2229090494945168,0.2215316080702792,0.2252162381217108,0.2184924326265189,0.2085659942044194,0.20876649506458417,0.21012813212672035,0.19492614771342068,0.20194342141698396,0.20831421190157606,0.20625467446872936,0.2197051818091097,0.2121951239550143,0.20770994943138918,0.19317080960387167,0.20405154150767757,0.20672490451323047,0.19942701829066328,0.21827133263655363,0.20844904031255806,0.20655156980942793,0.20439487401487078,0.20649379218013997,0.21574413586392807,0.20489011207149674,0.21845661502645766,0.20871722886009986,0.21488450485380406,0.20574699456309586,0.19579695344559161,0.19401870432493165,0.20211202342902038,0.20318246272617588,0.19824487097758714,0.20233873010612058,0.1892182406070715,0.1947441407675259,0.19149145542321358,0.1914795948980635,0.18847029051768346,0.17853476654860964,0.1903996738003579,0.1888765320106426,0.19408148209207832,0.18713520617399576,0.18827475884495862,0.17750271491382835,0.18585048552259922,0.17214669927578582,0.1762574976109788,0.16826434527972028,0.16623015123586027,0.16677505786140917,0.15913507018225423,0.16563060949530622,0.16235792790795764,0.1515772417681112,0.16145552085744314,0.15185916235180402,0.15828399387618006,0.1560267276040755,0.15562773614920256,0.1674197542089316,0.16843405333793213
253,0.2748520623254767,0.27110716777488914,0.2800096508166296,0.25267716760038333,0.25266436808962967,0.24393448453238517,0.24556219118806505,0.22900501864089745,0.21804413027242092,0.22683036937705428,0.23431959066431524,0.22902331680480903,0.2230218941464803,0.21698404448903658,0.2141482353392501,0.22363037909157943,0.21161824092665812,0.20247800355396248,0.19922578282981854,0.19521640914556135,0.1956807165460558,0.19492403820483814,0.1902326684821003,0.2067284269556979,0.18612002405867223,0.1939536245574658,0.19822489204366572,0.1942256573601706,0.18743172406469383,0.20181910226210184,0.18766651968954173,0.19516356830187045,0.18427418538317847,0.17716874141142686,0.18284799395131726,0.17817989554440375,0.18806544242480833,0.19308364999679467,0.18323194852500554,0.18100351135815196,0.17360143069893844,0.17672512601095083,0.19066970735433478,0.19051751140671147,0.1917128396473818,0.18132007916448753,0.1849827791815031,0.17638599528388538,0.1761835270673354,0.17800557323891766,0.1767556886939049,0.17974089504901472,0.1836079154624081,0.18386628445656103,0.19395590220393483,0.19902303741806762,0.19345524103471237,0.19696870972330194,0.20364654200466306,0.19198544289262565,0.1989701695394022,0.19057397824707353,0.20635039283844772,0.20703448958885445,0.21223377552354084,0.19889341744538983,0.21268590032892593,0.19699139696126572,0.20985155901950986,0.2205721619652262,0.21199806648921174,0.2337568789163627,0.2362814351198815,0.23547689469214542,0.2258442822986446,0.23075227954102415,0.2299688428750331,0.2185396785815017,0.22954170331467247,0.24884745298972544,0.23932948154069053,0.2385386735892055,0.23943261016620326,0.24113286155155067,0.22899948202063508,0.22815558274401185,0.22925984792950496,0.24041380387653713,0.20855086716312046,0.22746108163754336,0.2158562361159304,0.2239276899930948,0.2059236369582276,0.23992555052815834,0.22048238596501615,0.2349804872445561,0.2454306513729266,0.24543319444841824,0.23140364737400476,0.24341509118267343,0.24793754691734857,0.23624634597749689,0.21299224933461638,0.22463602212922507,0.22054849573932891,0.2282114865811047,0.23648064431783758,0.2226685597213083,0.23032713207600156,0.2299634418055987,0.2271937604870432,0.23521380096373704,0.2319158868635533,0.22546908376385524,0.23841089604790117,0.23724223130682814,0.21672569283951915,0.21804483316478343,0.21472178063434494,0.22646291854885006,0.20599500990713215,0.21487188808284174,0.2192282918492258,0.23399048629409006,0.22960751589091005,0.24071574610029361,0.22329453803136037,0.2258079354288747,0.2389781528586764,0.23772748727851142,0.22681647672286995,0.2281145567820369,0.22428405529241066,0.21458585950017017,0.21619945756860212,0.21800587626299034,0.21136603471690465,0.21680515287497987,0.2326194368469909,0.21565994990870965,0.21446745588076963,0.2105988037678486,0.2180332859345573,0.22009556932748556,0.20585631771347665,0.2027686921546439,0.20603044473611165,0.20983329481385457,0.19902568163898757,0.18792882569268252,0.18670037918758162,0.1896636045269837,0.19456046698962942,0.19030188932415057,0.20506342181286702,0.1917971722997105,0.20241015619053188,0.20349539696637595,0.20447668702346422,0.2028277019027424,0.19626513167439674,0.21528025540701926,0.2138749888953211,0.2074435805962134,0.21433529844096716,0.20491658046607383,0.1893261048868149,0.19899260620152825,0.19458846850638825,0.18787041728605108,0.18283641618358773,0.17943200085593475,0.18079990585654543,0.18083492067953297,0.1893708375598436,0.19468325553620153,0.19953905913260675,0.21421915407365905,0.22146576454386285,0.2172833757886259,0.21555291482583225,0.22988349963461638,0.22306837317249664,0.21796135544252268,0.22861604115999307,0.2232894993723988,0.22604603832133724,0.21968499773023947,0.22423587725735644,0.21799021514062664,0.22359680830749326,0.22585327892205762,0.22721139075202143,0.22336658272117596,0.22248964342507827,0.2363702965147216,0.21458012799118023,0.21499368322263238,0.21937897348148155,0.2070770645733377,0.21283835810708918,0.20817879960967792,0.21208741558908048,0.20846204795018533,0.20975624510029298,0.21402652489868432,0.2061467536380777,0.21635971465342888,0.2053476797179151,0.2011057092095201,0.20756140413617277,0.19702091423826337,0.1929601819614752,0.21452138884969946,0.21199494239327007,0.2029447822495965,0.21624645666235504,0.2002167096839732,0.2154441965838998,0.20957298538552432,0.20642433776530178,0.1962840317602673,0.19378229721704016,0.2021932578905281,0.20295017026279635,0.208146254329594,0.1989375201711006,0.19856058331900234,0.1871912308743784,0.19733472736477412,0.18079986422583338,0.18857169291729592,0.18121619196447214,0.1892961582141024,0.17968370749342508,0.18043729175490214,0.1792971969273517,0.18752362943822318,0.18157585590575293,0.1857200962206557,0.17545821224875627,0.17351702781098183,0.16933440262449734,0.16199268357235957,0.1654833865599729,0.16166730549478717,0.16575956562784439,0.16233411585874605,0.15570408259018376,0.15301076976501388,0.15262265352277984,0.15208136434620093,0.15664011741514958,0.15609068984840943,0.16740857513349786,0.16680094239748913
254,0.2690506217523091,0.2875305532552163,0.2758766857862539,0.2530958359482953,0.26684311391983606,0.25140563052792575,0.2504656654768937,0.21814321023358527,0.2273360972221472,0.24220421680899668,0.23319578698088222,0.2221674345005764,0.2236004637771849,0.2076475924071744,0.2143539051509747,0.20492191230329607,0.205504435548424,0.20602612771740036,0.20583446739535552,0.19944514548366024,0.201305300362576,0.19429324422563127,0.19555712778240664,0.20863189367140048,0.20285969584676683,0.19162686736729753,0.19463843322055407,0.19281925476238784,0.19357332055208132,0.1991102015600677,0.20325258138217225,0.1928378585366793,0.18461713200740215,0.18569337087343094,0.17774066471053063,0.18039338168514119,0.18152615135021277,0.1871748095902879,0.17538429445742737,0.17356054292437842,0.1808467048380073,0.16988733356048713,0.1747394643168396,0.18692694145565414,0.18311532832506247,0.18409127261822456,0.17140611044572285,0.180887309851142,0.1694418170306828,0.17389712420950126,0.16950089667418913,0.17982182459501692,0.18634558170774163,0.18722002547449074,0.18305289429066468,0.18326270813803466,0.18709462029162358,0.18644013125214773,0.19448647278022416,0.19515310699902474,0.19591469391671765,0.19645894159756702,0.19572040690855436,0.20194986165765383,0.20346302635314065,0.20349477846089875,0.2139375904027158,0.2112121026243818,0.20820281639990693,0.22355948474879958,0.21980142313660506,0.23547364148109307,0.23514968428872784,0.2243087938031968,0.228938166311592,0.23670040444524051,0.21629481066940906,0.21750122133896155,0.22214692191473662,0.23434802618952572,0.23865640810828645,0.2545516989575162,0.2434898151616907,0.2428755516309282,0.24563599060863475,0.24156794232365422,0.2249941363706427,0.24707824051849278,0.2275153484540677,0.23846673195713716,0.20948175322264773,0.22133148607948097,0.22057642825033008,0.21394635903162573,0.22173099200604887,0.2396365728926173,0.2380176702807366,0.23950726971394415,0.2457667350366082,0.23897688724670343,0.23677650186105562,0.2351901883981006,0.21700782790555018,0.23221715499284312,0.2247485507781456,0.22351079330796936,0.21329501229666245,0.22497009929282463,0.2167871819765502,0.22441464759050853,0.23066898254310725,0.2403626591500127,0.23287844900854357,0.2320552509025254,0.23539991408447394,0.24123460094901256,0.220562969417071,0.21781164750886994,0.21525909001026597,0.21618437422004047,0.22173921208549105,0.22053514017057974,0.2198366513183937,0.22684144232732992,0.24024646159559324,0.22843061026248526,0.22555128204876637,0.2518854027408848,0.23667511673715624,0.23115942206977616,0.23339115863453408,0.23130717259505423,0.22496678403535156,0.22929284344793302,0.2208462859641794,0.22982739789152912,0.22572096588700433,0.22514033087003776,0.23923069391867766,0.2292365691488408,0.21634785813595175,0.21189260490034253,0.20075944666255197,0.19808828409079096,0.211222169974769,0.2034878344602561,0.21011942322491475,0.2161490345217121,0.2042757905972868,0.19531987154859987,0.18841635590443995,0.19386187105128333,0.19382910927433944,0.19338865814595108,0.18130701173165897,0.19365610827657964,0.20588087246528067,0.2075070708585192,0.2188385860144341,0.20644140208533093,0.20374301097351016,0.20900602227423912,0.19272732785671154,0.20189368270859473,0.21404914626978974,0.2037406840741232,0.20526173712135692,0.19390584480807738,0.19585236039798154,0.18398096819874793,0.1831723005643217,0.1815898207776321,0.19237689018986312,0.18160596115905261,0.1812855547955542,0.19492839189654895,0.20021339961637566,0.19242451473097688,0.20239873788070362,0.23458314258565596,0.2216045126934375,0.22491959871407075,0.2234221362492667,0.2333048676682735,0.22622390773027937,0.2308968988518442,0.22821327320774623,0.21967756195808955,0.21947102907120708,0.21819922312700174,0.21540099247078692,0.21363189850650746,0.21812542977528873,0.22111784850838886,0.23455673085266973,0.2372795445108545,0.2155864692727809,0.22702809239475982,0.21733526448933557,0.20534418080197855,0.19471481663743964,0.19673671703562343,0.2113188312253402,0.20442283174021136,0.20802282983607043,0.20742753195876149,0.20982624081078194,0.2097658566544012,0.2056504669710866,0.20063032192122754,0.20609568542507398,0.212402390382843,0.1978009850247365,0.19960407162471333,0.19848966556903747,0.19621352500082803,0.20477408781298503,0.20998897805820638,0.20205774877908655,0.2182585672666072,0.2135472091488944,0.20685117871015557,0.20573860935963154,0.20901507004811365,0.20835335593270243,0.20180511975329543,0.2059369611924583,0.19979565900463253,0.20147771648871698,0.19194212562390273,0.1890574953391121,0.19325507162399203,0.20132019852968114,0.19377265953176798,0.18362571506207745,0.18022569128249666,0.17978841345656532,0.18764370523911975,0.18417564522531765,0.17571890974331358,0.1736874343628813,0.18085078575033212,0.17418177022033376,0.16593041523623006,0.16020781598864292,0.1686612054585918,0.17000464982493266,0.17062882495754947,0.16326128107910448,0.15517937558156547,0.15579481505647072,0.16863580883762097,0.15774005938843877,0.1545507083857898,0.16168204737489195,0.1715834121250373
255,0.2808581300542975,0.28141613882582545,0.2644472164314339,0.27086319691282523,0.2527382651072446,0.26025435166428396,0.2592041795160752,0.24023407050571619,0.23591073299643148,0.23511259774078108,0.23908735087781327,0.22622828333089504,0.22995634647579447,0.22428198956943443,0.21603996587034494,0.20689147697552487,0.20619887904159262,0.20309489635544675,0.2111093652789559,0.19507855949458733,0.2057522532548832,0.1962594873101519,0.1985920230612689,0.20362516536059388,0.19682834917144074,0.19441644608360764,0.19192851364380953,0.18916505020121957,0.1953480228428098,0.20293552062190298,0.20380973767426555,0.2063480171554309,0.19443372654338664,0.18517953959823172,0.18814817062183586,0.18324726439473865,0.17825129758767125,0.1842387167325215,0.18214074138748504,0.1834818033744632,0.18527247365030594,0.1808187655548408,0.18588001549084054,0.181638664463873,0.19139311023546732,0.19060583871940337,0.1741730271497935,0.18311123847607083,0.1767130000726854,0.17518713086181592,0.17553402042105498,0.1794993168286234,0.18399698217900223,0.1766875301737148,0.17669379559112508,0.17359403581321325,0.17713635345161388,0.18703703102504252,0.19701789743951645,0.2000434841350263,0.20715007744528158,0.19600149773170744,0.19673907719557637,0.20151488915475116,0.18993884816093196,0.2002117814834679,0.19818277262382628,0.19355295226352537,0.20091266297366758,0.204440060121479,0.2130626380666098,0.22457820174231685,0.2246176607334472,0.22135763187763302,0.23010793761824402,0.22140519150938573,0.22437450096396513,0.22361508625357546,0.22739185262364767,0.24050715444387474,0.22716655920130266,0.23321076845478345,0.2460959122724561,0.23730598963137275,0.2483372113533802,0.2510670964138997,0.2390172250472143,0.2555647785653858,0.23789263676765376,0.24062730110194572,0.22974067884486638,0.2209575267188034,0.22277322910028222,0.21234747440815546,0.2330797266023195,0.2220577832285531,0.23325566494246236,0.24681292561633109,0.2345280539950508,0.2450436766343044,0.24488128752058985,0.23321705129478962,0.22013920816679575,0.23586353324452594,0.23380101918192878,0.22902268399087303,0.23541536239884825,0.22200563604450513,0.22621250031233264,0.22202828277777764,0.23912627573725292,0.22990435603765155,0.22938303782384137,0.24264463875512213,0.24122632468936517,0.23570304873222,0.2331279796591619,0.2230081320504874,0.22777082770629875,0.2183214967141473,0.21520031366485295,0.2146334468179366,0.21708674156278066,0.22828632668469273,0.22944441984973077,0.23151162322452837,0.23084724716978366,0.2396847484427973,0.23976743650307156,0.23529483824910818,0.23464402512470234,0.24133071522408714,0.2391693372063593,0.24026034701366242,0.24321026447299313,0.22444198447457714,0.2314035408087115,0.22280016082969348,0.24120127545934522,0.23081971475848673,0.22731699170915118,0.21665025273489033,0.21334889605347657,0.21040720144580013,0.211027473775089,0.21281434561864002,0.19997979553065448,0.19776582257804745,0.2113428696242487,0.19831211668365367,0.1935107517128061,0.2035582975427346,0.19199843997942104,0.19126420515963183,0.19014994319176567,0.1865611026762528,0.19636377834019597,0.2050522787625469,0.20512505003680737,0.20773706910122025,0.21281664873985942,0.2133716914562121,0.21711878499800927,0.20083364939587997,0.2124129546564331,0.2108257723408529,0.18894556393305648,0.1975053571690662,0.20422946515545432,0.19744575453365842,0.1920252768845016,0.19609125678368097,0.18048079694006788,0.18300459735155214,0.1857476380419768,0.18808090246985237,0.18951042256818207,0.18766284672137457,0.20635139063347094,0.21313147964379578,0.23839376906820753,0.23211905831256696,0.22633905588086314,0.23072412094102537,0.22633175968936003,0.23144622413490118,0.23140242187609536,0.22699495236859518,0.21415075013614127,0.2217228743384663,0.218626247190341,0.21919775407262412,0.2080211533768913,0.2201436688374685,0.22594508576464079,0.24313971315435481,0.23644362007362887,0.21844600166893804,0.21818982803266435,0.20996127433362563,0.21208492502216417,0.19754302960003225,0.20788047476044752,0.2021687798499308,0.19545689709290978,0.21276138070923467,0.20607774810785387,0.21231471741033375,0.20084860977601332,0.2142296113949061,0.20983508250983132,0.21301574236023815,0.20729589403855755,0.20334974868173689,0.21298396118192645,0.21656292071847633,0.20893673316426933,0.21351554533265427,0.20681774568298256,0.21862926764443186,0.2128651180715111,0.21118063916872867,0.19995432714800224,0.2119545773568278,0.19739741449696152,0.18968644617988825,0.20990964782657887,0.19376668083830428,0.19370364808141377,0.19384615899043675,0.1758909116998655,0.1790331281800651,0.19378524216092777,0.19448723407852433,0.19149220499781083,0.18116158011469893,0.18084254073668166,0.18413748197122357,0.17912108035805585,0.17686610021193122,0.18569473911779216,0.18035728954659033,0.1781653724235667,0.17208800504716845,0.17189343883415167,0.17100385462371503,0.1724063668559503,0.16475879234935245,0.16923056328523725,0.16042708783196002,0.1607205093153054,0.15651321047760253,0.1612552266459242,0.14828902168638217,0.15464290520947127,0.16305071215129172
